1	165.50
2	175.39
3	156.60
4	173.55
5	156.81
6	156.20
7	164.36
8	158.47
9	146.01
10	168.17
11	167.95
12	157.52
13	165.62
14	167.94
15	170.17
16	173.52
17	169.33
18	182.42
19	156.30
20	180.94
21	155.91
22	161.88
23	168.24
24	167.07
25	159.70
26	182.48
27	165.65
28	182.93
29	164.97
30	180.32
31	165.61
32	172.11
33	162.34
34	160.98
35	158.12
36	167.53
37	165.82
38	157.55
39	166.45
40	168.31
41	161.47
42	154.73
43	168.94
44	167.48
45	170.13
46	184.1
47	157.77
48	172.20
49	170.08
50	153.48
51	169.69
