1	-17.15
2	-48.78
3	-14.23
4	-32.1
5	-44.05
6	14.86
7	-31.24
8	-3.15000000000001
9	-39.66
10	-53.7
11	-38.13
12	12.83
13	-19.69
14	30.69
15	14.46
16	-5.80999999999997
17	7.94999999999999
18	-32.69
19	4.18000000000001
20	-50.83
21	13.1
22	-44.06
23	-30.52
24	56.19
25	-23.47
26	-92.77
27	-0.589999999999975
28	-52.34
29	-47.77
30	-79.13
31	44.42
32	-42.21
33	-9
34	-9.73000000000002
35	-47.99
36	8.81
37	11.82
38	7.86000000000001
39	-34.94
40	-7.25
41	-25.08
42	-29.08
43	-22.78
44	34.3
45	-5.97999999999999
46	-0.310000000000002
47	-28.14
48	-37.11
49	-65.73
50	-1.41
51	27.79
