1	280.08
2	282.54
3	283.09
4	282.79
5	283.01
6	282.45
7	283.87
8	282.28
9	284.42
10	282.45
11	276.41
12	284.56
13	283.11
14	283.27
15	282.13
16	283.07
17	284.68
18	283.47
19	282.75
20	279.57
21	281.58
22	283.12
23	283.35
24	283.35
25	284.71
26	283.45
27	282.64
28	283.49
29	282.56
30	284.16
31	276.9
32	281.38
33	280.95
34	286.48
35	279.69
36	284.09
37	282.54
38	281.74
39	283.78
40	282.01
41	281.38
42	283.11
43	285.22
44	282.06
45	280.77
46	282.21
47	275.61
48	281.88
49	284.53
50	282.05
51	283.99
