1	140.20
2	143.96
3	144.33
4	141.44
5	140.40
6	142.58
7	146.77
8	147.55
9	137.69
10	139.42
11	134.58
12	139.07
13	144.40
14	137.54
15	134.95
16	142.51
17	146.66
18	141.66
19	144.93
20	141.27
21	145.10
22	142.89
23	144.29
24	144.77
25	145.80
26	139.73
27	141.11
28	146.13
29	142.59
30	143.14
31	139.99
32	139.26
33	138.98
34	141.70
35	138.93
36	141.71
37	142.90
38	143.12
39	142.28
40	140.98
41	142.73
42	144.02
43	142.53
44	138.44
45	138.87
46	139.83
47	138.23
48	143.65
49	145.19
50	138.19
51	142.85
