1	156.26
2	153.60
3	177.07
4	175.63
5	172.94
6	137.97
7	167.26
8	151.12
9	151.62
10	144.70
11	147.39
12	153.56
13	141.97
14	156.62
15	160.92
16	175.96
17	158.52
18	158.89
19	169.31
20	156.93
21	168.79
22	160.58
23	153.74
24	174.62
25	179.71
26	166.86
27	163.32
28	143.38
29	139.54
30	121.77
31	132.71
32	160.03
33	168.26
34	154.71
35	141.60
36	166.29
37	162.47
38	169.86
39	169.36
40	180.11
41	174.04
42	159.63
43	135.47
44	144.46
45	172.50
46	172.61
47	160.67
48	155.47
49	151.48
50	150.96
51	159.42
