1 0.23
2 0.23
3 0.83
4 0.83
5 0.75
6 0.75
7 0.50
8 0.50
9 1.17
10 1.17
11 0.61
12 0.61
13 1.00
14 1.00
15 0.87
16 0.87
17 0.50
18 0.50
19 0.57
20 0.57
21 1.24
22 1.24
23 0.97
24 0.97
25 0.98
26 0.98
27 0.86
28 0.86
29 0.70
30 0.70
31 0.64
32 0.64
33 0.71
34 0.71
35 0.95
36 0.95
37 0.44
38 0.44
39 0.47
40 0.47
41 0.62
42 0.62
43 0.75
44 0.75
45 0.40
46 0.40
47 0.82
48 0.82
49 1.00
50 1.00
51 0.86
52 0.86
53 0.78
54 0.78
55 0.55
56 0.55
57 1.39
58 1.39
59 1.37
60 1.37
61 0.88
62 0.88
63 1.59
64 1.59
65 0.44
66 0.44
67 0.48
68 0.48
69 0.87
70 0.87
71 0.37
72 0.37
73 0.64
74 0.64
75 0.42
76 0.42
77 1.06
78 1.06
79 1.00
80 1.00
81 0.72
82 0.72
83 0.88
84 0.88
85 1.00
86 1.00
87 0.97
88 0.97
89 1.20
90 1.20
91 0.82
92 0.82
93 0.80
94 0.80
95 0.95
96 0.95
97 1.56
98 1.56
99 0.73
100 0.73
101 0.84
102 0.84
103 0.56
104 0.56
105 0.75
106 0.75
107 0.92
108 0.92
109 1.76
110 1.76
111 0.47
112 0.47
113 0.25
114 0.25
115 0.62
116 0.62
117 0.68
118 0.68
119 0.98
120 0.98
121 0.54
122 0.54
123 0.69
124 0.69
125 0.65
126 0.65
127 0.44
128 0.44
129 0.93
130 0.93
131 0.18
132 0.18
133 0.63
134 0.63
135 0.72
136 0.72
137 0.54
138 0.54
139 0.72
140 0.72
141 1.12
142 1.12
143 0.96
144 0.96
145 0.32
146 0.32
147 0.68
148 0.68
149 0.95
150 0.95
151 0.40
152 0.40
153 1.29
154 1.29
155 0.81
156 0.81
157 0.72
158 0.72
159 1.02
160 1.02
161 1.19
162 1.19
163 0.47
164 0.47
165 0.82
166 0.82
167 1.24
168 1.24
169 1.35
170 1.35
171 0.83
172 0.83
173 0.51
174 0.51
175 1.66
176 1.66
177 0.41
178 0.41
179 0.54
180 0.54
181 0.58
182 0.58
183 0.58
184 0.58
185 1.25
186 1.25
187 0.88
188 0.88
189 0.34
190 0.34
191 0.67
192 0.67
193 1.23
194 1.23
195 1.19
196 1.19
197 0.33
198 0.33
199 1.19
200 1.19
201 0.70
202 0.70
