1	273.33
2	272.13
3	260.58
4	282.1
5	300.59
6	283.29
7	249.9
8	251.62
9	253.47
10	286.82
11	281.19
12	257.13
13	284.06
14	266.26
15	277.66
16	250.45
17	268.63
18	270.83
19	256.31
20	273.18
21	276.93
22	273.97
23	283.75
24	291
25	303.62
26	256.73
27	289.21
28	285.53
29	269.33
30	289.48
31	259.14
32	298.84
33	292.16
34	294.12
35	287.34
36	267.86
37	272.02
38	299.99
39	291.4
40	281.72
41	295.85
42	298.72
43	258.07
44	253.78
45	291.01
46	290.51
47	277.41
48	266.69
49	263.96
50	294.5
51	281.11
52	283.51
53	292.44
54	259.95
55	274.29
56	259.16
57	288.14
58	290.69
59	249.11
60	289.47
61	273.66
62	279.28
63	262.88
64	286.55
65	286.28
66	283.17
67	279.26
68	266.12
69	255.69
70	270.18
71	260.86
72	310.71
73	301.07
74	293.5
75	281.45
76	294.15
77	271.43
78	300.28
79	249.44
80	270.33
81	262.04
82	281.19
83	275.02
84	283.24
85	290.89
86	265.06
87	265.72
88	263.19
89	277.42
90	268.92
91	261.65
92	290.26
93	286.4
94	274.68
95	283.14
96	258.9
97	275.34
98	279.74
99	264.91
100	288.9
101	283.67
