1	-3.17
2	6.91
3	-8.63
4	5.22
5	-4.78
6	7.35
7	11.67
8	-11.94
9	-5.86
10	-1.69
11	0.95
12	8.10
13	7.71
14	9.33
15	-14.62
16	15.44
17	-7.36
18	6.35
19	4.34
20	-9.85
21	12.10
22	24.05
23	-6.83
24	8.22
25	18.15
26	13.67
27	8.16
28	0.06
29	-12.81
30	6.05
31	-18.00
32	12.59
33	14.53
34	6.58
35	7.17
36	15.74
37	23.10
38	14.34
39	-19.85
40	4.99
41	-1.47
42	-13.12
43	5.58
44	0.55
45	7.83
46	9.34
47	6.12
48	-4.84
49	5.02
50	-1.88
51	6.52
52	8.58
53	11.21
54	7.84
55	10.18
56	-7.96
57	13.14
58	2.86
59	8.16
60	6.52
61	0.60
62	-16.02
63	1.68
64	-1.17
65	0.43
66	13.84
67	2.10
68	13.74
69	-19.01
70	-11.27
71	-12.22
72	-32.73
73	18.19
74	-1.92
75	-1.19
76	0.11
77	-26.75
78	-3.92
79	-0.49
80	-10.49
81	10.99
82	-4.95
83	6.43
84	4.74
85	-18.74
86	12.82
87	9.53
88	21.11
89	6.19
90	12.51
91	12.37
92	2.93
93	-14.17
94	-7.65
95	0.25
96	3.82
97	-2.72
98	7.32
99	10.07
100	14.55
101	-13.16
