1	-0.57
2	-1.52
3	-1.20
4	-0.75
5	-1.24
6	-1.03
7	-1.28
8	-1.14
9	-1.39
10	-1.19
11	-0.95
12	-0.65
13	-0.98
14	-1.00
15	-0.52
16	-0.81
17	-1.26
18	-0.90
19	-0.63
20	-1.33
21	-0.82
22	-0.90
23	-1.26
24	-0.81
25	-1.45
26	-0.61
27	-0.97
28	-1.05
29	-0.46
30	-1.19
31	-0.97
32	-1.06
33	-0.93
34	-0.51
35	-0.62
36	-1.32
37	-1.16
38	-0.81
39	-0.57
40	-0.64
41	-1.30
42	-0.41
43	-1.29
44	-1.07
45	-0.54
46	-1.07
47	-1.10
48	-0.86
49	-0.70
50	-1.00
51	-1.04
52	-0.85
53	-1.26
54	-0.99
55	-0.71
56	-0.96
57	-0.70
58	-1.47
59	-0.97
60	-1.28
61	-0.81
62	-0.65
63	-1.87
64	-0.78
65	-1.14
66	-1.13
67	-0.87
68	-0.93
69	-0.59
70	-0.67
71	-0.59
72	-0.73
73	-0.56
74	-0.73
75	-0.66
76	-1.35
77	-1.32
78	-0.78
79	-1.27
80	-0.56
81	-1.41
82	-1.53
83	-1.01
84	-0.93
85	-1.25
86	-0.84
87	-1.05
88	-0.62
89	-1.31
90	-1.10
91	-1.10
92	-0.64
93	-0.74
94	-1.37
95	-1.79
96	-0.99
97	-1.23
98	-1.41
99	-0.98
100	-0.91
101	-1.38
