1	-1.20
2	-2.83
3	-2.60
4	-1.05
5	-0.64
6	-1.40
7	-0.74
8	0.38
9	-0.51
10	-0.34
11	-1.77
12	-4.81
13	-1.32
14	-4.93
15	1.24
16	-4.97
17	0.04
18	-3.33
19	-2.05
20	-0.01
21	-4.44
22	-1.00
23	-3.68
24	-3.86
25	-1.51
26	-1.32
27	-1.50
28	-2.46
29	0.78
30	-3.08
31	0.26
32	-1.94
33	-1.27
34	-2.60
35	-3.93
36	-3.13
37	-0.53
38	-4.48
39	3.29
40	-4.01
41	-2.19
42	0.99
43	-0.62
44	0.90
45	-3.68
46	0.78
47	-4.99
48	-2.17
49	-1.39
50	-2.10
51	0.60
52	-0.53
53	-2.80
54	-2.36
55	0.64
56	-3.09
57	-4.02
58	-2.45
59	-2.35
60	-1.91
61	-1.91
62	3.24
63	-0.19
64	0.17
65	-2.40
66	-3.86
67	-3.75
68	1.42
69	1.49
70	-1.19
71	-1.86
72	-0.91
73	-2.79
74	-0.75
75	-2.15
76	-1.78
77	4.96
78	-0.15
79	-1.77
80	3.32
81	-4.13
82	0.74
83	-2.14
84	-3.51
85	1.76
86	-2.70
87	-1.97
88	-3.01
89	3.77
90	-2.42
91	2.17
92	1.07
93	2.20
94	-0.25
95	-1.72
96	-1.28
97	0.06
98	-3.81
99	0.04
100	-4.03
101	1.16
