1 3.90
2 3.90
3 3.53
4 3.53
5 3.56
6 3.56
7 3.28
8 3.28
9 4.04
10 4.04
11 3.17
12 3.17
13 4.12
14 4.12
15 4.19
16 4.19
17 3.64
18 3.64
19 3.16
20 3.16
21 3.21
22 3.21
23 3.52
24 3.52
25 2.75
26 2.75
27 3.17
28 3.17
29 4.27
30 4.27
31 3.02
32 3.02
33 3.19
34 3.19
35 3.20
36 3.20
37 3.78
38 3.78
39 4.01
40 4.01
41 4.04
42 4.04
43 4.07
44 4.07
45 4.37
46 4.37
47 3.65
48 3.65
49 3.52
50 3.52
51 3.29
52 3.29
53 3.39
54 3.39
55 2.90
56 2.90
57 3.76
58 3.76
59 3.53
60 3.53
61 4.80
62 4.80
63 3.96
64 3.96
65 4.60
66 4.60
67 3.72
68 3.72
69 3.51
70 3.51
71 2.86
72 2.86
73 3.51
74 3.51
75 3.52
76 3.52
77 3.38
78 3.38
79 3.66
80 3.66
81 3.53
82 3.53
83 3.90
84 3.90
85 4.06
86 4.06
87 3.11
88 3.11
89 3.43
90 3.43
91 3.32
92 3.32
93 3.93
94 3.93
95 2.90
96 2.90
97 3.13
98 3.13
99 4.05
100 4.05
101 3.21
102 3.21
