1	155.87
2	141.07
3	152.71
4	156.49
5	149.39
6	148.53
7	157.99
8	162.76
9	160.09
10	141.64
11	132.34
12	148.08
13	146.48
14	136.77
15	148.79
16	161.47
17	151.15
18	141.90
19	156.88
20	139.46
21	151.64
22	154.56
23	168.44
24	159.86
25	157.68
26	155.54
27	154.11
28	155.00
29	154.61
30	136.81
31	161.27
32	148.91
33	153.28
34	160.78
35	158.79
36	154.09
37	155.00
38	146.95
39	153.06
40	143.68
41	149.36
42	144.64
43	154.97
44	152.27
45	141.42
46	154.11
47	144.28
48	134.87
49	153.70
50	145.32
51	146.08
