1	57.64
2	56.15
3	39.54
4	59.87
5	55.23
6	49.54
7	55.40
8	49.73
9	58.18
10	58.18
11	57.69
12	59.03
13	56.71
14	58.79
15	64.14
16	55.47
17	52.80
18	58.69
19	59.69
20	60.12
21	57.35
22	51.81
23	58.49
24	59.92
25	57.36
26	55.38
27	62.12
28	60.37
29	53.59
30	52.41
31	55.35
32	64.15
33	54.31
34	43.26
35	50.48
36	48.48
37	52.53
38	58.22
39	51.37
40	59.32
41	57.70
42	57.25
43	53.68
44	52.50
45	54.53
46	53.85
47	49.21
48	59.07
49	62.36
50	60.68
51	43.03
52	60.93
53	56.50
54	65.30
55	59.61
56	66.11
57	52.86
58	50.69
59	60.27
60	57.49
61	60.94
62	58.90
63	55.22
64	58.78
65	55.44
66	71.60
67	51.51
68	58.56
69	52.31
70	64.08
71	58.26
72	60.26
73	53.69
74	72.89
75	61.03
76	58.18
77	63.94
78	49.96
79	54.33
80	55.51
81	51.11
82	59.40
83	56.19
84	59.74
85	54.38
86	59.96
87	56.98
88	55.24
89	51.51
90	54.41
91	55.42
92	51.15
93	55.91
94	55.72
95	61.69
96	46.39
97	54.32
98	60.38
99	57.37
100	53.27
101	56.74
