1	239.34
2	243.15
3	182.21
4	239.41
5	226.05
6	252.47
7	200.22
8	247.89
9	223.42
10	210.42
11	248.32
12	243.68
13	237.45
14	237.27
15	217.1
16	239.39
17	229.25
18	245
19	260.94
20	212.65
21	222.9
22	196.03
23	237.95
24	218.93
25	260.27
26	256.94
27	218.02
28	196.89
29	210.85
30	259.48
31	258.78
32	254.2
33	198.64
34	174.11
35	172.39
36	198.06
37	232.96
38	234.96
39	237.75
40	244.79
41	256.1
42	233.32
43	207.23
44	221.93
45	242.61
46	202.98
47	211.63
48	267.95
49	267.39
50	264.46
51	239.14
52	235.37
53	206.69
54	239.61
55	228.36
56	233.07
57	261.95
58	211.37
59	250.56
60	250.62
61	246.73
62	305.05
63	262.12
64	233.15
65	251.11
66	254.21
67	242.79
68	233.12
69	259.7
70	287.76
71	242.53
72	253.53
73	251.48
74	219.18
75	270.66
76	266.23
77	216.08
78	201.75
79	259.51
80	211.02
81	215.06
82	229.47
83	242.65
84	258.86
85	278.19
86	269.08
87	218.53
88	206.02
89	248.1
90	259.79
91	247
92	231.3
93	264.15
94	189.69
95	282.83
96	237.69
97	244.65
98	249.56
99	263.68
100	187.59
101	229.36
