1	152.48
2	148.84
3	147.81
4	139.71
5	128.49
6	141.85
7	143.67
8	139.98
9	132.01
10	141.29
11	140.52
12	133.31
13	139.23
14	129.89
15	146.51
16	152.09
17	131.87
18	151.93
19	146.46
20	133.24
21	141.12
22	138.37
23	136.00
24	136.75
25	128.94
26	139.59
27	134.35
28	140.41
29	133.30
30	131.70
31	133.90
32	102.94
33	115.13
34	124.38
35	124.16
36	120.53
37	140.56
38	157.45
39	139.56
40	146.81
41	129.96
42	148.93
43	148.40
44	144.54
45	141.75
46	146.83
47	146.12
48	140.39
49	147.37
50	145.73
51	144.75
