1	1.52
2	0.25
3	1.67
4	1.90
5	4.14
6	1.36
7	1.87
8	3.04
9	1.64
10	1.12
11	1.00
12	-1.89
13	0.38
14	3.77
15	1.90
16	1.44
17	0.34
18	-0.83
19	3.44
20	1.08
21	2.74
22	0.60
23	4.25
24	-0.94
25	1.71
26	-1.36
27	-1.70
28	3.20
29	-0.85
30	3.65
31	1.73
32	0.56
33	-1.73
34	0.64
35	2.82
36	2.44
37	-0.84
38	-0.87
39	1.46
40	2.29
41	1.18
42	3.87
43	3.39
44	3.14
45	1.87
46	3.35
47	1.54
48	0.04
49	3.72
50	-1.05
51	-2.42
52	2.86
53	2.05
54	2.75
55	-1.00
56	-0.65
57	3.48
58	-3.08
59	0.50
60	0.80
61	-0.08
62	0.94
63	3.25
64	0.48
65	3.74
66	1.06
67	-0.06
68	-0.71
69	0.13
70	0.98
71	1.23
72	6.78
73	-0.23
74	-0.18
75	1.21
76	1.79
77	-2.83
78	0.54
79	2.96
80	1.94
81	-1.17
82	0.92
83	-1.17
84	0.66
85	0.92
86	1.60
87	1.92
88	0.33
89	2.36
90	0.79
91	-2.01
92	-1.55
93	1.18
94	3.29
95	1.17
96	3.29
97	-0.17
98	0.70
99	2.22
100	0.84
101	4.08
