1	-0.14
2	-0.01
3	-0.44
4	0.11
5	0.11
6	-0.42
7	-0.38
8	0.14
9	-0.21
10	-0.12
11	-0.09
12	-0.32
13	-0.25
14	0.07
15	-0.05
16	-0.10
17	-0.04
18	-0.26
19	0.14
20	0.01
21	-0.12
22	-0.15
23	0.17
24	-0.08
25	0.01
26	-0.41
27	-0.09
28	-0.42
29	-0.38
30	-0.01
31	-0.32
32	-0.03
33	-0.32
34	-0.10
35	0.01
36	-0.15
37	-0.05
38	-0.63
39	0.05
40	-0.06
41	-0.16
42	-0.86
43	0.04
44	-0.18
45	-0.05
46	-0.39
47	-0.24
48	-0.18
49	-0.10
50	0.03
51	-0.57
52	-0.44
53	-0.23
54	-0.14
55	-0.27
56	-0.19
57	-0.25
58	-0.48
59	-0.31
60	-0.55
61	0.01
62	0.05
63	-0.15
64	-0.32
65	-0.09
66	-0.12
67	-0.21
68	-0.24
69	-0.18
70	-0.47
71	-0.04
72	-0.07
73	-0.05
74	-0.09
75	-0.20
76	0.02
77	-0.26
78	-0.18
79	-0.01
80	-0.31
81	-0.20
82	-0.16
83	0.11
84	-0.04
85	-0.12
86	-0.05
87	-0.24
88	-0.16
89	-0.30
90	-0.13
91	-0.18
92	-0.11
93	0.07
94	-0.32
95	0.05
96	0.05
97	-0.13
98	-0.08
99	-0.09
100	-0.57
101	-0.10
