1	248.81
2	288.98
3	266.02
4	252.14
5	279.2
6	220.31
7	184.36
8	283.98
9	268.81
10	269.81
11	225.11
12	248.84
13	251.28
14	221.29
15	276.75
16	283.42
17	325.59
18	164.92
19	277.56
20	257.91
21	198.8
22	210.72
23	260.77
24	270.67
25	175.47
26	226.18
27	240.82
28	251.63
29	231.84
30	204.75
31	245.92
32	224.33
33	244.56
34	256.56
35	250.77
36	254.42
37	274.34
38	241.26
39	282.01
40	247.58
41	245.06
42	235.57
43	263.27
44	286.05
45	278.65
46	223.84
47	235.03
48	282.02
49	254.91
50	290.52
51	265.24
52	230.92
53	280.76
54	222.53
55	278
56	274.96
57	259.16
58	263.17
59	241.54
60	283.13
61	251.57
62	286.57
63	247.92
64	249.25
65	274.49
66	276.82
67	218.84
68	215.28
69	234.08
70	297.25
71	280.63
72	325.62
73	249.82
74	248.43
75	243.1
76	287.09
77	185.04
78	255.58
79	279.41
80	266.96
81	267.48
82	286
83	275.76
84	265.88
85	267.73
86	250.83
87	241.13
88	196.48
89	250.62
90	252.02
91	252.13
92	214.58
93	283.05
94	185.03
95	278.14
96	246.05
97	261.35
98	272.05
99	253.27
100	229.53
101	299.63
