1	-4.91
2	2.24
3	27.10
4	-9.34
5	11.08
6	-28.71
7	-3.19
8	-5.43
9	-3.95
10	20.08
11	0.00
12	13.15
13	-6.71
14	-5.00
15	-5.33
16	-2.48
17	4.33
18	-9.62
19	-6.07
20	17.37
21	17.92
22	12.42
23	2.28
24	15.63
25	-10.28
26	4.94
27	2.87
28	16.90
29	30.84
30	13.74
31	-11.36
32	17.64
33	3.25
34	10.33
35	27.96
36	0.66
37	25.78
38	6.62
39	20.13
40	18.86
41	7.52
42	-23.33
43	22.65
44	-9.25
45	14.57
46	19.71
47	23.01
48	-9.81
49	-16.55
50	-29.56
51	17.60
52	-2.74
53	-0.97
54	15.10
55	2.19
56	2.51
57	3.43
58	1.46
59	-16.38
60	12.26
61	-0.04
62	8.63
63	-17.00
64	2.47
65	7.70
66	1.45
67	12.79
68	-5.37
69	-6.19
70	11.40
71	-28.28
72	-0.54
73	-1.35
74	2.12
75	-25.42
76	-3.25
77	11.69
78	28.95
79	-2.59
80	-3.93
81	-1.09
82	17.90
83	-4.29
84	10.24
85	-20.49
86	-16.21
87	14.25
88	0.65
89	10.12
90	-10.49
91	-2.28
92	6.07
93	-47.86
94	18.83
95	3.65
96	-3.17
97	1.18
98	17.34
99	-5.04
100	-3.07
101	19.00
