1	-0.51
2	-1.45
3	-0.97
4	-0.82
5	-1.46
6	-0.97
7	-0.67
8	-1.21
9	-1.03
10	-1.71
11	-1.26
12	-1.37
13	-0.89
14	-0.95
15	-0.97
16	-1.06
17	-0.81
18	-1.07
19	-1.21
20	-0.94
21	-0.98
22	-1.26
23	-0.99
24	-1.04
25	-0.85
26	-1.28
27	-0.98
28	-0.59
29	-1.05
30	-1.39
31	-1.27
32	-0.92
33	-1.22
34	-1.12
35	-1.63
36	-1.58
37	-1.48
38	-1.35
39	-1.05
40	-1.26
41	-1.20
42	-0.74
43	-1.04
44	-0.82
45	-1.19
46	-1.31
47	-0.96
48	-1.37
49	-1.12
50	-1.12
51	-1.70
52	-1.00
53	-0.98
54	-1.37
55	-1.12
56	-1.53
57	-1.70
58	-1.06
59	-0.86
60	-1.00
61	-1.27
62	-1.32
63	-1.17
64	-0.73
65	-1.15
66	-1.43
67	-1.27
68	-1.11
69	-0.92
70	-1.04
71	-0.83
72	-0.46
73	-0.63
74	-1.05
75	-0.94
76	-1.40
77	-1.18
78	-1.24
79	-1.20
80	-0.69
81	-1.29
82	-0.85
83	-0.74
84	-1.26
85	-1.04
86	-0.92
87	-1.50
88	-1.45
89	-1.07
90	-0.85
91	-1.26
92	-0.84
93	-0.66
94	-1.46
95	-1.12
96	-1.16
97	-1.08
98	-1.04
99	-1.21
100	-0.92
101	-1.06
