1 37.85
2 37.85
3 35.43
4 35.43
5 33.79
6 33.79
7 31.90
8 31.90
9 34.61
10 34.61
11 41.63
12 41.63
13 34.70
14 34.70
15 40.30
16 40.30
17 29.00
18 29.00
19 41.13
20 41.13
21 40.60
22 40.60
23 34.99
24 34.99
25 44.12
26 44.12
27 33.69
28 33.69
29 39.94
30 39.94
31 35.52
32 35.52
33 36.06
34 36.06
35 44.65
36 44.65
37 43.27
38 43.27
39 30.33
40 30.33
41 31.16
42 31.16
43 39.89
44 39.89
45 37.35
46 37.35
47 32.11
48 32.11
49 38.81
50 38.81
51 27.52
52 27.52
53 42.97
54 42.97
55 39.41
56 39.41
57 31.00
58 31.00
59 38.97
60 38.97
61 30.60
62 30.60
63 42.89
64 42.89
65 42.88
66 42.88
67 43.57
68 43.57
69 43.34
70 43.34
71 43.78
72 43.78
73 37.01
74 37.01
75 43.44
76 43.44
77 41.17
78 41.17
79 47.17
80 47.17
81 28.08
82 28.08
83 37.50
84 37.50
85 36.39
86 36.39
87 30.74
88 30.74
89 37.79
90 37.79
91 39.78
92 39.78
93 29.38
94 29.38
95 39.33
96 39.33
97 33.37
98 33.37
99 39.19
100 39.19
101 29.00
102 29.00
