1	-43.06
2	6.03999999999999
3	-7.62
4	-86.34
5	-58.17
6	-61.02
7	-3.06999999999999
8	-61.87
9	-77.13
10	-42.51
11	-73.67
12	-98.24
13	-66.88
14	-48.62
15	4.78
16	-86.41
17	-59.66
18	-57.41
19	-51.48
20	-69.32
21	-66.64
22	4.28
23	-67.03
24	-10.24
25	-66.48
26	-50.45
27	-71.73
28	-89.42
29	-32.84
30	-47.92
31	-72.74
32	-71.68
33	-70
34	-58.67
35	-61.65
36	-61.12
37	-72.83
38	-66.43
39	-74.8
40	-58.16
41	-51.09
42	-84.99
43	-71.63
44	-69.91
45	-27.65
46	-65.91
47	-9.16
48	-82.7
49	-62.93
50	-71.73
51	-88.68
