1 3.20
2 3.20
3 2.99
4 2.99
5 2.83
6 2.83
7 3.24
8 3.24
9 2.86
10 2.86
11 2.92
12 2.92
13 3.58
14 3.58
15 3.16
16 3.16
17 3.15
18 3.15
19 3.88
20 3.88
21 2.70
22 2.70
23 2.77
24 2.77
25 2.86
26 2.86
27 2.87
28 2.87
29 2.73
30 2.73
31 2.75
32 2.75
33 2.95
34 2.95
35 2.94
36 2.94
37 2.77
38 2.77
39 2.74
40 2.74
41 2.56
42 2.56
43 2.96
44 2.96
45 2.93
46 2.93
47 2.95
48 2.95
49 3.82
50 3.82
51 2.89
52 2.89
53 2.75
54 2.75
55 3.15
56 3.15
57 3.35
58 3.35
59 3.27
60 3.27
61 3.15
62 3.15
63 2.99
64 2.99
65 2.93
66 2.93
67 2.71
68 2.71
69 3.00
70 3.00
71 2.79
72 2.79
73 3.08
74 3.08
75 3.30
76 3.30
77 2.82
78 2.82
79 3.58
80 3.58
81 2.80
82 2.80
83 2.97
84 2.97
85 3.41
86 3.41
87 3.14
88 3.14
89 2.80
90 2.80
91 2.95
92 2.95
93 2.89
94 2.89
95 3.37
96 3.37
97 3.12
98 3.12
99 3.03
100 3.03
101 2.89
102 2.89
