1	-44.47
2	-70.03
3	-49
4	-58.04
5	-84.67
6	-78.66
7	-148.85
8	-92.71
9	-41
10	-85.93
11	-126
12	-68.76
13	-67.54
14	-57.93
15	-93.69
16	-71.47
17	-111.29
18	-23.15
19	-114.88
20	-135.02
21	-56.51
22	-63.69
23	-60.62
24	-52.38
25	-91.55
26	-95.07
27	-78.69
28	-97.68
29	-57.53
30	-44.86
31	-80.39
32	-98.98
33	-91.87
34	-73.81
35	-60.32
36	-66.05
37	-100.43
38	-53.19
39	-67.91
40	-64.22
41	-46.49
42	-39.42
43	-67.51
44	-62.2
45	-90.38
46	-68.52
47	-7.63
48	-87.87
49	NaN
50	-44.4
51	-63.25
52	-68.05
53	-83.71
54	-94.69
55	-100.83
56	-121.72
57	-105.96
58	-66.64
59	-47.08
60	-74.25
61	-20.99
62	-108.09
63	-64.27
64	-87.01
65	-47.93
66	-92.89
67	-56.66
68	-76.24
69	-45.64
70	-71.73
71	-59.4
72	-57.86
73	-103.2
74	-75.12
75	-40.53
76	-64.64
77	-105.79
78	-75.01
79	-66.67
80	-116.54
81	-54.66
82	-62.27
83	-81.22
84	-51.91
85	-53.73
86	-69.82
87	-42
88	-29.21
89	-75.23
90	-70.74
91	-63.78
92	-23.86
93	-54.44
94	-51.44
95	-107.58
96	-80.14
97	-89.76
98	-87.49
99	-54.77
100	-107.77
101	-93.98
