1 0.29
2 0.29
3 0.10
4 0.10
5 0.19
6 0.19
7 0.47
8 0.47
9 -0.09
10 -0.09
11 -0.48
12 -0.48
13 0.07
14 0.07
15 0.63
16 0.63
17 -0.45
18 -0.45
19 0.30
20 0.30
21 0.56
22 0.56
23 0.00
24 0.00
25 0.26
26 0.26
27 0.00
28 0.00
29 0.03
30 0.03
31 -0.21
32 -0.21
33 0.29
34 0.29
35 -0.31
36 -0.31
37 0.48
38 0.48
39 0.94
40 0.94
41 0.38
42 0.38
43 0.30
44 0.30
45 0.28
46 0.28
47 -0.22
48 -0.22
49 -0.01
50 -0.01
51 -0.11
52 -0.11
53 0.81
54 0.81
55 0.02
56 0.02
57 0.24
58 0.24
59 0.52
60 0.52
61 0.52
62 0.52
63 0.43
64 0.43
65 -0.06
66 -0.06
67 0.10
68 0.10
69 -0.02
70 -0.02
71 0.13
72 0.13
73 0.63
74 0.63
75 -0.24
76 -0.24
77 -0.17
78 -0.17
79 0.40
80 0.40
81 0.19
82 0.19
83 0.36
84 0.36
85 0.32
86 0.32
87 -0.34
88 -0.34
89 0.04
90 0.04
91 0.29
92 0.29
93 0.65
94 0.65
95 0.52
96 0.52
97 0.17
98 0.17
99 -0.38
100 -0.38
101 0.56
102 0.56
