1	-65.73
2	-8
3	-89.25
4	-84.58
5	-83.47
6	-72.26
7	-35.21
8	82.79
9	-89.26
10	-86.36
11	-65.73
12	-91.25
13	-84.78
14	-116.58
15	-84.96
16	-112.31
17	-8.75
18	-55.1
19	-41.07
20	13.95
21	-78.96
22	-2.42999999999998
23	-94.02
24	-71.55
25	-87.64
26	-13.38
27	-88.28
28	-80.99
29	-128.9
30	-61.09
31	-11.3
32	-53.77
33	0.430000000000007
34	2.69
35	-74.34
36	-115.01
37	-62.29
38	-42.15
39	-102.75
40	-54.81
41	-30.07
42	-83.33
43	-112.48
44	84.78
45	-118.68
46	-18.4
47	-9.23999999999998
48	-76.14
49	-83.72
50	-131.37
51	-21.29
52	-112.11
53	-95.83
54	-55.67
55	19.58
56	-54.51
57	-61.31
58	-86.43
59	-21.98
60	-69.43
61	-62.92
62	-32.09
63	-102.99
64	-4.73999999999998
65	-83.61
66	-64.03
67	29.89
68	-89.29
69	-75.87
70	6.19
71	-74.11
72	-22.98
73	-81.92
74	-29.24
75	-70.04
76	-58.77
77	-69.58
78	-84.31
79	-86.47
80	-73.55
81	-76.53
82	-37.67
83	-49.78
84	-67.84
85	-74.81
86	-49.18
87	-57.27
88	-78.85
89	-91.59
90	-58.2
91	-58.94
92	-79.33
93	-103
94	-69.25
95	-86.98
96	5.18000000000001
97	-73.97
98	-88.37
99	-98.29
100	-85.92
101	-80.8
