1	245.29
2	205.29
3	266.62
4	265.21
5	261.91
6	249.71
7	219.6
8	160.69
9	272.13
10	258.47
11	248.71
12	253.57
13	243.33
14	249.9
15	287.48
16	239.05
17	249.81
18	261.66
19	269.44
20	208.26
21	264.58
22	196.77
23	277.11
24	261
25	269.92
26	258.36
27	256.47
28	232.91
29	229.42
30	237.42
31	207.47
32	311.73
33	233.91
34	292.36
35	281.8
36	284.79
37	240.92
38	240.14
39	280.5
40	230.57
41	225.93
42	248.12
43	227.9
44	182.21
45	289.41
46	253.7
47	235.16
48	261.99
49	266.38
50	281.51
51	219.01
52	213.13
53	246.9
54	225.84
55	186.46
56	219.46
57	214.4
58	247.8
59	212.43
60	227.64
61	245.03
62	211.43
63	254.92
64	196.12
65	248.01
66	285.71
67	188.66
68	243.27
69	242.1
70	236.8
71	249.38
72	218.92
73	247.56
74	218.18
75	245.1
76	235.75
77	258.87
78	240.79
79	257.46
80	229.91
81	250.67
82	258.91
83	254.23
84	274.76
85	227.81
86	237.37
87	228.38
88	247.87
89	251.53
90	193.89
91	280.28
92	241.48
93	247.5
94	214.52
95	219.25
96	210.33
97	257.56
98	262.53
99	268.42
100	266.92
101	250.42
