DG-1   251.02 175.72 75.3
DA-2   192.17 171.86 20.31
DT-3   182.00 185.78 -3.78
DT-4   148.85 185.78 -36.93
DA-5    59.55 171.86 -112.31
DC-6    79.44 176.41 -96.97
DA-7   147.39 171.86 -24.47
DT-8   144.07 185.78 -41.71
DA-9   170.98 171.86 -0.880000000000024
DC-10   183.05 176.41 6.64000000000001
DA-11   174.65 171.86 2.78999999999999
DT-12   150.37 185.78 -35.41
DA-13   116.61 171.86 -55.25
DC-14   185.57 176.41 9.16
DA-15   193.79 171.86 21.93
DG-16   194.44 175.72 18.72
DA-17   175.29 171.86 3.42999999999998
DT-18   180.13 185.78 -5.65000000000001
DT-19   203.16 185.78 17.38
DA-20   183.16 171.86 11.3
DC-21   197.28 176.41 20.87
DA-22   182.45 171.86 10.59
DT-23   198.63 185.78 12.85
DA-24   159.98 171.86 -11.88
DC-25   180.52 176.41 4.11000000000001
DA-26   177.24 171.86 5.38
DT-27   191.68 185.78 5.90000000000001
DA-28   153.01 171.86 -18.85
DC-29   182.83 176.41 6.42000000000002
DA-30   178.35 171.86 6.48999999999998
DG-31   207.91 175.72 32.19
DA-32   113.63 171.86 -58.23
DT-33   126.39 185.78 -59.39
DT-34    97.88 185.78 -87.9
DA-35    48.22 171.86 -123.64
DC-36   148.05 176.41 -28.36
DA-37   162.83 171.86 -9.03
DT-38   196.37 185.78 10.59
DA-39   167.86 171.86 -4
DC-40   171.51 176.41 -4.90000000000001
DA-41   187.47 171.86 15.61
DT-42   185.73 185.78 -0.0500000000000114
DA-43   149.67 171.86 -22.19
DC-44   188.64 176.41 12.23
DA-45   167.55 171.86 -4.31
DG-46   179.59 175.72 3.87
DA-47   167.59 171.86 -4.27000000000001
DT-48   173.10 185.78 -12.68
DT-49   194.17 185.78 8.38999999999999
DA-50   188.69 171.86 16.83
DC-51   175.88 176.41 -0.530000000000001
DA-52   178.90 171.86 7.03999999999999
DT-53   187.00 185.78 1.22
DA-54   154.06 171.86 -17.8
DC-55   199.86 176.41 23.45
DA-56   164.33 171.86 -7.53
DT-57   200.05 185.78 14.27
DA-58   166.78 171.86 -5.08000000000001
DC-59   165.87 176.41 -10.54
DA-60    92.59 171.86 -79.27
DG-61    47.91 175.72 -127.81
DA-62    94.68 171.86 -77.18
DT-63   128.17 185.78 -57.61
DT-64   165.36 185.78 -20.42
DA-65   171.84 171.86 -0.0200000000000102
DC-66   180.24 176.41 3.83000000000001
DA-67   179.16 171.86 7.29999999999998
DT-68   188.97 185.78 3.19
DA-69   158.12 171.86 -13.74
DC-70   185.78 176.41 9.37
DA-71   178.87 171.86 7.00999999999999
DT-72   218.47 185.78 32.69
DA-73   150.07 171.86 -21.79
DC-74   190.04 176.41 13.63
DA-75   175.12 171.86 3.25999999999999
DG-76   194.54 175.72 18.82
DA-77   168.87 171.86 -2.99000000000001
DT-78   167.29 185.78 -18.49
DT-79   203.39 185.78 17.61
DA-80   157.25 171.86 -14.61
DC-81   265.90 176.41 89.49
DA-82   151.26 171.86 -20.6
DT-83   140.17 185.78 -45.61
DA-84    94.73 171.86 -77.13
DC-85    92.13 176.41 -84.28
DA-86    56.90 171.86 -114.96
DT-87   168.02 185.78 -17.76
DA-88   153.33 171.86 -18.53
DC-89   189.04 176.41 12.63
DA-90   301.57 171.86 129.71
DT-91   237.54 185.78 51.76
DG-92   206.20 175.72 30.48
DT-93   190.12 185.78 4.34
DA-94   165.61 171.86 -6.25
DT-95   186.45 185.78 0.669999999999987
DG-96   151.28 175.72 -24.44
DT-97   121.77 185.78 -64.01
DA-98    35.14 171.86 -136.72
DT-99   119.15 185.78 -66.63
DG-100   121.38 175.72 -54.34
DT-101   114.97 185.78 -70.81
DA-102   190.76 171.86 18.9
DA-103   171.20 171.86 -0.660000000000025
DT-104   162.76 185.78 -23.02
DC-105   179.86 176.41 3.45000000000002
DT-106   196.48 185.78 10.7
DG-107   160.77 175.72 -14.95
DT-108   205.72 185.78 19.94
DA-109   184.64 171.86 12.78
DT-110   191.72 185.78 5.94
DG-111   155.37 175.72 -20.35
DT-112   189.96 185.78 4.18000000000001
DA-113   179.14 171.86 7.27999999999997
DT-114   122.69 185.78 -63.09
DG-115    50.46 175.72 -125.26
DT-116    64.30 185.78 -121.48
DA-117   152.00 171.86 -19.86
DA-118   166.57 171.86 -5.29000000000002
DT-119   177.76 185.78 -8.02000000000001
DC-120   147.90 176.41 -28.51
DT-121   181.44 185.78 -4.34
DG-122   158.34 175.72 -17.38
DT-123   170.96 185.78 -14.82
DA-124   187.53 171.86 15.67
DT-125   199.57 185.78 13.79
DG-126   165.60 175.72 -10.12
DT-127   192.77 185.78 6.99000000000001
DA-128   177.41 171.86 5.54999999999998
DT-129   188.91 185.78 3.13
DG-130   192.68 175.72 16.96
DT-131   181.39 185.78 -4.39000000000001
DA-132   165.27 171.86 -6.59
DA-133   164.18 171.86 -7.68000000000001
DT-134   175.41 185.78 -10.37
DC-135   156.22 176.41 -20.19
DT-136   200.92 185.78 15.14
DG-137   171.64 175.72 -4.08000000000001
DT-138   191.84 185.78 6.06
DA-139   160.17 171.86 -11.69
DT-140   217.83 185.78 32.05
DG-141   202.13 175.72 26.41
DT-142   198.13 185.78 12.35
DA-143   185.72 171.86 13.86
DT-144   181.54 185.78 -4.24000000000001
DG-145   160.51 175.72 -15.21
DT-146   175.15 185.78 -10.63
DA-147   161.75 171.86 -10.11
DA-148    97.33 171.86 -74.53
DT-149    71.58 185.78 -114.2
DC-150    35.08 176.41 -141.33
DT-151   151.81 185.78 -33.97
DG-152   128.76 175.72 -46.96
DT-153   195.37 185.78 9.59
DA-154   183.18 171.86 11.32
DT-155   193.06 185.78 7.28
DG-156   174.34 175.72 -1.38
DT-157   197.94 185.78 12.16
DA-158   178.76 171.86 6.89999999999998
DT-159   180.93 185.78 -4.84999999999999
DG-160   158.52 175.72 -17.2
DT-161   198.45 185.78 12.67
DA-162   199.08 171.86 27.22
DA-163   187.40 171.86 15.54
DT-164   177.67 185.78 -8.11000000000001
DC-165   168.03 176.41 -8.38
DT-166   201.14 185.78 15.36
DG-167   174.28 175.72 -1.44
DT-168   191.24 185.78 5.46000000000001
DA-169   123.59 171.86 -48.27
DT-170    98.64 185.78 -87.14
DG-171    21.29 175.72 -154.43
DT-172    61.22 185.78 -124.56
DA-173   154.48 171.86 -17.38
DT-174   175.25 185.78 -10.53
DG-175   161.75 175.72 -13.97
DT-176   182.39 185.78 -3.39000000000001
DA-177   170.21 171.86 -1.65000000000001
DA-178   184.51 171.86 12.65
DT-179   185.52 185.78 -0.259999999999991
DC-180   273.73 176.41 97.32
