DG-1   238.22 175.72 62.5
DA-2   172.68 171.86 0.819999999999993
DT-3   182.57 185.78 -3.21000000000001
DT-4   145.39 185.78 -40.39
DA-5    59.02 171.86 -112.84
DC-6    78.71 176.41 -97.7
DA-7   149.47 171.86 -22.39
DT-8   143.00 185.78 -42.78
DA-9   170.31 171.86 -1.55000000000001
DC-10   182.96 176.41 6.55000000000001
DA-11   171.49 171.86 -0.370000000000005
DT-12   150.15 185.78 -35.63
DA-13   115.63 171.86 -56.23
DC-14   188.23 176.41 11.82
DA-15   195.93 171.86 24.07
DG-16   190.33 175.72 14.61
DA-17   174.88 171.86 3.01999999999998
DT-18   180.34 185.78 -5.44
DT-19   171.64 185.78 -14.14
DA-20   170.66 171.86 -1.20000000000002
DC-21   175.66 176.41 -0.75
DA-22   191.84 171.86 19.98
DT-23   186.83 185.78 1.05000000000001
DA-24   171.62 171.86 -0.240000000000009
DC-25   176.88 176.41 0.469999999999999
DA-26   179.27 171.86 7.41
DT-27   205.95 185.78 20.17
DA-28   188.43 171.86 16.57
DC-29   192.21 176.41 15.8
DA-30   183.53 171.86 11.67
DG-31   219.09 175.72 43.37
DA-32   105.19 171.86 -66.67
DT-33   123.66 185.78 -62.12
DT-34    97.91 185.78 -87.87
DA-35    49.92 171.86 -121.94
DC-36   151.14 176.41 -25.27
DA-37   164.56 171.86 -7.30000000000001
DT-38   180.42 185.78 -5.36000000000001
DA-39   158.93 171.86 -12.93
DC-40   177.40 176.41 0.990000000000009
DA-41   208.52 171.86 36.66
DT-42   191.55 185.78 5.77000000000001
DA-43   159.98 171.86 -11.88
DC-44   171.46 176.41 -4.94999999999999
DA-45   186.33 171.86 14.47
DG-46   178.97 175.72 3.25
DA-47   185.36 171.86 13.5
DT-48   195.32 185.78 9.53999999999999
DT-49   204.81 185.78 19.03
DA-50   191.77 171.86 19.91
DC-51   193.49 176.41 17.08
DA-52   180.56 171.86 8.69999999999999
DT-53   190.89 185.78 5.10999999999999
DA-54   156.57 171.86 -15.29
DC-55   183.10 176.41 6.69
DA-56   180.72 171.86 8.85999999999999
DT-57   207.89 185.78 22.11
DA-58   164.01 171.86 -7.85000000000002
DC-59   164.31 176.41 -12.1
DA-60   103.94 171.86 -67.92
DG-61    50.05 175.72 -125.67
DA-62    96.62 171.86 -75.24
DT-63   129.31 185.78 -56.47
DT-64   164.59 185.78 -21.19
DA-65   168.54 171.86 -3.32000000000002
DC-66   181.16 176.41 4.75
DA-67   188.95 171.86 17.09
DT-68   194.02 185.78 8.24000000000001
DA-69   164.35 171.86 -7.51000000000002
DC-70   187.71 176.41 11.3
DA-71   181.10 171.86 9.23999999999998
DT-72   179.02 185.78 -6.75999999999999
DA-73   159.23 171.86 -12.63
DC-74   179.94 176.41 3.53
DA-75   179.01 171.86 7.14999999999998
DG-76   195.47 175.72 19.75
DA-77   177.38 171.86 5.51999999999998
DT-78   196.74 185.78 10.96
DT-79   190.34 185.78 4.56
DA-80   140.66 171.86 -31.2
DC-81   255.96 176.41 79.55
DA-82   147.48 171.86 -24.38
DT-83   144.73 185.78 -41.05
DA-84    92.27 171.86 -79.59
DC-85    93.00 176.41 -83.41
DA-86    68.84 171.86 -103.02
DT-87   185.93 185.78 0.150000000000006
DA-88   162.32 171.86 -9.54000000000002
DC-89   191.53 176.41 15.12
DA-90   296.94 171.86 125.08
DT-91   248.71 185.78 62.93
DG-92   172.36 175.72 -3.35999999999999
DT-93   177.11 185.78 -8.66999999999999
DA-94   181.95 171.86 10.09
DT-95   188.25 185.78 2.47
DG-96   152.83 175.72 -22.89
DT-97   125.50 185.78 -60.28
DA-98    36.76 171.86 -135.1
DT-99   118.07 185.78 -67.71
DG-100   117.34 175.72 -58.38
DT-101   131.29 185.78 -54.49
DA-102   182.34 171.86 10.48
DA-103   144.62 171.86 -27.24
DT-104   162.75 185.78 -23.03
DC-105   158.91 176.41 -17.5
DT-106   190.83 185.78 5.05000000000001
DG-107   179.12 175.72 3.40000000000001
DT-108   199.74 185.78 13.96
DA-109   165.83 171.86 -6.03
DT-110   181.48 185.78 -4.30000000000001
DG-111   173.93 175.72 -1.78999999999999
DT-112   204.98 185.78 19.2
DA-113   194.38 171.86 22.52
DT-114   120.41 185.78 -65.37
DG-115    49.87 175.72 -125.85
DT-116    63.19 185.78 -122.59
DA-117   153.24 171.86 -18.62
DA-118   168.82 171.86 -3.04000000000002
DT-119   175.90 185.78 -9.88
DC-120   149.02 176.41 -27.39
DT-121   191.80 185.78 6.02000000000001
DG-122   166.36 175.72 -9.35999999999999
DT-123   219.14 185.78 33.36
DA-124   191.27 171.86 19.41
DT-125   200.64 185.78 14.86
DG-126   174.13 175.72 -1.59
DT-127   199.57 185.78 13.79
DA-128   190.53 171.86 18.67
DT-129   199.86 185.78 14.08
DG-130   166.23 175.72 -9.49000000000001
DT-131   171.96 185.78 -13.82
DA-132   190.03 171.86 18.17
DA-133   181.79 171.86 9.92999999999998
DT-134   178.32 185.78 -7.46000000000001
DC-135   177.89 176.41 1.47999999999999
DT-136   196.68 185.78 10.9
DG-137   190.87 175.72 15.15
DT-138   207.68 185.78 21.9
DA-139   175.99 171.86 4.13
DT-140   200.11 185.78 14.33
DG-141   153.54 175.72 -22.18
DT-142   175.15 185.78 -10.63
DA-143   169.20 171.86 -2.66000000000003
DT-144   183.91 185.78 -1.87
DG-145   158.55 175.72 -17.17
DT-146   176.09 185.78 -9.69
DA-147   166.80 171.86 -5.06
DA-148    96.09 171.86 -75.77
DT-149    71.12 185.78 -114.66
DC-150    52.47 176.41 -123.94
DT-151   167.88 185.78 -17.9
DG-152   110.33 175.72 -65.39
DT-153   191.26 185.78 5.47999999999999
DA-154   196.90 171.86 25.04
DT-155   189.47 185.78 3.69
DG-156   175.15 175.72 -0.569999999999993
DT-157   188.92 185.78 3.13999999999999
DA-158   179.66 171.86 7.79999999999998
DT-159   193.72 185.78 7.94
DG-160   182.19 175.72 6.47
DT-161   193.37 185.78 7.59
DA-162   176.94 171.86 5.07999999999998
DA-163   161.19 171.86 -10.67
DT-164   181.09 185.78 -4.69
DC-165   140.98 176.41 -35.43
DT-166   188.26 185.78 2.47999999999999
DG-167   177.16 175.72 1.44
DT-168   189.29 185.78 3.50999999999999
DA-169   124.41 171.86 -47.45
DT-170    94.69 185.78 -91.09
DG-171    22.17 175.72 -153.55
DT-172    61.88 185.78 -123.9
DA-173   158.45 171.86 -13.41
DT-174   176.00 185.78 -9.78
DG-175   161.09 175.72 -14.63
DT-176   182.75 185.78 -3.03
DA-177   176.88 171.86 5.01999999999998
DA-178   174.72 171.86 2.85999999999999
DT-179   184.96 185.78 -0.819999999999993
DC-180   261.67 176.41 85.26
