DG-1   235.35 175.72 59.63
DA-2   183.63 171.86 11.77
DT-3   181.13 185.78 -4.65000000000001
DT-4   150.96 185.78 -34.82
DA-5    59.03 171.86 -112.83
DC-6    80.13 176.41 -96.28
DA-7   146.27 171.86 -25.59
DT-8   141.96 185.78 -43.82
DA-9   170.46 171.86 -1.40000000000001
DC-10   185.19 176.41 8.78
DA-11   169.96 171.86 -1.90000000000001
DT-12   149.27 185.78 -36.51
DA-13   115.56 171.86 -56.3
DC-14   186.70 176.41 10.29
DA-15   190.09 171.86 18.23
DG-16   183.26 175.72 7.53999999999999
DA-17   184.16 171.86 12.3
DT-18   185.12 185.78 -0.659999999999997
DT-19   196.57 185.78 10.79
DA-20   192.75 171.86 20.89
DC-21   204.93 176.41 28.52
DA-22   186.75 171.86 14.89
DT-23   193.03 185.78 7.25
DA-24   153.17 171.86 -18.69
DC-25   171.46 176.41 -4.94999999999999
DA-26   171.30 171.86 -0.560000000000002
DT-27   188.96 185.78 3.18000000000001
DA-28   163.66 171.86 -8.20000000000002
DC-29   176.67 176.41 0.259999999999991
DA-30   161.73 171.86 -10.13
DG-31   212.16 175.72 36.44
DA-32   103.69 171.86 -68.17
DT-33   124.02 185.78 -61.76
DT-34    98.99 185.78 -86.79
DA-35    48.42 171.86 -123.44
DC-36   148.65 176.41 -27.76
DA-37   164.83 171.86 -7.03
DT-38   190.77 185.78 4.99000000000001
DA-39   164.77 171.86 -7.09
DC-40   150.49 176.41 -25.92
DA-41   189.37 171.86 17.51
DT-42   196.87 185.78 11.09
DA-43   156.58 171.86 -15.28
DC-44   175.15 176.41 -1.25999999999999
DA-45   180.82 171.86 8.95999999999998
DG-46   197.46 175.72 21.74
DA-47   182.22 171.86 10.36
DT-48   178.39 185.78 -7.39000000000001
DT-49   189.05 185.78 3.27000000000001
DA-50   197.11 171.86 25.25
DC-51   198.74 176.41 22.33
DA-52   193.16 171.86 21.3
DT-53   201.34 185.78 15.56
DA-54   179.71 171.86 7.84999999999999
DC-55   174.93 176.41 -1.47999999999999
DA-56   183.20 171.86 11.34
DT-57   196.71 185.78 10.93
DA-58   178.35 171.86 6.48999999999998
DC-59   178.01 176.41 1.59999999999999
DA-60    98.03 171.86 -73.83
DG-61    44.53 175.72 -131.19
DA-62    92.73 171.86 -79.13
DT-63   131.55 185.78 -54.23
DT-64   162.19 185.78 -23.59
DA-65   169.11 171.86 -2.75
DC-66   178.37 176.41 1.96000000000001
DA-67   194.09 171.86 22.23
DT-68   198.71 185.78 12.93
DA-69   165.16 171.86 -6.70000000000002
DC-70   178.50 176.41 2.09
DA-71   205.59 171.86 33.73
DT-72   200.97 185.78 15.19
DA-73   160.61 171.86 -11.25
DC-74   185.26 176.41 8.84999999999999
DA-75   213.21 171.86 41.35
DG-76   200.01 175.72 24.29
DA-77   194.41 171.86 22.55
DT-78   201.86 185.78 16.08
DT-79   194.44 185.78 8.66
DA-80   164.43 171.86 -7.43000000000001
DC-81   263.66 176.41 87.25
DA-82   158.68 171.86 -13.18
DT-83   134.59 185.78 -51.19
DA-84    95.75 171.86 -76.11
DC-85    93.55 176.41 -82.86
DA-86    53.79 171.86 -118.07
DT-87   173.70 185.78 -12.08
DA-88   171.81 171.86 -0.0500000000000114
DC-89   193.15 176.41 16.74
DA-90   287.59 171.86 115.73
DT-91   257.97 185.78 72.19
DG-92   218.34 175.72 42.62
DT-93   174.66 185.78 -11.12
DA-94   146.01 171.86 -25.85
DT-95   183.80 185.78 -1.97999999999999
DG-96   154.85 175.72 -20.87
DT-97   125.45 185.78 -60.33
DA-98    41.14 171.86 -130.72
DT-99   122.57 185.78 -63.21
DG-100   133.52 175.72 -42.2
DT-101   146.25 185.78 -39.53
DA-102   174.84 171.86 2.97999999999999
DA-103   162.31 171.86 -9.55000000000001
DT-104   180.19 185.78 -5.59
DC-105   176.53 176.41 0.120000000000005
DT-106   201.45 185.78 15.67
DG-107   176.91 175.72 1.19
DT-108   191.14 185.78 5.35999999999999
DA-109   180.56 171.86 8.69999999999999
DT-110   231.60 185.78 45.82
DG-111   190.16 175.72 14.44
DT-112   188.97 185.78 3.19
DA-113   211.01 171.86 39.15
DT-114   109.89 185.78 -75.89
DG-115    48.70 175.72 -127.02
DT-116    70.10 185.78 -115.68
DA-117   156.69 171.86 -15.17
DA-118   168.07 171.86 -3.79000000000002
DT-119   177.17 185.78 -8.61000000000001
DC-120   133.08 176.41 -43.33
DT-121   183.80 185.78 -1.97999999999999
DG-122   172.84 175.72 -2.88
DT-123   195.99 185.78 10.21
DA-124   176.93 171.86 5.06999999999999
DT-125   186.35 185.78 0.569999999999993
DG-126   185.57 175.72 9.84999999999999
DT-127   194.82 185.78 9.03999999999999
DA-128   188.47 171.86 16.61
DT-129   197.32 185.78 11.54
DG-130   175.36 175.72 -0.359999999999985
DT-131   194.02 185.78 8.24000000000001
DA-132   172.15 171.86 0.289999999999992
DA-133   166.43 171.86 -5.43000000000001
DT-134   194.81 185.78 9.03
DC-135   159.62 176.41 -16.79
DT-136   196.27 185.78 10.49
DG-137   178.15 175.72 2.43000000000001
DT-138   186.02 185.78 0.240000000000009
DA-139   173.16 171.86 1.29999999999998
DT-140   202.08 185.78 16.3
DG-141   178.00 175.72 2.28
DT-142   192.12 185.78 6.34
DA-143   186.18 171.86 14.32
DT-144   183.81 185.78 -1.97
DG-145   156.89 175.72 -18.83
DT-146   176.49 185.78 -9.28999999999999
DA-147   164.08 171.86 -7.78
DA-148    96.78 171.86 -75.08
DT-149    71.32 185.78 -114.46
DC-150    38.40 176.41 -138.01
DT-151   152.47 185.78 -33.31
DG-152   133.04 175.72 -42.68
DT-153   185.00 185.78 -0.780000000000001
DA-154   178.17 171.86 6.30999999999997
DT-155   199.73 185.78 13.95
DG-156   194.00 175.72 18.28
DT-157   191.24 185.78 5.46000000000001
DA-158   180.45 171.86 8.58999999999997
DT-159   196.55 185.78 10.77
DG-160   179.39 175.72 3.66999999999999
DT-161   193.46 185.78 7.68000000000001
DA-162   175.59 171.86 3.72999999999999
DA-163   168.26 171.86 -3.60000000000002
DT-164   174.04 185.78 -11.74
DC-165   161.72 176.41 -14.69
DT-166   200.05 185.78 14.27
DG-167   176.32 175.72 0.599999999999994
DT-168   193.52 185.78 7.74000000000001
DA-169   122.82 171.86 -49.04
DT-170    97.19 185.78 -88.59
DG-171    21.99 175.72 -153.73
DT-172    62.93 185.78 -122.85
DA-173   153.54 171.86 -18.32
DT-174   178.42 185.78 -7.36000000000001
DG-175   163.38 175.72 -12.34
DT-176   184.16 185.78 -1.62
DA-177   175.26 171.86 3.39999999999998
DA-178   172.14 171.86 0.279999999999973
DT-179   172.15 185.78 -13.63
DC-180   273.50 176.41 97.09
