DG-1   225.93 175.72 50.21
DA-2   164.45 171.86 -7.41000000000003
DT-3   163.22 185.78 -22.56
DT-4   144.34 185.78 -41.44
DA-5    60.22 171.86 -111.64
DC-6    79.13 176.41 -97.28
DA-7   157.59 171.86 -14.27
DT-8   143.09 185.78 -42.69
DA-9   171.19 171.86 -0.670000000000016
DC-10   186.43 176.41 10.02
DA-11   174.47 171.86 2.60999999999999
DT-12   145.84 185.78 -39.94
DA-13   116.47 171.86 -55.39
DC-14   185.73 176.41 9.31999999999999
DA-15   201.13 171.86 29.27
DG-16   188.40 175.72 12.68
DA-17   162.42 171.86 -9.44000000000003
DT-18   195.74 185.78 9.96000000000001
DT-19   178.28 185.78 -7.5
DA-20   152.43 171.86 -19.43
DC-21   182.39 176.41 5.97999999999999
DA-22   177.98 171.86 6.11999999999998
DT-23   194.95 185.78 9.16999999999999
DA-24   163.15 171.86 -8.71000000000001
DC-25   195.06 176.41 18.65
DA-26   200.22 171.86 28.36
DT-27   198.74 185.78 12.96
DA-28   165.75 171.86 -6.11000000000001
DC-29   179.02 176.41 2.61000000000001
DA-30   177.17 171.86 5.30999999999997
DG-31   211.23 175.72 35.51
DA-32   109.54 171.86 -62.32
DT-33   124.76 185.78 -61.02
DT-34   101.86 185.78 -83.92
DA-35    48.42 171.86 -123.44
DC-36   148.95 176.41 -27.46
DA-37   166.97 171.86 -4.89000000000001
DT-38   190.92 185.78 5.13999999999999
DA-39   170.88 171.86 -0.980000000000018
DC-40   183.16 176.41 6.75
DA-41   192.29 171.86 20.43
DT-42   191.74 185.78 5.96000000000001
DA-43   177.14 171.86 5.27999999999997
DC-44   179.41 176.41 3
DA-45   193.70 171.86 21.84
DG-46   193.95 175.72 18.23
DA-47   169.23 171.86 -2.63000000000002
DT-48   181.74 185.78 -4.03999999999999
DT-49   198.32 185.78 12.54
DA-50   175.56 171.86 3.69999999999999
DC-51   174.35 176.41 -2.06
DA-52   166.98 171.86 -4.88000000000002
DT-53   193.98 185.78 8.19999999999999
DA-54   161.62 171.86 -10.24
DC-55   179.79 176.41 3.38
DA-56   190.99 171.86 19.13
DT-57   210.76 185.78 24.98
DA-58   190.21 171.86 18.35
DC-59   185.77 176.41 9.36000000000001
DA-60   113.36 171.86 -58.5
DG-61    46.45 175.72 -129.27
DA-62    93.73 171.86 -78.13
DT-63   128.05 185.78 -57.73
DT-64   162.59 185.78 -23.19
DA-65   170.65 171.86 -1.21000000000001
DC-66   178.57 176.41 2.16
DA-67   187.07 171.86 15.21
DT-68   194.41 185.78 8.63
DA-69   160.01 171.86 -11.85
DC-70   201.19 176.41 24.78
DA-71   196.96 171.86 25.1
DT-72   202.06 185.78 16.28
DA-73   190.27 171.86 18.41
DC-74   185.69 176.41 9.28
DA-75   181.62 171.86 9.75999999999999
DG-76   170.51 175.72 -5.21000000000001
DA-77   177.38 171.86 5.51999999999998
DT-78   200.77 185.78 14.99
DT-79   192.51 185.78 6.72999999999999
DA-80   167.38 171.86 -4.48000000000002
DC-81   263.85 176.41 87.44
DA-82   153.03 171.86 -18.83
DT-83   139.44 185.78 -46.34
DA-84    93.73 171.86 -78.13
DC-85    95.40 176.41 -81.01
DA-86    62.03 171.86 -109.83
DT-87   170.89 185.78 -14.89
DA-88   176.39 171.86 4.52999999999997
DC-89   172.24 176.41 -4.16999999999999
DA-90   295.14 171.86 123.28
DT-91   233.04 185.78 47.26
DG-92   186.75 175.72 11.03
DT-93   188.69 185.78 2.91
DA-94   161.16 171.86 -10.7
DT-95   183.15 185.78 -2.63
DG-96   154.49 175.72 -21.23
DT-97   121.41 185.78 -64.37
DA-98    32.03 171.86 -139.83
DT-99   122.39 185.78 -63.39
DG-100   111.70 175.72 -64.02
DT-101   149.00 185.78 -36.78
DA-102   187.38 171.86 15.52
DA-103   194.55 171.86 22.69
DT-104   191.99 185.78 6.21000000000001
DC-105   166.13 176.41 -10.28
DT-106   188.32 185.78 2.53999999999999
DG-107   176.35 175.72 0.629999999999995
DT-108   184.52 185.78 -1.25999999999999
DA-109   180.18 171.86 8.31999999999999
DT-110   194.06 185.78 8.28
DG-111   172.59 175.72 -3.13
DT-112   200.36 185.78 14.58
DA-113   205.58 171.86 33.72
DT-114   116.73 185.78 -69.05
DG-115    50.79 175.72 -124.93
DT-116    65.45 185.78 -120.33
DA-117   152.33 171.86 -19.53
DA-118   166.04 171.86 -5.82000000000002
DT-119   176.04 185.78 -9.74000000000001
DC-120   133.03 176.41 -43.38
DT-121   183.08 185.78 -2.69999999999999
DG-122   195.57 175.72 19.85
DT-123   209.03 185.78 23.25
DA-124   173.14 171.86 1.27999999999997
DT-125   189.19 185.78 3.41
DG-126   176.48 175.72 0.759999999999991
DT-127   204.79 185.78 19.01
DA-128   167.46 171.86 -4.40000000000001
DT-129   168.65 185.78 -17.13
DG-130   146.01 175.72 -29.71
DT-131   190.34 185.78 4.56
DA-132   178.35 171.86 6.48999999999998
DA-133   170.05 171.86 -1.81
DT-134   182.40 185.78 -3.38
DC-135   177.74 176.41 1.33000000000001
DT-136   208.65 185.78 22.87
DG-137   188.45 175.72 12.73
DT-138   191.97 185.78 6.19
DA-139   169.55 171.86 -2.31
DT-140   187.64 185.78 1.85999999999999
DG-141   170.20 175.72 -5.52000000000001
DT-142   195.38 185.78 9.59999999999999
DA-143   179.19 171.86 7.32999999999998
DT-144   180.99 185.78 -4.78999999999999
DG-145   158.12 175.72 -17.6
DT-146   174.55 185.78 -11.23
DA-147   165.11 171.86 -6.75
DA-148    97.06 171.86 -74.8
DT-149    69.59 185.78 -116.19
DC-150    42.45 176.41 -133.96
DT-151   159.44 185.78 -26.34
DG-152   120.26 175.72 -55.46
DT-153   183.56 185.78 -2.22
DA-154   180.45 171.86 8.58999999999997
DT-155   211.01 185.78 25.23
DG-156   181.98 175.72 6.25999999999999
DT-157   192.86 185.78 7.08000000000001
DA-158   171.12 171.86 -0.740000000000009
DT-159   194.04 185.78 8.25999999999999
DG-160   156.56 175.72 -19.16
DT-161   177.79 185.78 -7.99000000000001
DA-162   190.18 171.86 18.32
DA-163   164.48 171.86 -7.38000000000002
DT-164   172.69 185.78 -13.09
DC-165   171.12 176.41 -5.28999999999999
DT-166   191.64 185.78 5.85999999999999
DG-167   176.73 175.72 1.00999999999999
DT-168   189.05 185.78 3.27000000000001
DA-169   123.99 171.86 -47.87
DT-170    96.56 185.78 -89.22
DG-171    21.93 175.72 -153.79
DT-172    62.44 185.78 -123.34
DA-173   157.51 171.86 -14.35
DT-174   178.15 185.78 -7.63
DG-175   161.65 175.72 -14.07
DT-176   187.64 185.78 1.85999999999999
DA-177   172.42 171.86 0.559999999999974
DA-178   164.63 171.86 -7.23000000000002
DT-179   160.49 185.78 -25.29
DC-180   255.91 176.41 79.5
