DG-1   240.57 175.72 64.85
DA-2   182.91 171.86 11.05
DT-3   182.98 185.78 -2.80000000000001
DT-4   147.26 185.78 -38.52
DA-5    60.64 171.86 -111.22
DC-6    78.03 176.41 -98.38
DA-7   149.17 171.86 -22.69
DT-8   143.89 185.78 -41.89
DA-9   171.73 171.86 -0.130000000000024
DC-10   177.39 176.41 0.97999999999999
DA-11   177.76 171.86 5.89999999999998
DT-12   148.51 185.78 -37.27
DA-13   115.97 171.86 -55.89
DC-14   185.60 176.41 9.19
DA-15   205.34 171.86 33.48
DG-16   197.21 175.72 21.49
DA-17   188.08 171.86 16.22
DT-18   186.29 185.78 0.509999999999991
DT-19   185.86 185.78 0.0800000000000125
DA-20   162.20 171.86 -9.66000000000003
DC-21   186.41 176.41 10
DA-22   179.71 171.86 7.84999999999999
DT-23   192.42 185.78 6.63999999999999
DA-24   176.12 171.86 4.25999999999999
DC-25   187.60 176.41 11.19
DA-26   184.27 171.86 12.41
DT-27   198.02 185.78 12.24
DA-28   177.41 171.86 5.54999999999998
DC-29   188.06 176.41 11.65
DA-30   176.27 171.86 4.41
DG-31   211.12 175.72 35.4
DA-32   112.43 171.86 -59.43
DT-33   124.01 185.78 -61.77
DT-34   104.21 185.78 -81.57
DA-35    46.39 171.86 -125.47
DC-36   152.28 176.41 -24.13
DA-37   152.98 171.86 -18.88
DT-38   173.52 185.78 -12.26
DA-39   175.42 171.86 3.55999999999997
DC-40   202.35 176.41 25.94
DA-41   171.27 171.86 -0.590000000000003
DT-42   199.17 185.78 13.39
DA-43   169.54 171.86 -2.32000000000002
DC-44   193.71 176.41 17.3
DA-45   196.78 171.86 24.92
DG-46   193.26 175.72 17.54
DA-47   182.01 171.86 10.15
DT-48   182.13 185.78 -3.65000000000001
DT-49   185.48 185.78 -0.300000000000011
DA-50   183.56 171.86 11.7
DC-51   181.23 176.41 4.81999999999999
DA-52   192.25 171.86 20.39
DT-53   201.86 185.78 16.08
DA-54   176.05 171.86 4.19
DC-55   201.41 176.41 25
DA-56   175.33 171.86 3.47
DT-57   173.22 185.78 -12.56
DA-58   171.15 171.86 -0.710000000000008
DC-59   196.82 176.41 20.41
DA-60   125.49 171.86 -46.37
DG-61    49.81 175.72 -125.91
DA-62    95.51 171.86 -76.35
DT-63   129.76 185.78 -56.02
DT-64   164.60 185.78 -21.18
DA-65   167.12 171.86 -4.74000000000001
DC-66   179.63 176.41 3.22
DA-67   180.82 171.86 8.95999999999998
DT-68   187.62 185.78 1.84
DA-69   167.78 171.86 -4.08000000000001
DC-70   190.28 176.41 13.87
DA-71   180.00 171.86 8.13999999999999
DT-72   186.67 185.78 0.889999999999986
DA-73   166.30 171.86 -5.56
DC-74   170.36 176.41 -6.04999999999998
DA-75   162.94 171.86 -8.92000000000002
DG-76   203.61 175.72 27.89
DA-77   163.42 171.86 -8.44000000000003
DT-78   182.35 185.78 -3.43000000000001
DT-79   192.24 185.78 6.46000000000001
DA-80   158.70 171.86 -13.16
DC-81   256.29 176.41 79.88
DA-82   146.12 171.86 -25.74
DT-83   140.13 185.78 -45.65
DA-84    94.64 171.86 -77.22
DC-85    94.35 176.41 -82.06
DA-86    61.97 171.86 -109.89
DT-87   182.87 185.78 -2.91
DA-88   171.84 171.86 -0.0200000000000102
DC-89   161.94 176.41 -14.47
DA-90   320.86 171.86 149
DT-91   231.26 185.78 45.48
DG-92   152.78 175.72 -22.94
DT-93   198.14 185.78 12.36
DA-94   157.92 171.86 -13.94
DT-95   184.69 185.78 -1.09
DG-96   152.35 175.72 -23.37
DT-97   121.27 185.78 -64.51
DA-98    37.73 171.86 -134.13
DT-99   120.84 185.78 -64.94
DG-100   127.89 175.72 -47.83
DT-101   144.87 185.78 -40.91
DA-102   183.92 171.86 12.06
DA-103   151.04 171.86 -20.82
DT-104   194.98 185.78 9.19999999999999
DC-105   179.04 176.41 2.63
DT-106   195.41 185.78 9.63
DG-107   192.51 175.72 16.79
DT-108   204.54 185.78 18.76
DA-109   173.04 171.86 1.17999999999998
DT-110   196.75 185.78 10.97
DG-111   182.65 175.72 6.93000000000001
DT-112   196.76 185.78 10.98
DA-113   186.47 171.86 14.61
DT-114   123.40 185.78 -62.38
DG-115    50.01 175.72 -125.71
DT-116    66.24 185.78 -119.54
DA-117   150.39 171.86 -21.47
DA-118   167.31 171.86 -4.55000000000001
DT-119   176.89 185.78 -8.89000000000001
DC-120   140.13 176.41 -36.28
DT-121   191.55 185.78 5.77000000000001
DG-122   183.66 175.72 7.94
DT-123   197.75 185.78 11.97
DA-124   154.18 171.86 -17.68
DT-125   180.37 185.78 -5.41
DG-126   199.73 175.72 24.01
DT-127   195.45 185.78 9.66999999999999
DA-128   190.22 171.86 18.36
DT-129   205.85 185.78 20.07
DG-130   150.43 175.72 -25.29
DT-131   167.43 185.78 -18.35
DA-132   192.77 171.86 20.91
DA-133   168.34 171.86 -3.52000000000001
DT-134   169.09 185.78 -16.69
DC-135   168.92 176.41 -7.49000000000001
DT-136   191.90 185.78 6.12
DG-137   167.59 175.72 -8.13
DT-138   203.38 185.78 17.6
DA-139   170.36 171.86 -1.5
DT-140   193.81 185.78 8.03
DG-141   172.66 175.72 -3.06
DT-142   199.91 185.78 14.13
DA-143   169.00 171.86 -2.86000000000001
DT-144   177.56 185.78 -8.22
DG-145   158.82 175.72 -16.9
DT-146   176.04 185.78 -9.74000000000001
DA-147   164.89 171.86 -6.97000000000003
DA-148    99.50 171.86 -72.36
DT-149    69.86 185.78 -115.92
DC-150    48.71 176.41 -127.7
DT-151   173.72 185.78 -12.06
DG-152   107.60 175.72 -68.12
DT-153   194.25 185.78 8.47
DA-154   183.68 171.86 11.82
DT-155   184.72 185.78 -1.06
DG-156   171.07 175.72 -4.65000000000001
DT-157   182.33 185.78 -3.44999999999999
DA-158   174.20 171.86 2.33999999999997
DT-159   193.51 185.78 7.72999999999999
DG-160   159.37 175.72 -16.35
DT-161   188.44 185.78 2.66
DA-162   173.28 171.86 1.41999999999999
DA-163   178.17 171.86 6.30999999999997
DT-164   166.16 185.78 -19.62
DC-165   179.91 176.41 3.5
DT-166   194.36 185.78 8.58000000000001
DG-167   177.24 175.72 1.52000000000001
DT-168   191.04 185.78 5.25999999999999
DA-169   128.22 171.86 -43.64
DT-170    92.64 185.78 -93.14
DG-171    20.88 175.72 -154.84
DT-172    62.82 185.78 -122.96
DA-173   156.77 171.86 -15.09
DT-174   172.99 185.78 -12.79
DG-175   163.84 175.72 -11.88
DT-176   181.09 185.78 -4.69
DA-177   170.85 171.86 -1.01000000000002
DA-178   180.17 171.86 8.30999999999997
DT-179   189.24 185.78 3.46000000000001
DC-180   282.26 176.41 105.85
