DG-1   235.76 175.72 60.04
DA-2   172.33 171.86 0.469999999999999
DT-3   177.40 185.78 -8.38
DT-4   147.35 185.78 -38.43
DA-5    58.17 171.86 -113.69
DC-6    78.46 176.41 -97.95
DA-7   146.80 171.86 -25.06
DT-8   142.78 185.78 -43
DA-9   172.66 171.86 0.799999999999983
DC-10   178.32 176.41 1.91
DA-11   174.74 171.86 2.88
DT-12   150.79 185.78 -34.99
DA-13   114.96 171.86 -56.9
DC-14   187.96 176.41 11.55
DA-15   193.77 171.86 21.91
DG-16   190.65 175.72 14.93
DA-17   183.50 171.86 11.64
DT-18   194.59 185.78 8.81
DT-19   197.64 185.78 11.86
DA-20   182.12 171.86 10.26
DC-21   198.89 176.41 22.48
DA-22   195.70 171.86 23.84
DT-23   202.55 185.78 16.77
DA-24   188.42 171.86 16.56
DC-25   192.55 176.41 16.14
DA-26   193.59 171.86 21.73
DT-27   182.64 185.78 -3.14000000000001
DA-28   157.88 171.86 -13.98
DC-29   181.81 176.41 5.40000000000001
DA-30   181.24 171.86 9.38
DG-31   210.71 175.72 34.99
DA-32   110.70 171.86 -61.16
DT-33   125.71 185.78 -60.07
DT-34   100.36 185.78 -85.42
DA-35    46.88 171.86 -124.98
DC-36   146.57 176.41 -29.84
DA-37   160.82 171.86 -11.04
DT-38   186.27 185.78 0.490000000000009
DA-39   179.11 171.86 7.25
DC-40   201.09 176.41 24.68
DA-41   184.50 171.86 12.64
DT-42   194.38 185.78 8.59999999999999
DA-43   185.67 171.86 13.81
DC-44   186.34 176.41 9.93000000000001
DA-45   188.21 171.86 16.35
DG-46   190.09 175.72 14.37
DA-47   178.25 171.86 6.38999999999999
DT-48   186.17 185.78 0.389999999999986
DT-49   192.73 185.78 6.94999999999999
DA-50   193.99 171.86 22.13
DC-51   205.00 176.41 28.59
DA-52   190.11 171.86 18.25
DT-53   201.40 185.78 15.62
DA-54   182.11 171.86 10.25
DC-55   196.34 176.41 19.93
DA-56   180.63 171.86 8.76999999999998
DT-57   198.82 185.78 13.04
DA-58   165.00 171.86 -6.86000000000001
DC-59   186.41 176.41 10
DA-60   100.46 171.86 -71.4
DG-61    52.26 175.72 -123.46
DA-62    93.49 171.86 -78.37
DT-63   127.67 185.78 -58.11
DT-64   163.73 185.78 -22.05
DA-65   173.39 171.86 1.52999999999997
DC-66   178.79 176.41 2.38
DA-67   170.73 171.86 -1.13000000000002
DT-68   180.17 185.78 -5.61000000000001
DA-69   169.24 171.86 -2.62
DC-70   182.67 176.41 6.25999999999999
DA-71   197.52 171.86 25.66
DT-72   196.39 185.78 10.61
DA-73   158.98 171.86 -12.88
DC-74   227.49 176.41 51.08
DA-75   183.83 171.86 11.97
DG-76   178.83 175.72 3.11000000000001
DA-77   163.70 171.86 -8.16000000000003
DT-78   170.53 185.78 -15.25
DT-79   180.25 185.78 -5.53
DA-80   160.36 171.86 -11.5
DC-81   240.74 176.41 64.33
DA-82   144.57 171.86 -27.29
DT-83   142.44 185.78 -43.34
DA-84    94.12 171.86 -77.74
DC-85    91.86 176.41 -84.55
DA-86    64.95 171.86 -106.91
DT-87   187.00 185.78 1.22
DA-88   181.83 171.86 9.97
DC-89   187.90 176.41 11.49
DA-90   302.12 171.86 130.26
DT-91   240.48 185.78 54.7
DG-92   183.59 175.72 7.87
DT-93   199.33 185.78 13.55
DA-94   178.74 171.86 6.88
DT-95   186.74 185.78 0.960000000000008
DG-96   156.05 175.72 -19.67
DT-97   122.57 185.78 -63.21
DA-98    37.51 171.86 -134.35
DT-99   122.59 185.78 -63.19
DG-100   131.61 175.72 -44.11
DT-101   157.25 185.78 -28.53
DA-102   183.52 171.86 11.66
DA-103   166.20 171.86 -5.66000000000003
DT-104   159.37 185.78 -26.41
DC-105   168.38 176.41 -8.03
DT-106   205.68 185.78 19.9
DG-107   200.05 175.72 24.33
DT-108   204.47 185.78 18.69
DA-109   146.52 171.86 -25.34
DT-110   181.61 185.78 -4.16999999999999
DG-111   186.55 175.72 10.83
DT-112   198.42 185.78 12.64
DA-113   180.28 171.86 8.41999999999999
DT-114   126.63 185.78 -59.15
DG-115    51.83 175.72 -123.89
DT-116    63.97 185.78 -121.81
DA-117   152.21 171.86 -19.65
DA-118   165.45 171.86 -6.41000000000003
DT-119   179.66 185.78 -6.12
DC-120   136.78 176.41 -39.63
DT-121   197.20 185.78 11.42
DG-122   170.72 175.72 -5
DT-123   183.92 185.78 -1.86000000000001
DA-124   149.63 171.86 -22.23
DT-125   203.36 185.78 17.58
DG-126   174.95 175.72 -0.77000000000001
DT-127   201.15 185.78 15.37
DA-128   185.01 171.86 13.15
DT-129   210.97 185.78 25.19
DG-130   162.86 175.72 -12.86
DT-131   189.10 185.78 3.31999999999999
DA-132   181.41 171.86 9.54999999999998
DA-133   173.75 171.86 1.88999999999999
DT-134   168.01 185.78 -17.77
DC-135   165.88 176.41 -10.53
DT-136   198.03 185.78 12.25
DG-137   182.52 175.72 6.80000000000001
DT-138   202.72 185.78 16.94
DA-139   183.15 171.86 11.29
DT-140   216.13 185.78 30.35
DG-141   175.14 175.72 -0.580000000000013
DT-142   189.74 185.78 3.96000000000001
DA-143   172.57 171.86 0.70999999999998
DT-144   180.82 185.78 -4.96000000000001
DG-145   159.91 175.72 -15.81
DT-146   177.46 185.78 -8.31999999999999
DA-147   165.27 171.86 -6.59
DA-148   101.53 171.86 -70.33
DT-149    71.44 185.78 -114.34
DC-150    41.96 176.41 -134.45
DT-151   161.85 185.78 -23.93
DG-152   119.60 175.72 -56.12
DT-153   182.85 185.78 -2.93000000000001
DA-154   167.75 171.86 -4.11000000000001
DT-155   185.45 185.78 -0.330000000000013
DG-156   189.22 175.72 13.5
DT-157   181.94 185.78 -3.84
DA-158   163.36 171.86 -8.5
DT-159   177.31 185.78 -8.47
DG-160   160.17 175.72 -15.55
DT-161   187.92 185.78 2.13999999999999
DA-162   196.25 171.86 24.39
DA-163   171.21 171.86 -0.650000000000006
DT-164   178.48 185.78 -7.30000000000001
DC-165   175.38 176.41 -1.03
DT-166   204.32 185.78 18.54
DG-167   178.70 175.72 2.97999999999999
DT-168   190.76 185.78 4.97999999999999
DA-169   124.40 171.86 -47.46
DT-170    93.54 185.78 -92.24
DG-171    22.23 175.72 -153.49
DT-172    64.41 185.78 -121.37
DA-173   159.41 171.86 -12.45
DT-174   175.49 185.78 -10.29
DG-175   164.58 175.72 -11.14
DT-176   181.73 185.78 -4.05000000000001
DA-177   173.84 171.86 1.97999999999999
DA-178   175.50 171.86 3.63999999999999
DT-179   188.41 185.78 2.63
DC-180   279.84 176.41 103.43
