1	1.39
2	0.91
3	7.02
4	-0.10
5	2.61
6	5.62
7	-0.91
8	14.14
9	2.84
10	5.97
11	-1.61
12	5.57
13	11.63
14	8.71
15	8.72
16	6.02
17	1.60
18	7.47
19	0.74
20	8.01
21	-5.95
22	6.79
23	4.24
24	-1.50
25	-2.24
26	-3.18
27	10.15
28	7.82
29	2.55
30	8.07
31	6.13
32	10.22
33	9.66
34	9.24
35	1.88
36	-1.37
37	2.70
38	5.88
39	10.27
40	5.24
41	1.57
42	5.51
43	-4.61
44	-7.91
45	3.66
46	11.49
47	9.34
48	6.32
49	11.24
50	3.97
51	3.17
52	2.72
53	-1.92
54	1.67
55	-0.01
56	4.62
57	4.84
58	0.39
59	14.11
60	0.22
61	5.95
62	-1.85
63	3.62
64	2.93
65	9.29
66	-3.20
67	5.02
68	2.81
69	5.95
70	10.27
71	7.28
72	8.89
73	5.57
74	8.23
75	3.88
76	11.07
77	5.58
78	1.41
79	4.27
80	4.60
81	6.27
82	5.91
83	18.17
84	5.19
85	-1.43
86	3.77
87	4.40
88	6.02
89	8.35
90	13.32
91	9.83
92	-3.43
93	12.30
94	9.53
95	5.89
96	2.27
97	5.85
98	0.93
99	-4.08
100	9.22
101	5.91
