1	-10.64
2	-6.11
3	-9.30
4	0.95
5	-1.95
6	-13.94
7	-6.24
8	-7.40
9	-14.27
10	-11.52
11	-0.14
12	-8.23
13	-6.81
14	-6.34
15	-10.30
16	-6.46
17	-15.94
18	-15.82
19	-5.47
20	-1.87
21	-15.89
22	-10.73
23	-1.99
24	-15.03
25	-8.55
26	-7.27
27	-10.11
28	-10.25
29	-12.82
30	-17.59
31	-3.28
32	-14.70
33	-22.93
34	-4.26
35	-6.69
36	-10.39
37	-4.39
38	-15.73
39	-7.83
40	-10.55
41	-9.78
42	-6.32
43	-10.80
44	-4.91
45	-11.03
46	-19.87
47	-7.90
48	-8.37
49	-8.32
50	-8.30
51	-15.54
52	-4.91
53	-10.74
54	-17.50
55	-5.05
56	-10.88
57	-4.81
58	-16.51
59	-16.60
60	-10.24
61	-13.34
62	-1.66
63	-11.42
64	-7.64
65	-5.69
66	-5.13
67	-8.24
68	-10.46
69	-7.82
70	-14.20
71	-1.40
72	-13.72
73	-9.25
74	-2.96
75	-3.16
76	-10.37
77	-13.69
78	-7.03
79	-8.51
80	-14.10
81	-7.28
82	-5.72
83	-8.55
84	-3.21
85	-11.49
86	-15.99
87	-6.02
88	-5.17
89	-15.20
90	-4.63
91	-6.71
92	-3.57
93	-8.87
94	-12.05
95	-0.15
96	-3.15
97	0.11
98	5.58
99	-1.76
100	-17.31
101	-6.83
