1	0.01
2	0.04
3	0.01
4	0.11
5	0.01
6	0.03
7	0.00
8	0.02
9	0.00
10	0.08
11	0.02
12	0.05
13	0.00
14	-0.13
15	0.03
16	0.02
17	-0.05
18	0.06
19	-0.01
20	0.08
21	0.04
22	0.03
23	0.04
24	0.05
25	-0.02
26	-0.09
27	-0.01
28	0.00
29	-0.03
30	0.04
31	0.08
32	-0.02
33	0.07
34	0.03
35	-0.08
36	0.09
37	0.05
38	-0.02
39	0.04
40	-0.05
41	-0.10
42	-0.04
43	0.03
44	0.07
45	0.01
46	0.17
47	0.04
48	0.02
49	-0.09
50	0.07
51	-0.02
52	0.06
53	-0.04
54	0.05
55	0.03
56	0.06
57	-0.03
58	0.10
59	-0.02
60	0.03
61	0.07
62	-0.03
63	0.03
64	0.06
65	-0.04
66	-0.01
67	-0.01
68	0.05
69	-0.05
70	0.10
71	0.06
72	0.06
73	0.11
74	-0.04
75	0.04
76	-0.04
77	-0.07
78	0.03
79	0.02
80	0.02
81	0.09
82	0.12
83	0.18
84	0.02
85	-0.08
86	0.04
87	0.07
88	0.06
89	-0.03
90	0.07
91	0.05
92	-0.02
93	-0.07
94	-0.03
95	-0.04
96	-0.01
97	0.10
98	-0.07
99	0.03
100	0.13
101	0.09
