1	32.88
2	32.21
3	34.52
4	24.09
5	17.77
6	32.03
7	32.55
8	27.09
9	29.45
10	33.73
11	35.21
12	24.98
13	31.60
14	33.59
15	35.52
16	24.92
17	25.23
18	34.62
19	27.83
20	32.74
21	35.76
22	34.27
23	19.45
24	9.51
25	30.80
26	35.08
27	34.71
28	37.59
29	28.10
30	28.54
31	39.36
32	35.81
33	25.29
34	25.34
35	35.14
36	26.27
37	31.74
38	33.48
39	25.56
40	36.16
41	32.05
42	19.31
43	17.60
44	27.58
45	27.50
46	34.73
47	30.44
48	27.21
49	36.61
50	32.42
51	32.35
52	18.00
53	29.51
54	32.46
55	33.79
56	33.00
57	19.32
58	30.05
59	27.99
60	31.34
61	14.83
62	28.42
63	31.05
64	32.17
65	28.35
66	36.61
67	33.67
68	20.83
69	30.57
70	34.06
71	34.41
72	36.82
73	35.12
74	36.84
75	34.61
76	29.99
77	27.64
78	38.16
79	31.36
80	25.95
81	33.83
82	35.78
83	27.90
84	26.71
85	25.54
86	30.56
87	32.75
88	31.85
89	26.43
90	31.91
91	34.51
92	23.32
93	30.86
94	28.98
95	35.72
96	37.95
97	25.85
98	30.32
99	37.48
100	30.33
101	26.13
