1	163.54
2	163.16
3	166.32
4	178.30
5	158.10
6	172.24
7	162.61
8	161.82
9	162.98
10	162.09
11	160.68
12	178.68
13	164.33
14	168.36
15	160.97
16	165.94
17	161.56
18	158.21
19	157.29
20	162.88
21	165.82
22	165.76
23	167.93
24	186.84
25	160.14
26	161.51
27	165.60
28	273.17
29	211.3
30	163.36
31	159.11
32	157.34
33	165.21
34	171.86
35	168.34
36	160.51
37	164.01
38	176.67
39	165.95
40	165.89
41	168.01
42	163.65
43	164.30
44	163.61
45	159.29
46	164.57
47	162.12
48	164.57
49	180.74
50	166.85
51	164.46
