1	270.52
2	276.55
3	283.75
4	240.69
5	285.42
6	270.77
7	285.22
8	256.46
9	290.22
10	270.61
11	268.59
12	291.85
13	285.12
14	277.71
15	285.54
16	276.21
17	288.17
18	269.09
19	279.34
20	267.05
21	274.34
22	269.36
23	260.55
24	284.57
25	263.74
26	255.34
27	231.69
28	282.92
29	263.53
30	283.27
31	240.05
32	276.07
33	274.59
34	281.53
35	281.81
36	266.09
37	266.78
38	263.11
39	272.98
40	284.79
41	285.24
42	270.01
43	243.99
44	263.5
45	274.22
46	277.93
47	279.96
48	229.32
49	289.85
50	265.16
51	264.09
