1	-59.83
2	-66.71
3	-135.28
4	-30.03
5	-92.93
6	-81.01
7	-134.33
8	-63.38
9	-86.79
10	-146.11
11	-77.98
12	-85.63
13	-105.01
14	-112.8
15	-122.35
16	-74.63
17	-102.23
18	-110.96
19	-109.66
20	-99.68
21	-93
22	-113.13
23	-122.13
24	-107.97
25	-132.43
26	-123.78
27	134.67
28	-105.93
29	-165.33
30	-107.32
31	-38.54
32	-73.66
33	-121.55
34	-102.55
35	-116.08
36	-111.15
37	-59.35
38	-139.59
39	-125.92
40	-143.27
41	-103.85
42	-157.22
43	-4.31999999999999
44	-124.98
45	-116.07
46	-117.79
47	-124.49
48	-70.96
49	-127.94
50	-101.06
51	65.08
