1	-81.21
2	-96.86
3	-117.9
4	-123.17
5	-88.73
6	-81.37
7	-83.08
8	-98.39
9	-90.84
10	-113.49
11	-100.07
12	-103.56
13	-99.84
14	-79.27
15	-82.67
16	-108.25
17	-124.08
18	-69.74
19	-68.47
20	-117.96
21	-88.03
22	-101.77
23	-127.12
24	-78.49
25	-96.1
26	-107.66
27	-119.5
28	-60.6
29	-124.09
30	-153.19
31	-101.47
32	-115.35
33	-116.51
34	-98.45
35	-110.05
36	-73.86
37	-91.88
38	-79.25
39	-58.83
40	-84.33
41	-108.46
42	-94.48
43	-59.94
44	-100.56
45	-126.38
46	-97.41
47	-93.23
48	-100.66
49	-107.42
50	-50.79
51	-84.05
