1	0.12
2	-1.87
3	-1.30
4	-0.89
5	-1.42
6	-1.05
7	-1.63
8	-1.96
9	-2.00
10	-2.61
11	-1.67
12	-0.23
13	-1.64
14	-2.16
15	-1.16
16	-1.54
17	-2.20
18	-0.99
19	-1.08
20	-0.41
21	-1.61
22	-1.16
23	-0.31
24	-0.15
25	-1.55
26	-1.76
27	-0.50
28	-1.52
29	-2.79
30	-1.48
31	-2.77
32	-0.53
33	-1.71
34	-1.91
35	-1.56
36	-0.94
37	-2.40
38	-1.20
39	-1.36
40	-1.31
41	-1.52
42	-1.09
43	-1.81
44	-1.06
45	-1.50
46	-1.83
47	-1.59
48	-1.04
49	-2.14
50	-1.44
51	-2.32
52	-1.54
53	-2.05
54	-0.82
55	-2.28
56	-2.14
57	-1.20
58	-2.67
59	-1.14
60	-1.33
61	-1.63
62	-1.90
63	-1.96
64	-1.18
65	-1.10
66	-2.05
67	-1.75
68	-1.53
69	-0.94
70	-1.14
71	-1.08
72	-2.02
73	-1.18
74	-1.11
75	-1.77
76	-0.31
77	-2.13
78	-1.52
79	-0.39
80	-1.94
81	-1.74
82	-2.34
83	-0.46
84	-1.66
85	-2.45
86	-1.08
87	-1.12
88	-1.43
89	-1.50
90	-0.86
91	-1.41
92	-0.63
93	-2.51
94	-1.20
95	-1.15
96	-1.31
97	-2.19
98	-1.02
99	-0.38
100	-1.16
101	-1.93
