1	12.71
2	11.73
3	13.23
4	14.81
5	12.90
6	13.37
7	11.89
8	13.96
9	15.21
10	14.31
11	15.35
12	9.29
13	6.10
14	9.68
15	13.04
16	11.20
17	13.92
18	14.09
19	13.66
20	16.79
21	12.84
22	14.27
23	12.55
24	12.94
25	13.56
26	13.20
27	13.08
28	11.91
29	13.15
30	12.85
31	12.66
32	11.40
33	10.31
34	13.72
35	14.43
36	14.36
37	13.76
38	14.66
39	13.74
40	13.19
41	14.25
42	12.84
43	14.27
44	13.95
45	16.50
46	13.19
47	13.21
48	14.81
49	14.13
50	15.91
51	13.07
52	12.91
53	12.60
54	12.81
55	14.59
56	12.77
57	12.26
58	13.56
59	13.17
60	15.46
61	15.32
62	16.80
63	13.25
64	13.51
65	13.43
66	14.41
67	11.91
68	14.47
69	9.21
70	14.67
71	13.20
72	14.06
73	15.19
74	12.82
75	13.32
76	13.55
77	14.35
78	14.25
79	10.35
80	12.07
81	13.05
82	10.93
83	9.93
84	12.99
85	13.40
86	14.97
87	13.26
88	13.41
89	14.66
90	11.36
91	10.17
92	13.52
93	11.69
94	12.59
95	13.12
96	15.34
97	14.44
98	13.22
99	12.11
100	11.41
101	12.42
