1	-63.56
2	-92.35
3	-158.34
4	-76.58
5	-91.13
6	-136.3
7	-130.75
8	-156.75
9	-112.03
10	-99.06
11	-43.36
12	-164.7
13	-83.01
14	-173.71
15	-146.96
16	-79.77
17	-99.69
18	-107.98
19	-101.21
20	-135.61
21	-93.28
22	-72.62
23	-56.66
24	-84.12
25	-70.46
26	-134.44
27	-90.19
28	-123.72
29	-137.31
30	-130.67
31	-88.38
32	-97.36
33	-76.37
34	-144.53
35	-110.68
36	-95.36
37	-118.77
38	-82.32
39	-114.56
40	-120.7
41	-148.14
42	-134.87
43	-97.08
44	-98.42
45	-103.91
46	-114.74
47	-109.25
48	-96.17
49	-133.03
50	-100.75
51	-140.85
