1	182.68
2	175.73
3	160.94
4	191.2
5	170.03
6	165.01
7	171.79
8	163.61
9	177.21
10	174.72
11	192.17
12	168.04
13	180.08
14	158.39
15	161.42
16	180.57
17	175.06
18	172.13
19	175.81
20	171.08
21	178.47
22	183.77
23	183.01
24	175.25
25	182.68
26	167.13
27	188.12
28	169.27
29	171.95
30	162.79
31	180.25
32	188.58
33	187.46
34	162.53
35	167.29
36	177.03
37	168.16
38	183.69
39	175.02
40	167.36
41	167.13
42	169.53
43	175.32
44	165.42
45	176.00
46	175.58
47	174.27
48	177.14
49	171.52
50	172.37
51	165.44
