1	5.96
2	4.97
3	5.48
4	6.28
5	6.19
6	5.63
7	5.33
8	6.28
9	5.21
10	4.47
11	6.40
12	6.05
13	6.62
14	5.98
15	5.60
16	5.32
17	6.17
18	6.31
19	6.52
20	5.55
21	5.99
22	6.04
23	5.80
24	6.22
25	5.84
26	5.91
27	5.14
28	5.08
29	5.34
30	5.55
31	3.97
32	6.44
33	5.21
34	6.04
35	5.04
36	5.47
37	3.77
38	6.26
39	5.92
40	6.11
41	5.28
42	5.35
43	3.85
44	5.91
45	5.85
46	4.42
47	5.25
48	5.24
49	4.83
50	4.03
51	5.15
52	5.10
53	4.51
54	5.90
55	4.54
56	5.56
57	5.39
58	4.65
59	5.90
60	4.72
61	4.49
62	3.57
63	5.13
64	5.67
65	4.36
66	4.19
67	5.45
68	5.57
69	6.19
70	5.79
71	5.28
72	4.89
73	4.96
74	4.25
75	4.71
76	5.81
77	5.76
78	5.89
79	6.83
80	5.35
81	5.73
82	4.87
83	5.43
84	4.94
85	5.66
86	6.19
87	5.64
88	4.61
89	5.63
90	6.02
91	5.21
92	6.13
93	5.28
94	5.19
95	6.24
96	4.84
97	5.55
98	5.82
99	5.71
100	6.63
101	6.24
