    NaN    NaN    NaN    NaN-114.49  45.00-147.12  63.40  56.95  45.00 152.13  45.00-134.56  33.70
 -79.96   0.00 167.66  90.00-113.96  26.60 174.17  90.00  53.59   0.00 158.42  63.40 -94.35  14.00
 -71.94  26.60 177.08  90.00-115.79  45.00-174.17  90.00  58.54   0.00 146.63  45.00 -99.76  18.40
 -68.96  26.60 169.49  90.00-109.54   0.00-152.38  63.40  56.47  45.00 143.71  63.40-144.75  45.00
 -63.17  26.60 166.39  63.40-112.44  45.00-178.26  90.00  52.78  45.00 164.54  63.40 -72.72  18.40
 -86.42   0.00 167.09  63.40-110.08  45.00-112.95  33.70  62.92  45.00 139.14  45.00-177.46  45.00
 -81.21   0.00 159.51  63.40-115.79  45.00 178.25  63.40  53.93   0.00 162.85  63.40 -89.37  26.60
 -70.63  18.40 175.91  90.00-113.20  45.00-152.35  56.30  56.47  45.00 138.76  45.00-116.86  36.90
 -79.96  26.60 167.99  63.40-110.83  26.60-169.38  63.40  55.20  45.00 150.55  63.40 -88.67  21.80
 -80.84  18.40 158.42  63.40-115.02  45.00    NaN    NaN  66.04  26.60 139.52  45.00    NaN    NaN
    NaN    NaN 171.30  90.00-115.26  26.60 175.38  90.00  55.20   0.00 151.34  63.40 -83.73  14.00
 -74.80  18.40 170.63  90.00-117.08  26.60-145.62  45.00  59.04  45.00 131.68  26.60-116.89  38.70
 -90.60  18.40 168.69  63.40-108.43  26.60-164.95  63.40  54.40  45.00 154.49  63.40-105.49  21.80
 -72.32  18.40 163.97  63.40-119.17  26.60-138.99  45.00  61.62  45.00 137.49  45.00-120.84  38.70
 -92.95   0.00 168.11  63.40-112.13  26.60    NaN    NaN  52.78  45.00 144.19  63.40    NaN    NaN
    NaN    NaN 159.72  63.40-108.99  26.60-127.98  33.70  60.33  45.00 144.06  45.00-157.43  53.10
 -84.75   0.00 162.12  63.40-112.66  26.60 178.26  90.00  54.40   0.00 164.13  90.00 -99.26  18.40
 -69.51  26.60 174.81  90.00-119.17  45.00-174.81  90.00  60.61   0.00 148.24  45.00 -99.66  18.40
 -69.51  26.60 170.06  90.00-107.70  45.00-153.43  63.40  55.20  45.00 145.67  45.00-140.84  45.00
 -67.11  26.60 168.23  63.40-109.54  26.60    NaN    NaN  54.40   0.00 167.78  90.00    NaN    NaN
    NaN    NaN 170.73  90.00-113.20   0.00-135.86  45.00  57.26   0.00 142.78  45.00-139.54  45.00
 -92.36   0.00 167.78  90.00-111.91  26.60 177.66  90.00  56.47  45.00 157.87  63.40 -88.73  26.60
 -74.38  18.40 172.37  90.00-114.49  26.60-141.53  45.00  59.83  45.00 139.97  45.00-120.74  36.90
 -91.17   0.00 169.85  63.40-110.83  26.60-165.38  56.30  54.87  45.00 151.34  63.40 -95.38  21.80
 -80.93  18.40 162.12  63.40-113.96  26.60-120.40  36.90  64.21  45.00 139.97  63.40-162.51  51.30
 -87.05   0.00 161.94  63.40-118.66  26.60    NaN    NaN  54.40   0.00 154.23  63.40    NaN    NaN
    NaN    NaN 177.08  90.00-110.83  26.60-142.02  45.00  57.26  45.00 137.49  45.00-125.11  38.70
 -88.82   0.00 167.54  63.40-110.83  26.60-171.03  71.60  57.26  45.00 153.96  63.40 -89.30  21.80
 -78.93  18.40 162.50  63.40-113.66  26.60    NaN    NaN  62.92  26.60 134.58  45.00    NaN    NaN
    NaN    NaN 161.19  63.40-107.50  26.60    NaN    NaN  53.13  45.00 158.42  63.40    NaN    NaN
    NaN    NaN    NaN    NaN-110.62   0.00    NaN    NaN  54.40  45.00 149.24  63.40    NaN    NaN
    NaN    NaN 165.26  63.40-116.57  45.00-164.38  63.40  60.83  45.00 141.71  45.00-124.78  36.90
 -66.34  26.60 166.39  63.40-113.43  26.60-157.43  45.00  56.95  45.00 148.12  45.00-111.18  36.90
 -79.27   0.00 170.63  63.40-106.59  26.60 180.00  71.60  54.87  45.00 157.65  63.40-106.13  36.90
 -63.70  26.60 171.12  63.40-117.08  26.60-162.85  45.00  54.87  45.00 144.67  45.00-106.88  33.70
 -57.44  26.60 163.97  63.40-113.43  26.60-165.26  63.40  56.95  45.00 145.34  63.40-129.64  45.00
 -64.74  26.60 166.39  63.40-115.26  45.00-161.01  63.40  56.95  45.00 151.29  45.00-104.65  26.60
 -80.54   0.00 173.53  90.00-106.03  26.60 179.41  63.40  56.47  45.00 158.42  63.40-107.82  26.60
 -60.55  26.60 172.44  90.00-114.20  26.60-163.74  90.00  53.59   0.00 145.82  63.40-109.03  33.70
 -55.34  26.60 165.11  63.40-111.37  26.60    NaN    NaN  56.47  45.00 150.83  63.40    NaN    NaN
    NaN    NaN 174.81  90.00-108.80   0.00-163.41  63.40  53.13   0.00 154.74  63.40 -90.00  14.00
 -95.89   0.00 162.30  63.40-110.08  45.00-141.81  45.00  61.11  45.00 141.97  45.00-160.59  56.30
 -67.87  26.60 158.96  63.40-115.02  45.00 178.26  90.00  57.75  45.00 168.80  63.40 -96.75  18.40
 -66.88  26.60 176.53  90.00-114.49  45.00-158.63  63.40  57.75  45.00 150.04  63.40-113.84  33.70
 -70.27  26.60 174.17  90.00-109.34   0.00-172.37  63.40  54.40  45.00 152.38  63.40-100.47  18.40
 -78.80   0.00 170.06  90.00-111.91  45.00-164.85  90.00  55.67  45.00 146.63  63.40-109.61  33.70
 -55.34  26.60 161.57  63.40-117.08  45.00-162.50  63.40  59.53  45.00 142.54  63.40-125.15  36.90
 -66.34  26.60 167.41  63.40-113.96  26.60-162.50  63.40  55.20  45.00 150.48  56.30-103.71  31.00
 -79.16  18.40 171.79  63.40-103.47  26.60-177.64  63.40  53.59  45.00 158.42  63.40-116.28  26.60
 -57.12  26.60 166.96  63.40-116.04  26.60    NaN    NaN  56.47  45.00 147.44  45.00    NaN    NaN
    NaN    NaN 173.09  90.00-115.26  45.00-174.81  90.00  55.99   0.00 147.12  63.40-114.09  18.40
 -63.43  26.60 167.66  90.00-113.96  45.00-159.17  63.40  55.20  45.00 145.15  45.00-107.24  26.60
 -82.87   0.00 171.12  63.40-106.42  26.60 178.21  71.60  56.95  45.00 156.88  63.40 -99.89  21.80
 -71.94  26.60 174.75  90.00-116.57  26.60-162.85  63.40  56.47  45.00 146.31  63.40-106.46  26.60
 -57.93  26.60 165.82  63.40-111.58  26.60-160.07  63.40  57.75  45.00 146.31  45.00-129.56  45.00
 -64.74  26.60 165.11  63.40-114.49  45.00    NaN    NaN  55.20  45.00 154.49  63.40    NaN    NaN
    NaN    NaN 168.35  90.00-103.47   0.00-136.29  33.70  56.95  45.00 142.43  45.00-169.92  63.40
 -66.57  26.60 150.77  45.00-119.67  45.00 177.69  90.00  59.53  45.00 165.26  63.40 -86.92  14.00
 -72.50  26.60 176.50  90.00-112.66  45.00-153.43  63.40  56.47  45.00 147.93  45.00-123.34  45.00
 -72.50  18.40 165.68  63.40-116.57  26.60    NaN    NaN  57.26   0.00 147.93  63.40    NaN    NaN
