1	226.76
2	190.93
3	265.4
4	248.05
5	247.73
6	262.02
7	229.88
8	189.29
9	240.78
10	189.62
11	204.86
12	242.74
13	262.96
14	225.8
15	270.28
16	228.11
17	198.51
18	247.75
19	208.82
20	196.09
21	238.96
22	272.15
23	253.29
24	246.24
25	215.46
26	286.13
27	210.9
28	216.91
29	199.85
30	247.65
31	233.05
32	274.5
33	197.01
34	234.25
35	204.28
36	230.69
37	274.42
38	232.08
39	210.1
40	225.44
41	207.58
42	219.23
43	271.83
44	218.37
45	234.29
46	265.17
47	285.86
48	241.99
49	NaN
50	235.77
51	280.9
52	195.36
53	181.67
54	221.59
55	190.92
56	244.98
57	257.14
58	280.58
59	296.51
60	279.03
61	258.71
62	216.98
63	202.24
64	254.86
65	196.63
66	293.19
67	238.99
68	271.02
69	253.23
70	213.68
71	265.8
72	262.34
73	234.81
74	195.11
75	288.8
76	280.1
77	243.1
78	209.65
79	238.88
80	273.18
81	285.3
82	206.92
83	251.71
84	209.98
85	265.46
86	270.13
87	203.62
88	253.73
89	201.22
90	229.75
91	218.4
92	240.79
93	235.09
94	192.29
95	208.62
96	251.54
97	190.88
98	208.98
99	231
100	227.35
101	294.78
