1	54.97
2	72.40
3	59.88
4	64.65
5	56.88
6	59.21
7	51.91
8	53.73
9	56.92
10	59.57
11	61.10
12	60.94
13	54.99
14	62.83
15	60.65
16	59.75
17	67.18
18	51.32
19	65.54
20	53.50
21	77.22
22	67.78
23	49.11
24	51.63
25	68.66
26	88.66
27	51.52
28	54.82
29	60.05
30	65.30
31	88.52
32	67.62
33	69.94
34	77.58
35	58.76
36	51.30
37	67.29
38	58.87
39	63.14
40	69.15
41	63.20
42	70.91
43	71.96
44	64.26
45	46.16
46	63.26
47	66.85
48	64.27
49	73.15
50	77.27
51	66.38
52	65.28
53	108.80
54	69.50
55	65.15
56	58.00
57	58.94
58	64.02
59	92.93
60	53.79
61	50.28
62	62.28
63	61.49
64	57.98
65	49.42
66	67.13
67	63.27
68	58.33
69	53.80
70	64.93
71	64.54
72	59.40
73	58.10
74	62.12
75	62.36
76	57.15
77	72.25
78	72.38
79	44.17
80	55.35
81	70.09
82	62.49
83	44.99
84	59.94
85	72.94
86	54.56
87	54.05
88	62.21
89	61.57
90	81.70
91	56.87
92	64.67
93	88.84
94	57.03
95	57.91
96	72.23
97	60.52
98	54.90
99	60.02
100	61.91
101	75.61
