1	0.20
2	0.54
3	-1.24
4	-1.15
5	-0.30
6	-0.18
7	0.99
8	2.74
9	-0.04
10	-2.29
11	1.87
12	-2.49
13	1.25
14	-0.34
15	-0.57
16	-0.49
17	2.33
18	0.72
19	-1.11
20	1.18
21	-0.67
22	0.52
23	-0.85
24	-1.93
25	0.64
26	1.28
27	1.35
28	0.21
29	-1.23
30	1.34
31	1.66
32	0.23
33	2.75
34	-4.90
35	-2.49
36	-2.55
37	-0.94
38	0.93
39	-0.88
40	2.65
41	0.19
42	0.22
43	1.12
44	2.51
45	-0.24
46	-0.81
47	2.02
48	1.69
49	0.36
50	0.36
51	1.85
52	2.94
53	0.07
54	-0.66
55	-3.74
56	-0.52
57	2.65
58	-0.34
59	0.10
60	-1.33
61	-3.46
62	3.38
63	-0.15
64	4.23
65	-2.07
66	-0.08
67	-0.43
68	-2.47
69	-0.86
70	-2.35
71	1.59
72	0.36
73	0.48
74	0.26
75	-0.34
76	2.71
77	-0.69
78	3.15
79	1.17
80	1.06
81	0.21
82	-0.82
83	0.22
84	1.55
85	-0.26
86	1.28
87	-2.60
88	1.34
89	-0.66
90	1.48
91	0.57
92	0.35
93	2.87
94	-0.38
95	1.62
96	-0.27
97	0.50
98	-0.96
99	0.25
100	-0.94
101	0.88
