1	166.39
2	168.51
3	167.34
4	166.90
5	165.59
6	171.82
7	165.00
8	171.33
9	157.75
10	164.69
11	170.27
12	151.44
13	177.09
14	157.30
15	161.52
16	175.69
17	161.91
18	170.52
19	186.24
20	175.97
21	168.26
22	150.10
23	172.14
24	161.67
25	162.72
26	172.85
27	162.09
28	168.15
29	177.22
30	175.85
31	179.16
32	150.43
33	174.32
34	174.77
35	170.90
36	170.03
37	184.42
38	164.64
39	179.41
40	160.62
41	174.29
42	179.73
43	176.17
44	157.01
45	178.71
46	175.56
47	160.75
48	193.87
49	190.82
50	167.66
51	157.89
