1 3.02
2 3.02
3 3.17
4 3.17
5 3.05
6 3.05
7 3.18
8 3.18
9 3.07
10 3.07
11 3.20
12 3.20
13 3.11
14 3.11
15 3.10
16 3.10
17 3.07
18 3.07
19 3.16
20 3.16
21 3.08
22 3.08
23 3.04
24 3.04
25 2.98
26 2.98
27 3.04
28 3.04
29 3.17
30 3.17
31 3.14
32 3.14
33 3.21
34 3.21
35 3.14
36 3.14
37 3.07
38 3.07
39 3.15
40 3.15
41 3.10
42 3.10
43 3.27
44 3.27
45 3.08
46 3.08
47 3.19
48 3.19
49 3.16
50 3.16
51 3.17
52 3.17
53 3.16
54 3.16
55 3.00
56 3.00
57 3.11
58 3.11
59 3.19
60 3.19
61 3.07
62 3.07
63 3.02
64 3.02
65 3.11
66 3.11
67 3.12
68 3.12
69 3.18
70 3.18
71 3.06
72 3.06
73 3.26
74 3.26
75 3.07
76 3.07
77 3.06
78 3.06
79 3.21
80 3.21
81 3.08
82 3.08
83 3.21
84 3.21
85 3.12
86 3.12
87 3.15
88 3.15
89 3.15
90 3.15
91 3.11
92 3.11
93 3.17
94 3.17
95 3.14
96 3.14
97 3.10
98 3.10
99 2.96
100 2.96
101 3.05
102 3.05
