2	ATAT  -0.15   0.30
3	TTAA   0.81   0.40
4	TATA  -0.81   0.40
5	ACGT   0.75   0.40
6	CATG  -1.03   0.30
7	ATAT   0.10   0.40
8	TATA   0.03   0.40
9	ACGT   0.54   0.40
10	CATG  -1.51   0.60
11	ATAT   0.19   0.40
12	TATA  -0.05   0.40
13	ACGT   0.48   0.40
14	CATG  -0.58   0.40
15	AGCT   0.51   0.30
16	GATC  -0.66   0.30
17	ATAT   0.02   0.30
18	TTAA   0.80   0.30
19	TATA  -0.70   0.40
20	ACGT   1.12   0.60
21	CATG  -0.99   0.30
22	ATAT   0.08   0.40
23	TATA   0.07   0.40
24	ACGT   0.67   0.40
25	CATG  -0.88   0.30
26	ATAT   0.13   0.40
27	TATA  -0.06   0.40
28	ACGT   0.74   0.40
