1	1.28
2	-0.72
3	-1.15
4	3.46
5	8.61
6	9.22
7	-4.38
8	5.91
9	5.43
10	-7.80
11	2.61
12	8.65
13	10.87
14	6.25
15	4.07
16	4.53
17	4.02
18	7.15
19	9.16
20	2.90
21	10.56
22	4.81
23	5.43
24	7.19
25	6.93
26	8.17
27	-5.07
28	7.72
29	3.24
30	4.14
31	0.16
32	2.72
33	2.41
34	4.74
35	8.94
36	4.87
37	-5.53
38	2.22
39	10.21
40	0.50
41	-2.71
42	8.15
43	0.61
44	4.06
45	5.08
46	-0.58
47	8.35
48	3.48
49	6.63
50	9.33
51	2.49
52	4.86
53	3.33
54	-5.07
55	0.25
56	5.05
57	1.54
58	4.06
59	-0.86
60	2.20
61	1.31
62	8.14
63	5.46
64	9.66
65	5.86
66	-0.62
67	8.80
68	6.26
69	2.18
70	5.08
71	4.17
72	13.35
73	10.51
74	-3.21
75	0.89
76	14.68
77	4.33
78	19.91
79	4.93
80	6.33
81	11.98
82	-1.06
83	-0.13
84	9.45
85	9.43
86	8.19
87	4.06
88	8.93
89	-4.46
90	3.52
91	6.58
92	11.14
93	2.17
94	-0.91
95	5.68
96	-1.45
97	12.91
98	14.29
99	12.06
100	-1.54
101	8.51
