1 -1.50
2 -1.50
3 -7.85
4 -7.85
5 -22.62
6 -22.62
7 0.46
8 0.46
9 -17.28
10 -17.28
11 0.44
12 0.44
13 -5.15
14 -5.15
15 -12.26
16 -12.26
17 -9.40
18 -9.40
19 -13.72
20 -13.72
21 -10.66
22 -10.66
23 -5.72
24 -5.72
25 -8.36
26 -8.36
27 -13.15
28 -13.15
29 2.41
30 2.41
31 -1.37
32 -1.37
33 -4.87
34 -4.87
35 -8.03
36 -8.03
37 -4.46
38 -4.46
39 -11.60
40 -11.60
41 -3.28
42 -3.28
43 -8.96
44 -8.96
45 -11.90
46 -11.90
47 -6.83
48 -6.83
49 -1.98
50 -1.98
51 -19.16
52 -19.16
53 -7.01
54 -7.01
55 -10.49
56 -10.49
57 0.86
58 0.86
59 -12.22
60 -12.22
61 6.67
62 6.67
63 5.34
64 5.34
65 -6.23
66 -6.23
67 2.52
68 2.52
69 -2.33
70 -2.33
71 -3.58
72 -3.58
73 -15.54
74 -15.54
75 -4.21
76 -4.21
77 -8.11
78 -8.11
79 -14.02
80 -14.02
81 -0.86
82 -0.86
83 19.08
84 19.08
85 -13.76
86 -13.76
87 9.25
88 9.25
89 -9.27
90 -9.27
91 -25.19
92 -25.19
93 -9.97
94 -9.97
95 4.04
96 4.04
97 17.52
98 17.52
99 25.26
100 25.26
101 -9.24
102 -9.24
103 -5.55
104 -5.55
105 -12.20
106 -12.20
107 -6.12
108 -6.12
109 2.67
110 2.67
111 -7.73
112 -7.73
113 -2.64
114 -2.64
115 -8.77
116 -8.77
117 22.22
118 22.22
119 -5.43
120 -5.43
121 -15.34
122 -15.34
123 0.54
124 0.54
125 8.14
126 8.14
127 0.12
128 0.12
129 -10.15
130 -10.15
131 6.77
132 6.77
133 -10.36
134 -10.36
135 -3.53
136 -3.53
137 -9.37
138 -9.37
139 -10.00
140 -10.00
141 2.08
142 2.08
143 -9.59
144 -9.59
145 -8.96
146 -8.96
147 -2.66
148 -2.66
149 3.12
150 3.12
151 3.37
152 3.37
153 -9.67
154 -9.67
155 -29.92
156 -29.92
157 2.11
158 2.11
159 -15.91
160 -15.91
161 -18.84
162 -18.84
163 -14.14
164 -14.14
165 -3.07
166 -3.07
167 10.64
168 10.64
169 -5.35
170 -5.35
171 -1.28
172 -1.28
173 -8.20
174 -8.20
175 -5.66
176 -5.66
177 -6.71
178 -6.71
179 -0.23
180 -0.23
181 -9.15
182 -9.15
183 -11.83
184 -11.83
185 16.26
186 16.26
187 -6.23
188 -6.23
189 -22.35
190 -22.35
191 -12.65
192 -12.65
193 -4.34
194 -4.34
195 -27.52
196 -27.52
197 -9.96
198 -9.96
199 -6.34
200 -6.34
201 -28.95
202 -28.95
