1 -0.12
2 -0.12
3 0.28
4 0.28
5 0.01
6 0.01
7 -0.10
8 -0.10
9 -0.51
10 -0.51
11 -0.34
12 -0.34
13 -0.16
14 -0.16
15 -0.15
16 -0.15
17 0.06
18 0.06
19 -0.16
20 -0.16
21 0.19
22 0.19
23 -0.56
24 -0.56
25 0.13
26 0.13
27 -0.18
28 -0.18
29 -0.30
30 -0.30
31 -0.03
32 -0.03
33 -0.29
34 -0.29
35 -0.12
36 -0.12
37 -0.20
38 -0.20
39 -0.29
40 -0.29
41 -0.19
42 -0.19
43 -0.25
44 -0.25
45 0.11
46 0.11
47 -0.28
48 -0.28
49 -0.35
50 -0.35
51 0.25
52 0.25
53 0.49
54 0.49
55 -0.15
56 -0.15
57 -0.44
58 -0.44
59 -0.22
60 -0.22
61 -0.40
62 -0.40
63 -0.24
64 -0.24
65 -0.50
66 -0.50
67 -0.52
68 -0.52
69 -0.15
70 -0.15
71 -0.27
72 -0.27
73 0.17
74 0.17
75 -0.20
76 -0.20
77 -0.54
78 -0.54
79 -0.19
80 -0.19
81 -0.30
82 -0.30
83 0.11
84 0.11
85 -0.22
86 -0.22
87 -0.24
88 -0.24
89 -0.21
90 -0.21
91 0.08
92 0.08
93 -0.25
94 -0.25
95 0.07
96 0.07
97 -0.36
98 -0.36
99 0.13
100 0.13
101 -0.35
102 -0.35
103 -0.26
104 -0.26
105 0.03
106 0.03
107 -0.20
108 -0.20
109 0.09
110 0.09
111 0.44
112 0.44
113 0.29
114 0.29
115 0.35
116 0.35
117 -0.33
118 -0.33
119 -0.19
120 -0.19
121 -0.15
122 -0.15
123 0.27
124 0.27
125 -0.25
126 -0.25
127 -0.19
128 -0.19
129 -0.33
130 -0.33
131 -0.63
132 -0.63
133 -0.36
134 -0.36
135 0.05
136 0.05
137 -0.23
138 -0.23
139 -0.26
140 -0.26
141 0.27
142 0.27
143 0.17
144 0.17
145 -0.29
146 -0.29
147 -0.26
148 -0.26
149 -0.75
150 -0.75
151 0.09
152 0.09
153 -0.32
154 -0.32
155 -0.07
156 -0.07
157 -0.24
158 -0.24
159 0.03
160 0.03
161 -0.12
162 -0.12
163 -0.37
164 -0.37
165 -0.15
166 -0.15
167 -0.18
168 -0.18
169 -0.26
170 -0.26
171 -0.53
172 -0.53
173 -0.41
174 -0.41
175 0.62
176 0.62
177 -0.41
178 -0.41
179 -0.13
180 -0.13
181 -0.45
182 -0.45
183 -0.01
184 -0.01
185 -0.54
186 -0.54
187 -0.22
188 -0.22
189 -0.02
190 -0.02
191 -0.02
192 -0.02
193 0.38
194 0.38
195 -0.04
196 -0.04
197 -0.20
198 -0.20
199 -0.28
200 -0.28
201 0.21
202 0.21
