1 35.62
2 35.62
3 42.95
4 42.95
5 42.16
6 42.16
7 39.62
8 39.62
9 39.91
10 39.91
11 28.67
12 28.67
13 41.60
14 41.60
15 42.02
16 42.02
17 37.41
18 37.41
19 38.98
20 38.98
21 38.27
22 38.27
23 41.27
24 41.27
25 43.97
26 43.97
27 37.02
28 37.02
29 33.19
30 33.19
31 42.62
32 42.62
33 34.57
34 34.57
35 43.56
36 43.56
37 41.89
38 41.89
39 36.35
40 36.35
41 39.46
42 39.46
43 36.13
44 36.13
45 38.73
46 38.73
47 37.73
48 37.73
49 38.64
50 38.64
51 39.77
52 39.77
53 37.06
54 37.06
55 42.69
56 42.69
57 36.92
58 36.92
59 38.93
60 38.93
61 35.34
62 35.34
63 36.36
64 36.36
65 43.16
66 43.16
67 35.07
68 35.07
69 34.20
70 34.20
71 35.65
72 35.65
73 32.94
74 32.94
75 35.10
76 35.10
77 38.83
78 38.83
79 42.01
80 42.01
81 39.75
82 39.75
83 25.22
84 25.22
85 39.64
86 39.64
87 29.53
88 29.53
89 35.45
90 35.45
91 42.89
92 42.89
93 38.62
94 38.62
95 39.40
96 39.40
97 30.46
98 30.46
99 25.87
100 25.87
101 38.60
102 38.60
103 40.20
104 40.20
105 47.51
106 47.51
107 37.98
108 37.98
109 40.64
110 40.64
111 34.88
112 34.88
113 38.73
114 38.73
115 35.48
116 35.48
117 30.52
118 30.52
119 35.49
120 35.49
121 36.85
122 36.85
123 32.15
124 32.15
125 32.42
126 32.42
127 39.38
128 39.38
129 34.48
130 34.48
131 30.38
132 30.38
133 35.57
134 35.57
135 41.38
136 41.38
137 46.35
138 46.35
139 41.03
140 41.03
141 33.36
142 33.36
143 38.99
144 38.99
145 36.61
146 36.61
147 41.14
148 41.14
149 34.89
150 34.89
151 32.77
152 32.77
153 34.53
154 34.53
155 42.88
156 42.88
157 38.62
158 38.62
159 42.10
160 42.10
161 42.60
162 42.60
163 40.05
164 40.05
165 44.61
166 44.61
167 29.17
168 29.17
169 39.75
170 39.75
171 43.25
172 43.25
173 38.15
174 38.15
175 29.50
176 29.50
177 39.35
178 39.35
179 40.59
180 40.59
181 35.30
182 35.30
183 40.68
184 40.68
185 31.85
186 31.85
187 43.22
188 43.22
189 41.46
190 41.46
191 44.69
192 44.69
193 35.57
194 35.57
195 42.82
196 42.82
197 42.97
198 42.97
199 31.68
200 31.68
201 40.15
202 40.15
