1 -0.13
2 -0.13
3 -0.20
4 -0.20
5 0.26
6 0.26
7 0.03
8 0.03
9 0.04
10 0.04
11 -0.05
12 -0.05
13 -0.56
14 -0.56
15 0.10
16 0.10
17 -0.39
18 -0.39
19 -0.21
20 -0.21
21 -0.02
22 -0.02
23 -0.39
24 -0.39
25 -0.83
26 -0.83
27 -0.47
28 -0.47
29 -0.41
30 -0.41
31 -0.23
32 -0.23
33 -0.56
34 -0.56
35 -0.14
36 -0.14
37 -0.05
38 -0.05
39 -0.06
40 -0.06
41 -1.09
42 -1.09
43 -0.33
44 -0.33
45 -0.14
46 -0.14
47 -0.63
48 -0.63
49 -0.34
50 -0.34
51 -0.27
52 -0.27
53 -0.28
54 -0.28
55 -0.23
56 -0.23
57 -0.54
58 -0.54
59 -0.14
60 -0.14
61 -0.19
62 -0.19
63 0.02
64 0.02
65 -0.54
66 -0.54
67 -0.06
68 -0.06
69 -0.21
70 -0.21
71 -0.73
72 -0.73
73 -0.43
74 -0.43
75 -0.55
76 -0.55
77 -0.23
78 -0.23
79 -0.36
80 -0.36
81 -0.55
82 -0.55
83 -0.10
84 -0.10
85 -0.40
86 -0.40
87 -0.67
88 -0.67
89 -0.81
90 -0.81
91 -0.49
92 -0.49
93 -0.31
94 -0.31
95 0.06
96 0.06
97 -0.45
98 -0.45
99 -0.24
100 -0.24
101 -0.70
102 -0.70
103 -0.31
104 -0.31
105 -0.63
106 -0.63
107 -0.57
108 -0.57
109 -0.03
110 -0.03
111 -0.58
112 -0.58
113 -0.52
114 -0.52
115 -0.84
116 -0.84
117 -0.45
118 -0.45
119 0.03
120 0.03
121 -0.61
122 -0.61
123 -0.74
124 -0.74
125 -0.07
126 -0.07
127 -0.04
128 -0.04
129 -0.64
130 -0.64
131 0.25
132 0.25
133 -0.05
134 -0.05
135 -0.27
136 -0.27
137 -0.28
138 -0.28
139 -0.55
140 -0.55
141 0.06
142 0.06
143 -0.67
144 -0.67
145 -0.57
146 -0.57
147 -0.43
148 -0.43
149 -0.11
150 -0.11
151 -0.32
152 -0.32
153 -0.56
154 -0.56
155 -0.57
156 -0.57
157 -0.15
158 -0.15
159 -0.24
160 -0.24
161 0.17
162 0.17
163 -0.27
164 -0.27
165 -0.24
166 -0.24
167 -0.62
168 -0.62
169 -0.13
170 -0.13
171 -0.53
172 -0.53
173 -0.07
174 -0.07
175 0.15
176 0.15
177 -0.47
178 -0.47
179 -0.33
180 -0.33
181 0.15
182 0.15
183 0.07
184 0.07
185 -1.03
186 -1.03
187 -0.10
188 -0.10
189 -0.23
190 -0.23
191 -0.04
192 -0.04
193 -0.07
194 -0.07
195 0.08
196 0.08
197 -0.16
198 -0.16
199 -0.61
200 -0.61
201 -0.26
202 -0.26
