1	138.12
2	140.05
3	141.34
4	139.67
5	137.55
6	138.85
7	138.52
8	141.50
9	139.32
10	140.27
11	140.49
12	138.38
13	139.93
14	142.11
15	139.09
16	139.57
17	139.82
18	141.23
19	138.38
20	139.55
21	140.34
22	140.41
23	138.96
24	141.28
25	138.66
26	140.35
27	141.25
28	141.16
29	139.30
30	139.87
31	140.69
32	140.39
33	137.09
34	138.08
35	140.90
36	139.40
37	138.59
38	141.95
39	137.11
40	139.62
41	139.92
42	141.03
43	140.72
44	140.00
45	139.01
46	140.93
47	142.80
48	139.70
49	139.51
50	139.51
51	139.01
