1	169.13
2	165.53
3	170.54
4	171.11
5	172.54
6	177.96
7	175.38
8	173.85
9	181.26
10	172.44
11	181.59
12	179.51
13	183.23
14	177.34
15	168.58
16	163.51
17	177.41
18	167.41
19	176.07
20	171.24
21	177.53
22	178.42
23	173.08
24	171.51
25	157.54
26	179.90
27	164.18
28	172.58
29	164.90
30	173.75
31	158.43
32	163.50
33	163.55
34	182.24
35	164.84
36	175.79
37	166.98
38	163.44
39	164.28
40	179.45
41	172.14
42	174.64
43	171.89
44	179.68
45	176.40
46	170.08
47	178.34
48	171.00
49	180.53
50	172.02
51	160.41
52	176.43
53	170.68
54	175.23
55	172.80
56	177.73
57	155.42
58	171.30
59	171.79
60	166.60
61	179.26
62	180.8
63	174.71
64	163.45
65	175.68
66	165.64
67	175.83
68	173.49
69	176.44
70	172.90
71	183.95
72	178.45
73	175.08
74	157.90
75	160.99
76	177.39
77	187.45
78	178.63
79	181.04
80	169.80
81	186.33
82	177.90
83	163.81
84	176.18
85	170.00
86	176.40
87	177.84
88	177.22
89	156.51
90	161.91
91	175.70
92	184.3
93	170.31
94	173.38
95	185.45
96	176.79
97	178.73
98	185.28
99	178.65
100	170.32
101	173.33
