1	0.12
2	0.10
3	-0.01
4	-0.12
5	0.04
6	0.00
7	0.09
8	0.16
9	0.02
10	-0.07
11	0.15
12	0.07
13	-0.02
14	0.00
15	0.15
16	0.13
17	0.18
18	0.07
19	-0.06
20	-0.08
21	0.06
22	0.02
23	-0.05
24	-0.20
25	-0.07
26	0.13
27	-0.16
28	-0.08
29	0.14
30	0.04
31	0.10
32	0.32
33	0.19
34	0.21
35	-0.16
36	0.19
37	-0.09
38	0.09
39	0.01
40	0.13
41	0.18
42	0.32
43	-0.15
44	0.36
45	0.00
46	0.16
47	0.08
48	0.11
49	0.36
50	-0.01
51	-0.10
52	-0.21
53	0.11
54	0.12
55	0.27
56	-0.10
57	0.24
58	0.08
59	0.24
60	0.15
61	0.10
62	0.01
63	0.07
64	0.03
65	-0.02
66	0.20
67	0.36
68	0.12
69	-0.02
70	0.20
71	-0.17
72	0.01
73	0.08
74	-0.05
75	-0.18
76	0.12
77	0.05
78	-0.21
79	0.03
80	-0.11
81	-0.19
82	-0.03
83	0.10
84	0.11
85	-0.15
86	0.01
87	0.11
88	-0.17
89	-0.11
90	0.05
91	-0.04
92	-0.02
93	0.10
94	-0.19
95	0.03
96	0.11
97	-0.18
98	-0.05
99	0.07
100	0.07
101	0.17
