1	300.95
2	285.97
3	308.53
4	302.39
5	289.37
6	302.56
7	320.79
8	285.45
9	301.03
10	289.15
11	273.94
12	292.55
13	311.83
14	301.57
15	290.63
16	298.17
17	312.2
18	292.65
19	278.6
20	297.89
21	271.2
22	270.67
23	277.56
24	263.71
25	262.89
26	274.03
27	299.01
28	304.93
29	279.26
30	274.47
31	279.09
32	262.94
33	299.51
34	290.93
35	283.29
36	306.02
37	278.82
38	266.86
39	280.01
40	279.71
41	261.84
42	269.5
43	292.44
44	307.42
45	290.12
46	264.55
47	282.54
48	279.28
49	261.65
50	277.09
51	299.62
52	288.74
53	305.1
54	292.01
55	289.29
56	289.57
57	274.42
58	303.18
59	289.22
60	295.67
61	281.28
62	241.59
63	287.46
64	300.75
65	291.5
66	274.02
67	272.22
68	306.87
69	286.49
70	255.02
71	308.38
72	298.11
73	304.73
74	279.93
75	275.07
76	269.78
77	296.78
78	298.95
79	276
80	319.72
81	282.87
82	290.79
83	308.22
84	271.34
85	280.46
86	284.33
87	285.49
88	274.08
89	283.34
90	283.14
91	290.73
92	302.81
93	319
94	297.15
95	261.78
96	317.15
97	262.74
98	284.62
99	292.63
100	299.3
101	289.39
