1	246.77
2	244.93
3	232.58
4	245.86
5	230.37
6	247.95
7	247.29
8	245.8
9	234.51
10	232.76
11	239.89
12	241.41
13	246.8
14	240.45
15	240.44
16	239.39
17	243.79
18	251.75
19	254.03
20	236.82
21	253.06
22	238.52
23	245.5
24	244.65
25	255.48
26	247.05
27	253.82
28	232.56
29	222.65
30	242.87
31	250.99
32	251.37
33	243.05
34	233.64
35	235.51
36	239.48
37	229.32
38	248.3
39	237.11
40	244.51
41	254.21
42	242.46
43	228.18
44	248.05
45	234.41
46	241.74
47	237.57
48	255.44
49	247.05
50	251.08
51	234.62
52	249.04
53	231.77
54	238.94
55	242.13
56	238.71
57	255.52
58	241.88
59	250.4
60	241.37
61	245.59
62	260.54
63	254.09
64	239.36
65	245.71
66	254.69
67	239.27
68	246.99
69	256.5
70	242.79
71	236.97
72	226.96
73	244.06
74	236.11
75	239.65
76	257.74
77	245.18
78	222.87
79	238.15
80	246.28
81	222.23
82	233.95
83	240.06
84	250.55
85	263.17
86	256.16
87	247.3
88	221.16
89	250.14
90	257.14
91	233.05
92	249.58
93	236.63
94	234.96
95	244.26
96	276.11
97	245.37
98	229.73
99	265.9
100	234.6
101	235.77
