1	1.58
2	-0.24
3	1.46
4	-5.00
5	-2.35
6	1.09
7	-7.62
8	-0.81
9	-4.40
10	-2.45
11	-4.03
12	0.66
13	-6.85
14	4.29
15	-4.60
16	-12.89
17	-4.72
18	5.64
19	0.04
20	-3.59
21	1.49
22	-7.87
23	9.22
24	1.47
25	-3.74
26	4.61
27	-2.37
28	1.76
29	5.38
30	-0.81
31	-1.20
32	3.99
33	5.83
34	1.13
35	3.20
36	-0.80
37	-8.70
38	4.07
39	3.64
40	7.97
41	-8.16
42	6.04
43	-2.05
44	2.72
45	5.36
46	-0.97
47	3.21
48	-0.34
49	7.23
50	0.66
51	3.30
52	-4.16
53	1.86
54	-0.87
55	-5.67
56	0.00
57	3.61
58	-2.26
59	8.88
60	6.57
61	-1.47
62	-2.30
63	-5.64
64	3.27
65	1.93
66	-0.93
67	3.29
68	-6.44
69	2.71
70	-0.94
71	6.12
72	-9.66
73	1.75
74	-8.82
75	6.35
76	6.52
77	-7.79
78	-2.42
79	3.32
80	5.16
81	5.39
82	-4.66
83	-5.65
84	5.41
85	-6.78
86	2.99
87	-2.88
88	-4.69
89	-9.90
90	2.68
91	-11.90
92	5.97
93	-0.37
94	0.78
95	-1.45
96	6.20
97	-1.53
98	6.97
99	5.36
100	7.91
101	7.56
