1	163.28
2	184.47
3	178.39
4	184.35
5	166.09
6	180.86
7	175.07
8	179.98
9	155.73
10	184.56
11	172.02
12	169.27
13	179.30
14	181.28
15	185.61
16	166.18
17	178.63
18	183.76
19	185.94
20	152.64
21	174.04
22	177.76
23	180.53
24	175.39
25	185.59
26	182.48
27	164.82
28	168.77
29	175.03
30	166.47
31	180.54
32	171.89
33	163.01
34	180.93
35	176.93
36	156.56
37	181.97
38	170.96
39	176.20
40	159.43
41	189.4
42	179.86
43	162.28
44	147.09
45	176.91
46	191.54
47	175.31
48	184.42
49	172.72
50	157.32
51	184.21
