1	-0.05
2	-2.08
3	-1.46
4	-1.04
5	-2.07
6	-1.40
7	-2.06
8	-1.77
9	-1.65
10	-2.11
11	-1.80
12	-1.56
13	-1.62
14	-1.73
15	-1.44
16	-0.90
17	-1.87
18	-0.95
19	-1.23
20	-0.81
21	-1.62
22	-0.98
23	-1.12
24	-0.42
25	-1.82
26	-1.49
27	-1.24
28	-2.20
29	-2.45
30	-0.84
31	-3.01
32	-1.22
33	-0.98
34	-1.13
35	-1.59
36	-1.56
37	-2.62
38	-1.87
39	-1.47
40	-2.08
41	-1.57
42	-1.25
43	-2.09
44	-0.99
45	-1.44
46	-1.74
47	-1.22
48	-0.60
49	-2.02
50	-1.64
51	-2.12
52	-1.51
53	-2.02
54	-1.02
55	-2.67
56	-2.64
57	-1.74
58	-2.84
59	-1.33
60	-2.13
61	-1.53
62	-1.89
63	-2.72
64	-0.69
65	-0.81
66	-2.43
67	-1.48
68	-2.04
69	-0.88
70	-1.71
71	-0.98
72	-2.15
73	-1.00
74	-0.97
75	-1.09
76	-1.33
77	-2.56
78	-1.49
79	-0.62
80	-2.27
81	-1.68
82	-2.35
83	-1.67
84	-1.93
85	-1.87
86	-1.89
87	-0.48
88	-1.88
89	-1.81
90	-1.05
91	-1.61
92	-1.41
93	-2.47
94	-1.21
95	-0.96
96	-1.14
97	-2.50
98	-1.24
99	-0.43
100	-1.30
101	-1.85
