1	-0.05
2	0.41
3	0.04
4	0.10
5	0.03
6	-0.30
7	-0.76
8	-0.98
9	0.68
10	-0.64
11	-0.57
12	0.55
13	-1.10
14	-1.17
15	-0.28
16	-0.07
17	-0.11
18	-0.18
19	0.03
20	0.14
21	-0.20
22	0.36
23	-0.19
24	-0.01
25	-0.31
26	-0.31
27	-0.57
28	-0.44
29	-1.07
30	-0.74
31	-0.63
32	-0.24
33	-0.39
34	-0.85
35	0.16
36	-0.05
37	-0.66
38	-0.57
39	0.02
40	0.10
41	-0.51
42	0.21
43	-0.51
44	-0.59
45	-0.13
46	-1.57
47	-0.58
48	-0.16
49	0.04
50	-0.95
51	-0.20
52	-1.39
53	-0.32
54	-0.45
55	-1.20
56	0.11
57	0.00
58	-0.28
59	-0.48
60	0.33
61	-1.01
62	-0.89
63	-0.48
64	-0.74
65	-1.09
66	-1.32
67	-1.47
68	-0.68
69	-0.57
70	0.27
71	-0.54
72	-0.73
73	-0.31
74	-0.30
75	-1.10
76	0.37
77	-0.35
78	0.26
79	0.30
80	-0.74
81	-0.55
82	-0.84
83	-0.42
84	-0.11
85	-0.34
86	0.23
87	-1.06
88	-0.02
89	-0.98
90	-0.31
91	-0.96
92	0.13
93	-0.14
94	-0.66
95	-0.49
96	-0.01
97	-0.42
98	-0.34
99	-0.45
100	-1.14
101	-0.55
