1	-1.16
2	-3.56
3	-1.98
4	-2.24
5	-3.09
6	2.97
7	-5.32
8	0.31
9	5.42
10	-2.97
11	-4.44
12	9.32
13	10.13
14	-4.36
15	-3.30
16	1.60
17	-2.54
18	-5.57
19	-5.76
20	-4.04
21	7.79
22	-1.85
23	9.43
24	0.17
25	-1.50
26	7.69
27	-1.90
28	-2.84
29	-11.24
30	-13.72
31	-0.62
32	-3.48
33	0.54
34	13.76
35	-6.42
36	0.05
37	-3.80
38	-8.72
39	5.26
40	-7.34
41	-12.54
42	4.90
43	-0.74
44	5.86
45	-5.78
46	-9.39
47	4.33
48	-1.25
49	3.58
50	1.83
51	1.91
52	7.21
53	-1.97
54	-3.61
55	-4.99
56	1.81
57	-3.73
58	-7.98
59	3.86
60	-10.02
61	-8.15
62	17.22
63	1.75
64	15.60
65	-2.44
66	-6.72
67	7.93
68	-4.11
69	-4.87
70	-4.35
71	1.13
72	-6.87
73	8.97
74	-4.04
75	-4.30
76	-2.59
77	-4.87
78	2.32
79	-0.90
80	-2.41
81	8.01
82	-8.50
83	-1.44
84	-11.50
85	-3.35
86	-5.59
87	-3.87
88	3.53
89	-13.10
90	0.39
91	-6.64
92	6.26
93	-9.06
94	-9.86
95	-2.01
96	7.61
97	9.42
98	-4.25
99	10.77
100	-11.64
101	1.10
