1	1.19
2	13.46
3	-0.98
4	3.75
5	3.02
6	4.65
7	12.75
8	-7.16
9	-7.09
10	8.14
11	3.31
12	2.44
13	4.85
14	-1.21
15	-2.17
16	-0.33
17	-10.37
18	4.44
19	-0.48
20	-3.98
21	6.30
22	5.24
23	-3.41
24	-1.15
25	11.65
26	4.17
27	7.80
28	-3.47
29	-3.23
30	-7.63
31	7.11
32	-4.77
33	6.30
34	0.46
35	8.88
36	9.37
37	-1.78
38	4.16
39	1.16
40	6.22
41	13.86
42	-2.80
43	16.13
44	-4.88
45	-10.83
46	3.68
47	3.78
48	-1.68
49	1.19
50	4.82
51	2.15
52	0.07
53	3.47
54	10.89
55	2.44
56	-7.44
57	16.51
58	3.30
59	-0.15
60	-0.92
61	-6.90
62	6.02
63	6.70
64	9.37
65	7.48
66	7.52
67	3.51
68	-1.73
69	7.70
70	0.42
71	11.96
72	-0.61
73	-1.32
74	3.03
75	0.70
76	11.64
77	-7.09
78	-2.89
79	6.21
80	0.96
81	11.74
82	0.44
83	10.98
84	-3.08
85	-0.08
86	-6.31
87	7.93
88	-1.16
89	0.72
90	2.89
91	-5.18
92	-3.23
93	-0.77
94	14.57
95	11.42
96	9.83
97	0.95
98	-3.41
99	5.29
100	5.44
101	10.33
