1	0.00
2	-0.08
3	0.04
4	0.01
5	0.05
6	-0.01
7	-0.04
8	0.18
9	0.15
10	-0.03
11	0.03
12	0.01
13	-0.02
14	0.03
15	0.07
16	0.04
17	0.19
18	-0.01
19	0.04
20	0.12
21	-0.08
22	-0.02
23	0.10
24	0.04
25	-0.05
26	-0.01
27	-0.06
28	0.07
29	0.11
30	0.19
31	-0.06
32	0.09
33	-0.03
34	0.05
35	-0.06
36	-0.06
37	0.10
38	0.01
39	0.01
40	0.01
41	-0.07
42	0.06
43	-0.10
44	0.12
45	0.21
46	-0.02
47	0.02
48	0.07
49	0.02
50	-0.02
51	-0.01
52	0.07
53	0.00
54	-0.12
55	-0.02
56	0.13
57	-0.10
58	0.04
59	0.03
60	0.08
61	0.17
62	0.03
63	-0.05
64	-0.04
65	-0.05
66	-0.04
67	0.02
68	0.08
69	-0.04
70	0.02
71	-0.06
72	0.05
73	0.11
74	-0.02
75	0.02
76	-0.08
77	0.18
78	0.09
79	-0.03
80	0.05
81	-0.08
82	0.07
83	-0.11
84	0.08
85	0.07
86	0.17
87	-0.05
88	-0.01
89	0.07
90	-0.03
91	0.15
92	0.13
93	0.05
94	-0.04
95	-0.05
96	-0.02
97	0.08
98	0.08
99	0.00
100	0.00
101	-0.10
