2	CG   5.12   3.00
3	TA   5.21   4.10
4	CG   3.62   3.00
5	TA   4.47   6.40
6	CG   2.07   1.30
7	TA   3.20   4.60
8	CG   1.52   2.20
9	TA  -0.98   4.60
10	CG   0.05   2.30
11	TA   1.83   4.50
12	CG   1.78   2.20
13	TA   1.54   5.90
14	CG   2.74   2.60
15	TA   1.93   4.20
16	CG   1.22   2.90
17	TA   5.37   5.90
18	TA   5.15   4.00
19	AT   5.05   4.60
20	AT   1.19   2.60
21	AT   5.03   4.20
22	GC   1.33   1.10
23	GC   0.92   2.70
24	TA   4.80   6.20
25	AT   2.84   3.30
26	TA   6.43   3.20
27	AT   5.17   4.40
28	CG   2.75   2.30
29	AT   5.50   3.60
30	AT   3.05   3.80
31	GC   2.17   2.10
32	AT   6.24   5.50
33	AT   3.45   5.10
34	AT   2.22   4.30
35	GC   1.32   2.00
36	TA   3.26   4.80
37	TA   2.39   3.20
38	TA   5.07   4.60
39	GC   4.25   3.80
40	TA   6.25   2.80
41	TA   3.12   2.70
42	GC   1.88   3.00
43	GC   0.90   2.00
44	TA   3.26   6.40
45	CG   1.21   1.80
46	TA   4.07   5.60
47	TA   2.35   6.00
48	TA   1.32   2.40
49	TA   5.04   4.70
50	TA   5.06   4.40
51	AT   5.58   4.80
52	CG   0.61   2.20
53	CG   1.86   1.50
54	TA   5.54   4.90
55	TA   3.14   4.30
56	CG   0.22   1.70
57	CG  -0.00   3.50
58	CG   1.90   2.40
59	GC   1.00   1.50
60	TA   3.93   4.30
61	TA   4.31   2.90
62	TA   4.48   6.80
63	CG   2.63   2.70
64	GC   2.45   2.40
65	CG   0.39   2.10
66	TA   2.71   4.60
67	CG   0.10   1.90
68	CG   0.11   2.30
69	AT   2.47   5.40
70	AT   4.61   5.00
71	GC   2.75   1.70
72	TA   2.65   3.80
73	TA   2.49   5.20
74	AT   7.52   4.30
75	GC   1.99   1.80
76	TA   5.72   3.40
77	AT   2.19   5.60
78	TA   3.73   4.80
79	AT   3.17   6.20
80	AT  -0.01   4.30
81	AT   3.92   2.60
82	AT   3.71   4.70
83	AT   2.52   3.60
84	AT   5.54   7.40
85	GC   1.55   1.30
86	CG   2.33   2.40
87	TA   4.67   5.30
88	GC   3.13   2.60
89	AT   2.73   4.60
90	AT   2.78   4.20
91	CG   0.46   2.60
92	GC   0.84   2.00
93	AT  -0.13   2.30
