1	163.87
2	168.53
3	153.34
4	151.81
5	147.59
6	154.55
7	168.35
8	180.86
9	175.82
10	174.22
11	178.35
12	180.01
13	175.35
14	172.74
15	183.34
16	153.53
17	169.63
18	179.31
19	157.39
20	177.51
21	161.72
22	170.71
23	169.35
24	186.54
25	169.57
26	181.33
27	167.76
28	177.96
29	161.25
30	159.22
31	153.63
32	156.67
33	165.27
34	189.66
35	169.82
36	177.23
37	172.54
38	179.25
39	179.89
40	170.72
41	184.02
42	155.21
43	142.50
44	183.74
45	162.82
46	150.13
47	169.39
48	150.69
49	174.14
50	175.87
51	172.42
52	185.24
53	174.19
54	170.12
55	169.39
56	167.74
57	174.79
58	179.41
59	183.54
60	166.51
61	179.49
62	186.9
63	166.74
64	155.95
65	178.80
66	139.25
67	166.15
68	190.4
69	159.92
70	180.27
71	163.11
72	173.90
73	173.64
74	171.06
75	172.24
76	176.94
77	179.65
78	179.30
79	153.92
80	166.81
81	166.83
82	174.98
83	178.82
84	168.76
85	171.81
86	184.43
87	156.74
88	138.82
89	170.53
90	187.82
91	185.03
92	159.26
93	174.43
94	150.63
95	156.51
96	166.05
97	165.32
98	180.81
99	159.43
100	168.70
101	181.78
