1	246.42
2	248.68
3	248.5
4	253.15
5	248.74
6	240.37
7	241.83
8	258.1
9	241.19
10	241.94
11	257.81
12	250.59
13	237.08
14	247.81
15	253.49
16	245.28
17	246.36
18	246.47
19	256.02
20	252.46
21	245.39
22	250.63
23	258.9
24	254.06
25	255.02
26	255.21
27	248.21
28	251.2
29	234.5
30	238.93
31	247.02
32	233.71
33	234.23
34	257.99
35	253.43
36	243.81
37	257.87
38	247.55
39	258.43
40	245.38
41	262.91
42	250.13
43	233.72
44	254.43
45	248.69
46	227.44
47	250.55
48	247.57
49	255.27
50	252.46
51	243.77
52	261.13
53	245.79
54	251.57
55	256.56
56	237.04
57	258.93
58	235.82
59	243.32
60	252.28
61	251.7
62	258.41
63	242.47
64	237.96
65	256.13
66	236.08
67	246.35
68	253.51
69	254.13
70	246.8
71	267.61
72	240.7
73	244.37
74	255.92
75	249.46
76	243.6
77	253.97
78	244.47
79	237.41
80	248.69
81	252.81
82	246.86
83	241.55
84	258.06
85	249.95
86	251.21
87	239.89
88	247.9
89	244.74
90	251.36
91	259.22
92	260.13
93	233.21
94	239.2
95	240.85
96	249.04
97	256.52
98	260.43
99	255.68
100	232.24
101	260.08
