1	242.01
2	241.01
3	261.45
4	212.07
5	234.21
6	267.88
7	267.28
8	234.61
9	276.77
10	268.38
11	250.15
12	241.59
13	249.38
14	256.3
15	257.66
16	209.82
17	268.59
18	271.64
19	219.7
20	250.79
21	226.6
22	235.85
23	213.86
24	256.19
25	233.06
26	297.62
27	234.9
28	262.41
29	269.34
30	252.72
31	232.73
32	270.62
33	272.95
34	302.42
35	273.85
36	305.11
37	240.08
38	278.45
39	215.91
40	241.69
41	246.5
42	244.64
43	263.99
44	249.4
45	211.91
46	306.12
47	249.93
48	222.17
49	240.06
50	276.51
51	290.34
52	248.96
53	258.76
54	265.1
55	252.25
56	249.07
57	245.49
58	276.38
59	271.43
60	282.75
61	230.79
62	256.39
63	277.54
64	254.98
65	214.24
66	258.72
67	274.99
68	246.26
69	216.67
70	261.76
71	219.57
72	240.29
73	253.79
74	225.82
75	261.54
76	254.51
77	242.75
78	288.2
79	231.3
80	265.64
81	250.12
82	254.18
83	247.29
84	209.59
85	272.83
86	244.44
87	255.84
88	214.93
89	257.98
90	265.94
91	248.06
92	219.53
93	245.01
94	263.31
95	233.36
96	247.49
97	210.98
98	229.71
99	227.23
100	273.98
101	231.17
