1 32.91
2 32.91
3 32.95
4 32.95
5 20.55
6 20.55
7 38.39
8 38.39
9 29.18
10 29.18
11 41.12
12 41.12
13 30.02
14 30.02
15 32.56
16 32.56
17 31.49
18 31.49
19 23.10
20 23.10
21 30.40
22 30.40
23 26.85
24 26.85
25 32.83
26 32.83
27 33.11
28 33.11
29 30.47
30 30.47
31 31.03
32 31.03
33 31.92
34 31.92
35 35.97
36 35.97
37 37.46
38 37.46
39 25.25
40 25.25
41 24.22
42 24.22
43 29.04
44 29.04
45 31.94
46 31.94
47 26.23
48 26.23
49 37.55
50 37.55
51 32.69
52 32.69
53 27.83
54 27.83
55 18.98
56 18.98
57 25.50
58 25.50
59 31.38
60 31.38
61 35.19
62 35.19
63 27.53
64 27.53
65 30.76
66 30.76
67 24.17
68 24.17
69 25.35
70 25.35
71 27.49
72 27.49
73 24.55
74 24.55
75 30.67
76 30.67
77 28.79
78 28.79
79 27.19
80 27.19
81 32.44
82 32.44
83 39.53
84 39.53
85 27.08
86 27.08
87 34.75
88 34.75
89 31.72
90 31.72
91 28.02
92 28.02
93 26.70
94 26.70
95 34.84
96 34.84
97 35.71
98 35.71
99 36.56
100 36.56
101 31.40
102 31.40
103 32.26
104 32.26
105 31.86
106 31.86
107 29.90
108 29.90
109 30.77
110 30.77
111 31.83
112 31.83
113 34.64
114 34.64
115 30.60
116 30.60
117 37.19
118 37.19
119 27.48
120 27.48
121 31.83
122 31.83
123 28.30
124 28.30
125 41.81
126 41.81
127 28.29
128 28.29
129 28.50
130 28.50
131 33.67
132 33.67
133 28.35
134 28.35
135 32.10
136 32.10
137 35.27
138 35.27
139 28.91
140 28.91
141 34.88
142 34.88
143 31.79
144 31.79
145 33.38
146 33.38
147 28.02
148 28.02
149 38.04
150 38.04
151 31.33
152 31.33
153 30.70
154 30.70
155 21.87
156 21.87
157 34.85
158 34.85
159 29.86
160 29.86
161 28.76
162 28.76
163 29.73
164 29.73
165 34.29
166 34.29
167 30.57
168 30.57
169 39.08
170 39.08
171 34.28
172 34.28
173 28.80
174 28.80
175 29.15
176 29.15
177 32.52
178 32.52
179 36.88
180 36.88
181 34.00
182 34.00
183 31.70
184 31.70
185 43.15
186 43.15
187 25.64
188 25.64
189 31.33
190 31.33
191 30.25
192 30.25
193 31.39
194 31.39
195 27.74
196 27.74
197 34.25
198 34.25
199 29.97
200 29.97
201 30.03
202 30.03
