1	-48.91
2	21.44
3	-76.12
4	-58.57
5	-56.65
6	-81.56
7	-63.33
8	-93.78
9	-96.03
10	-50.25
11	-47.77
12	-69.74
13	-34.53
14	-77.49
15	-70.05
16	-48.43
17	-58.92
18	-48.95
19	-101.25
20	-85.65
21	-18.77
22	-33.32
23	-47.61
24	-48.37
25	-85.81
26	-78.18
27	-39.13
28	-87.86
29	-60.97
30	-64.06
31	-60.14
32	4.63999999999999
33	-72.2
34	-48.89
35	-84.6
36	-45.35
37	-70.77
38	-129.34
39	10.3
40	-88.33
41	-71.97
42	-80.28
43	-64.24
44	-68.43
45	-2.41
46	-77.2
47	-58.51
48	-75.91
49	-25.25
50	-70.37
51	-81.61
