1 -5.27
2 -5.27
3 -3.62
4 -3.62
5 -35.58
6 -35.58
7 -29.02
8 -29.02
9 19.06
10 19.06
11 1.50
12 1.50
13 -19.12
14 -19.12
15 2.93
16 2.93
17 -30.77
18 -30.77
19 12.68
20 12.68
21 -4.40
22 -4.40
23 1.72
24 1.72
25 -10.29
26 -10.29
27 6.08
28 6.08
29 -11.70
30 -11.70
31 -13.18
32 -13.18
33 -2.64
34 -2.64
35 6.01
36 6.01
37 -8.08
38 -8.08
39 -20.22
40 -20.22
41 -4.58
42 -4.58
43 -12.94
44 -12.94
45 1.22
46 1.22
47 -25.24
48 -25.24
49 -11.64
50 -11.64
51 3.35
52 3.35
53 -29.22
54 -29.22
55 -30.56
56 -30.56
57 6.30
58 6.30
59 35.20
60 35.20
61 15.91
62 15.91
63 4.80
64 4.80
65 -15.79
66 -15.79
67 24.86
68 24.86
69 3.08
70 3.08
71 26.00
72 26.00
73 -9.05
74 -9.05
75 -16.25
76 -16.25
77 -8.89
78 -8.89
79 9.50
80 9.50
81 -16.96
82 -16.96
83 -28.24
84 -28.24
85 3.19
86 3.19
87 7.17
88 7.17
89 -18.31
90 -18.31
91 20.52
92 20.52
93 -12.47
94 -12.47
95 -4.62
96 -4.62
97 -7.87
98 -7.87
99 -2.34
100 -2.34
101 -15.12
102 -15.12
