1 0.23
2 0.23
3 0.23
4 0.23
5 0.59
6 0.59
7 0.57
8 0.57
9 0.22
10 0.22
11 0.49
12 0.49
13 0.08
14 0.08
15 0.16
16 0.16
17 0.35
18 0.35
19 0.05
20 0.05
21 0.15
22 0.15
23 0.27
24 0.27
25 -0.02
26 -0.02
27 0.28
28 0.28
29 -0.38
30 -0.38
31 0.07
32 0.07
33 0.48
34 0.48
35 0.24
36 0.24
37 0.55
38 0.55
39 0.04
40 0.04
41 0.60
42 0.60
43 -0.04
44 -0.04
45 0.09
46 0.09
47 0.03
48 0.03
49 0.13
50 0.13
51 0.41
52 0.41
53 0.03
54 0.03
55 0.03
56 0.03
57 -0.05
58 -0.05
59 -0.06
60 -0.06
61 -0.38
62 -0.38
63 -0.04
64 -0.04
65 0.24
66 0.24
67 0.26
68 0.26
69 0.08
70 0.08
71 -0.12
72 -0.12
73 0.21
74 0.21
75 0.09
76 0.09
77 0.20
78 0.20
79 0.05
80 0.05
81 -0.37
82 -0.37
83 -0.29
84 -0.29
85 -0.05
86 -0.05
87 0.22
88 0.22
89 0.32
90 0.32
91 -0.46
92 -0.46
93 0.24
94 0.24
95 0.02
96 0.02
97 0.44
98 0.44
99 0.21
100 0.21
101 -0.04
102 -0.04
