   0.21  -0.43   3.06  -2.89   5.65  28.41
   0.21  -0.43   3.06  -2.89   5.65  28.41
   0.74  -1.16   2.54  -0.02  25.91  19.34
   0.74  -1.16   2.54  -0.02  25.91  19.34
   0.42  -1.28   4.29  -2.16  -7.72  29.14
   0.42  -1.28   4.29  -2.16  -7.72  29.14
   0.12  -1.11   2.15  -3.95  37.55  16.35
   0.12  -1.11   2.15  -3.95  37.55  16.35
  -0.02  -0.56   4.06  -0.10   4.03  31.12
  -0.02  -0.56   4.06  -0.10   4.03  31.12
   0.95  -1.16   2.54  -3.62  16.12  17.61
   0.95  -1.16   2.54  -3.62  16.12  17.61
   0.04  -0.43   3.26  -2.35  22.33  21.73
   0.04  -0.43   3.26  -2.35  22.33  21.73
   1.21  -0.61   4.39   2.02 -21.84  32.21
   1.21  -0.61   4.39   2.02 -21.84  32.21
   0.24  -0.28   3.50  -2.91   4.77  24.69
   0.24  -0.28   3.50  -2.91   4.77  24.69
   0.33  -1.64   5.26  -0.15 -38.76  26.45
   0.33  -1.64   5.26  -0.15 -38.76  26.45
   0.22  -0.78   3.04  -0.91  16.58  17.87
   0.22  -0.78   3.04  -0.91  16.58  17.87
