   0.04  -0.19   3.66  -1.57  -9.13  31.75
   0.04  -0.19   3.66  -1.57  -9.13  31.75
   1.20  -1.17   3.78   4.21 -14.27  33.87
   1.20  -1.17   3.78   4.21 -14.27  33.87
   0.59  -0.63   3.55   1.27   5.08  35.77
   0.59  -0.63   3.55   1.27   5.08  35.77
   0.32  -0.52   4.04   3.49  -8.26  37.43
   0.32  -0.52   4.04   3.49  -8.26  37.43
   0.15  -0.56   3.69   2.63  10.28  32.22
   0.15  -0.56   3.69   2.63  10.28  32.22
   0.82  -0.78   3.82   4.45  -0.54  32.45
   0.82  -0.78   3.82   4.45  -0.54  32.45
   0.46  -0.92   3.56   3.17  -5.05  33.76
   0.46  -0.92   3.56   3.17  -5.05  33.76
  -0.07  -0.99   4.17  -1.34  -7.07  35.57
  -0.07  -0.99   4.17  -1.34  -7.07  35.57
   0.40  -0.61   4.16   3.89  -3.99  35.86
   0.40  -0.61   4.16   3.89  -3.99  35.86
   0.15  -0.70   3.66   6.33 -16.04  36.86
   0.15  -0.70   3.66   6.33 -16.04  36.86
   0.72  -0.84   3.66   4.03  -3.92  29.90
   0.72  -0.84   3.66   4.03  -3.92  29.90
