  -0.24  -0.07   3.58  -1.40 -11.29  30.24
  -0.24  -0.07   3.58  -1.40 -11.29  30.24
  -0.21  -0.44   3.90  -1.79 -14.52  19.56
  -0.21  -0.44   3.90  -1.79 -14.52  19.56
  -1.10  -0.39   3.61  -3.57  -8.16  24.50
  -1.10  -0.39   3.61  -3.57  -8.16  24.50
  -0.08   0.20   4.87  -2.79 -34.93  34.78
  -0.08   0.20   4.87  -2.79 -34.93  34.78
  -0.33   0.06   4.91  -0.50 -32.36  37.23
  -0.33   0.06   4.91  -0.50 -32.36  37.23
  -0.32  -0.06   4.32  -2.11 -32.84  30.27
  -0.32  -0.06   4.32  -2.11 -32.84  30.27
   0.07  -0.06   4.77  -4.81 -26.73  34.88
   0.07  -0.06   4.77  -4.81 -26.73  34.88
  -0.53  -0.86   3.04  -5.23  20.05  22.11
  -0.53  -0.86   3.04  -5.23  20.05  22.11
   0.14   0.05   5.33  -3.60 -20.07  37.41
   0.14   0.05   5.33  -3.60 -20.07  37.41
   0.26  -0.42   4.55  -4.43 -12.42  36.80
   0.26  -0.42   4.55  -4.43 -12.42  36.80
  -0.06  -0.39   4.28  -6.00 -11.50  27.16
  -0.06  -0.39   4.28  -6.00 -11.50  27.16
