  -0.24  -0.26   4.09  -0.22 -14.16  30.59
  -0.24  -0.26   4.09  -0.22 -14.16  30.59
  -0.70  -0.44   4.47   1.79 -11.79  30.40
  -0.70  -0.44   4.47   1.79 -11.79  30.40
  -1.05  -0.45   4.01   3.90  -7.29  26.06
  -1.05  -0.45   4.01   3.90  -7.29  26.06
  -0.59  -0.88   3.72  -5.90  -0.16  31.20
  -0.59  -0.88   3.72  -5.90  -0.16  31.20
  -0.99  -0.50   3.67  -0.51  -3.25  23.13
  -0.99  -0.50   3.67  -0.51  -3.25  23.13
  -0.79  -0.33   3.85  -1.20  -1.07  29.86
  -0.79  -0.33   3.85  -1.20  -1.07  29.86
  -1.05   0.02   4.51   2.82 -33.32  36.36
  -1.05   0.02   4.51   2.82 -33.32  36.36
  -1.06  -0.47   4.25  -1.31 -13.59  32.68
  -1.06  -0.47   4.25  -1.31 -13.59  32.68
  -0.30   0.14   3.73  -2.46  -3.83  32.66
  -0.30   0.14   3.73  -2.46  -3.83  32.66
  -1.30  -0.30   3.56  -2.07  -1.76  32.83
  -1.30  -0.30   3.56  -2.07  -1.76  32.83
  -0.52   0.07   4.71  -0.22 -39.73  41.35
  -0.52   0.07   4.71  -0.22 -39.73  41.35
