  -0.48  -0.29   3.69  -0.05   0.45  30.45
  -0.48  -0.29   3.69  -0.05   0.45  30.45
  -0.92  -0.76   4.11  -1.56  -0.18  31.43
  -0.92  -0.76   4.11  -1.56  -0.18  31.43
  -0.68  -0.93   3.76  -2.16  13.37  28.86
  -0.68  -0.93   3.76  -2.16  13.37  28.86
  -1.33  -0.49   3.88  -0.16  -3.90  26.62
  -1.33  -0.49   3.88  -0.16  -3.90  26.62
  -0.46  -0.65   3.11  -3.41  31.47  22.55
  -0.46  -0.65   3.11  -3.41  31.47  22.55
  -1.07  -0.50   3.19  -1.12  47.99  15.98
  -1.07  -0.50   3.19  -1.12  47.99  15.98
  -0.22  -1.02   3.42  -1.75   7.10  29.79
  -0.22  -1.02   3.42  -1.75   7.10  29.79
  -1.78  -1.15   3.53  -2.69  -9.39  23.24
  -1.78  -1.15   3.53  -2.69  -9.39  23.24
  -0.85  -0.18   3.29  -0.22  34.23  15.24
  -0.85  -0.18   3.29  -0.22  34.23  15.24
  -1.00  -1.13   4.22   2.18 -16.46  31.81
  -1.00  -1.13   4.22   2.18 -16.46  31.81
  -0.39   0.01   2.52  -2.74  32.67  21.38
  -0.39   0.01   2.52  -2.74  32.67  21.38
