  -0.24   0.15   5.18   0.52 -25.66  32.24
  -0.24   0.15   5.18   0.52 -25.66  32.24
  -1.96  -0.21   4.66  -6.32 -19.44  29.10
  -1.96  -0.21   4.66  -6.32 -19.44  29.10
  -1.48   0.07   4.67  -6.72 -10.79  24.65
  -1.48   0.07   4.67  -6.72 -10.79  24.65
  -1.30  -0.43   4.85  -1.23 -23.44  35.98
  -1.30  -0.43   4.85  -1.23 -23.44  35.98
  -2.30   0.47   5.26 -13.14 -31.15  38.76
  -2.30   0.47   5.26 -13.14 -31.15  38.76
  -1.93  -0.62   4.94  -4.05 -30.35  32.18
  -1.93  -0.62   4.94  -4.05 -30.35  32.18
  -0.43  -0.31   4.79  -1.92 -29.15  33.59
  -0.43  -0.31   4.79  -1.92 -29.15  33.59
  -1.73   0.11   4.20  -0.58  -5.80  17.17
  -1.73   0.11   4.20  -0.58  -5.80  17.17
  -2.21  -0.60   4.20  -8.00 -27.97  34.84
  -2.21  -0.60   4.20  -8.00 -27.97  34.84
  -2.20   0.32   4.98 -12.84  -0.01  33.48
  -2.20   0.32   4.98 -12.84  -0.01  33.48
  -0.88  -0.62   4.30  -4.67   4.16  25.37
  -0.88  -0.62   4.30  -4.67   4.16  25.37
