  -0.17  -0.07   3.10   3.15  -7.76  30.27
  -0.17  -0.07   3.10   3.15  -7.76  30.27
  -0.58   0.56   4.16   1.76 -19.40  32.90
  -0.58   0.56   4.16   1.76 -19.40  32.90
  -0.60   0.51   3.71  -0.19  -0.78  29.81
  -0.60   0.51   3.71  -0.19  -0.78  29.81
  -0.63   0.30   3.80   2.80  -2.68  24.64
  -0.63   0.30   3.80   2.80  -2.68  24.64
  -0.65   0.32   3.90  -1.05  -3.65  43.03
  -0.65   0.32   3.90  -1.05  -3.65  43.03
  -0.95   0.90   3.34  -1.11  -6.58  28.23
  -0.95   0.90   3.34  -1.11  -6.58  28.23
  -0.91   0.45   2.73   5.77  29.36  27.10
  -0.91   0.45   2.73   5.77  29.36  27.10
  -0.51   0.72   3.15   2.27  16.33  30.92
  -0.51   0.72   3.15   2.27  16.33  30.92
  -0.47   0.05   3.75  -2.00  -9.73  36.72
  -0.47   0.05   3.75  -2.00  -9.73  36.72
  -0.86   0.62   3.09   3.52   4.29  25.78
  -0.86   0.62   3.09   3.52   4.29  25.78
  -0.24   0.49   3.76   1.79  -9.81  24.42
  -0.24   0.49   3.76   1.79  -9.81  24.42
