  -0.62  -0.03   2.78   2.92   3.38  30.59
  -0.62  -0.03   2.78   2.92   3.38  30.59
  -1.24   0.91   2.73   0.08   8.13  34.01
  -1.24   0.91   2.73   0.08   8.13  34.01
  -0.24   0.22   1.47   8.29  37.60  19.17
  -0.24   0.22   1.47   8.29  37.60  19.17
  -1.04  -0.02   3.80  -1.19 -18.43  42.35
  -1.04  -0.02   3.80  -1.19 -18.43  42.35
  -1.39   0.37   2.81  -6.40 -11.87  43.56
  -1.39   0.37   2.81  -6.40 -11.87  43.56
  -1.37   0.38   3.83  -5.61 -29.90  43.87
  -1.37   0.38   3.83  -5.61 -29.90  43.87
  -1.39   0.19   2.79   1.65  10.90  31.39
  -1.39   0.19   2.79   1.65  10.90  31.39
  -1.24   0.15   3.30  -2.51   3.64  45.27
  -1.24   0.15   3.30  -2.51   3.64  45.27
  -0.59   0.39   3.34  -1.05  11.17  34.15
  -0.59   0.39   3.34  -1.05  11.17  34.15
  -1.12   0.20   3.67  -5.86 -12.08  38.53
  -1.12   0.20   3.67  -5.86 -12.08  38.53
  -0.85   0.56   3.30   0.60   8.57  32.22
  -0.85   0.56   3.30   0.60   8.57  32.22
