   0.38  -0.40   2.59   5.05   2.93  28.19
   0.38  -0.40   2.59   5.05   2.93  28.19
   0.04  -0.42   2.73   2.89 -11.96  36.59
   0.04  -0.42   2.73   2.89 -11.96  36.59
  -0.74  -0.61   2.85   4.95  12.21  26.37
  -0.74  -0.61   2.85   4.95  12.21  26.37
  -0.13  -0.78   2.45   3.66  16.06  27.97
  -0.13  -0.78   2.45   3.66  16.06  27.97
  -0.15  -0.59   3.14   2.00   1.20  38.31
  -0.15  -0.59   3.14   2.00   1.20  38.31
  -0.51  -0.48   3.48  -0.08 -10.03  31.67
  -0.51  -0.48   3.48  -0.08 -10.03  31.67
  -0.17  -0.72   2.39   5.85  27.46  21.37
  -0.17  -0.72   2.39   5.85  27.46  21.37
  -0.69  -1.05   2.15   3.72  10.58  32.45
  -0.69  -1.05   2.15   3.72  10.58  32.45
  -0.74  -0.46   3.19  -0.03 -15.75  38.19
  -0.74  -0.46   3.19  -0.03 -15.75  38.19
  -0.01  -1.08   2.18   7.40   7.07  32.22
  -0.01  -1.08   2.18   7.40   7.07  32.22
   0.14  -1.15   2.89   1.99   9.58  31.88
   0.14  -1.15   2.89   1.99   9.58  31.88
