   0.11   0.15   2.90   0.23  10.26  32.67
   0.11   0.15   2.90   0.23  10.26  32.67
  -0.07  -0.12   3.58  -2.35 -20.02  40.38
  -0.07  -0.12   3.58  -2.35 -20.02  40.38
  -0.11   0.32   1.80  -1.70  30.84  22.62
  -0.11   0.32   1.80  -1.70  30.84  22.62
   0.20  -0.05   1.68   1.75  23.37  19.23
   0.20  -0.05   1.68   1.75  23.37  19.23
  -0.15   0.06   2.24  -0.93  27.80  28.57
  -0.15   0.06   2.24  -0.93  27.80  28.57
  -0.79  -0.44   3.27  -2.00   0.98  38.11
  -0.79  -0.44   3.27  -2.00   0.98  38.11
  -0.19  -0.33   1.89   2.36  40.03  16.97
  -0.19  -0.33   1.89   2.36  40.03  16.97
  -0.39   0.15   1.91   0.06  32.90  27.29
  -0.39   0.15   1.91   0.06  32.90  27.29
   0.77  -0.22   2.32  -2.32  31.65  30.25
   0.77  -0.22   2.32  -2.32  31.65  30.25
  -0.68  -0.07   0.43  -3.59  56.00  18.47
  -0.68  -0.07   0.43  -3.59  56.00  18.47
  -0.10  -0.77   3.68   0.94 -11.34  36.30
  -0.10  -0.77   3.68   0.94 -11.34  36.30
