   0.38   0.13   3.52   0.53  -0.33  33.35
   0.38   0.13   3.52   0.53  -0.33  33.35
   0.57  -0.13   4.03   2.86  -8.79  26.48
   0.57  -0.13   4.03   2.86  -8.79  26.48
   0.33  -0.51   4.67  -0.29 -10.69  32.10
   0.33  -0.51   4.67  -0.29 -10.69  32.10
   0.08  -0.28   2.57  -0.95  19.64  21.92
   0.08  -0.28   2.57  -0.95  19.64  21.92
   0.92   0.20   2.52   0.79  30.71  15.19
   0.92   0.20   2.52   0.79  30.71  15.19
   0.75  -0.53   2.58   5.61  38.33   9.99
   0.75  -0.53   2.58   5.61  38.33   9.99
   1.07   0.10   3.68   0.22  -3.22  28.47
   1.07   0.10   3.68   0.22  -3.22  28.47
   0.37  -0.54   3.16   3.89   7.13  16.82
   0.37  -0.54   3.16   3.89   7.13  16.82
   0.79  -0.35   3.98   1.94  -6.40  35.21
   0.79  -0.35   3.98   1.94  -6.40  35.21
   0.46   0.09   1.94   7.72  44.11  17.16
   0.46   0.09   1.94   7.72  44.11  17.16
   0.62   0.08   3.12   4.55  10.22  16.66
   0.62   0.08   3.12   4.55  10.22  16.66
