1	-0.02
2	1.18
3	1.10
4	1.96
5	0.73
6	0.66
7	1.22
8	0.77
9	1.06
10	0.52
11	0.54
12	1.12
13	0.67
14	0.40
15	0.78
16	1.10
17	0.32
18	0.95
19	1.24
20	1.98
21	0.18
22	2.12
23	1.12
24	1.39
25	0.54
26	1.44
27	1.76
28	0.96
29	1.54
30	0.54
31	0.43
32	0.21
33	1.94
34	0.86
35	0.41
36	1.42
37	1.78
38	2.44
39	1.16
40	1.33
41	1.19
42	1.12
43	1.77
44	1.48
45	1.73
46	1.37
47	1.50
48	1.14
49	0.96
50	1.53
51	1.03
52	1.05
53	1.26
54	1.46
55	2.02
56	0.94
57	2.04
58	1.13
59	0.75
60	0.83
61	1.45
62	1.17
63	1.79
64	2.07
65	1.04
66	1.93
67	1.28
68	1.20
69	1.66
70	0.56
71	1.58
72	1.05
73	2.30
74	1.38
75	0.87
76	-0.02
77	0.80
78	0.97
79	1.31
80	1.43
81	0.20
82	1.18
83	1.75
84	0.28
85	0.60
86	0.88
87	1.44
88	0.59
89	1.97
90	0.68
91	1.39
92	0.83
93	1.20
94	1.47
95	1.47
96	1.87
97	1.88
98	0.63
99	0.75
100	0.69
101	0.30
