1	4.77
2	4.15
3	4.97
4	4.97
5	6.78
6	7.57
7	4.08
8	7.34
9	5.08
10	4.58
11	4.45
12	3.93
13	1.38
14	2.67
15	5.29
16	4.61
17	8.65
18	5.26
19	4.25
20	6.43
21	3.12
22	4.18
23	4.96
24	4.88
25	6.19
26	4.86
27	7.25
28	5.61
29	4.89
30	3.48
31	5.45
32	4.76
33	4.95
34	5.13
35	5.46
36	3.64
37	5.83
38	5.30
39	4.44
40	3.24
41	5.83
42	4.82
43	3.92
44	8.24
45	5.05
46	4.09
47	4.59
48	3.77
49	5.81
50	7.91
51	3.82
52	5.88
53	2.46
54	2.22
55	5.62
56	4.67
57	5.17
58	6.38
59	5.56
60	5.86
61	6.22
62	7.31
63	4.54
64	5.17
65	3.63
66	5.35
67	5.05
68	4.32
69	4.08
70	5.97
71	8.20
72	5.16
73	2.69
74	4.00
75	6.05
76	6.17
77	3.48
78	3.98
79	5.17
80	4.57
81	4.99
82	4.68
83	4.81
84	5.95
85	4.64
86	6.10
87	5.42
88	8.16
89	3.85
90	5.81
91	6.08
92	3.54
93	5.11
94	4.40
95	4.94
96	2.59
97	6.49
98	3.39
99	4.08
100	5.88
101	5.25
