1	-40.79
2	-52.16
3	-121.57
4	-111.22
5	-121.14
6	-117.68
7	-90.79
8	-55.29
9	-113.31
10	-91.39
11	-48.24
12	-102.2
13	-113.97
14	-103.54
15	-138.96
16	-95.24
17	-33.88
18	-77
19	-8.57999999999998
20	-48.4
21	-125.54
22	-115.24
23	-34.7
24	-108.48
25	39.35
26	-78.48
27	-65.43
28	-67.19
29	-78.8
30	-97.39
31	-133.86
32	-54.5
33	3.81999999999999
34	-109.66
35	-74.02
36	-99.02
37	-123.91
38	-88.13
39	-62.43
40	-31.43
41	4.31
42	-120.15
43	-91.33
44	-95.11
45	-94.77
46	-107.18
47	-143.97
48	-24.96
49	-108.18
50	-57.21
51	-139.94
52	27.95
53	15.81
54	64.59
55	9.14999999999998
56	-72.25
57	-101.19
58	-149.77
59	-148.06
60	-111.5
61	-131.55
62	17.47
63	-31.26
64	-125.68
65	49.28
66	-96.34
67	-57.73
68	-153.45
69	-91.37
70	17.32
71	-42.57
72	-121.4
73	-46.13
74	-45.93
75	-134.09
76	-145.7
77	-113.9
78	-96.08
79	-103.87
80	-150.12
81	-136.01
82	-72.92
83	36.9
84	-74.09
85	-140.9
86	-131.23
87	-65.59
88	-101.57
89	-87.87
90	-14.81
91	-37.99
92	-81.73
93	-15.73
94	36.57
95	-54.05
96	-104.63
97	-111.67
98	-13.27
99	-108.02
100	-71.97
101	-158.65
