1	237.73
2	251.24
3	302.41
4	298.92
5	295.3
6	297.16
7	271.23
8	241.49
9	292.24
10	279.03
11	230.6
12	279.08
13	303.33
14	287.76
15	312.17
16	274.38
17	226.02
18	268.94
19	210.16
20	226.2
21	305.38
22	294.27
23	236.56
24	286.31
25	180.43
26	278.43
27	249.77
28	249.02
29	263.48
30	281.59
31	307.54
32	260.77
33	211.37
34	293.22
35	257.67
36	277.65
37	308.55
38	270.44
39	250.58
40	234.64
41	204.92
42	300.61
43	278.29
44	280.8
45	275.52
46	298.25
47	314.15
48	233.6
49	290.04
50	260.75
51	318.51
52	194.44
53	223.7
54	174.45
55	212.58
56	254.78
57	283.34
58	318.34
59	323.28
60	289.73
61	311.98
62	197.02
63	234.14
64	302
65	178.49
66	298.09
67	256.59
68	327.11
69	290.04
70	198.76
71	256.59
72	300.7
73	238.59
74	242.53
75	317.53
76	320.75
77	295.42
78	275.16
79	282.81
80	321.38
81	310.35
82	264.27
83	205.77
84	265.09
85	313.19
86	316.51
87	241.81
88	281.53
89	276.64
90	231.57
91	230.3
92	279.69
93	240.86
94	189.95
95	241.92
96	279.14
97	287.1
98	213.17
99	281.24
100	255.23
101	328.86
