1	153.25
2	121.68
3	160.28
4	172.97
5	155.88
6	145.03
7	131.20
8	179.51
9	156.34
10	156.33
11	172.81
12	138.56
13	158.36
14	161.81
15	172.59
16	153.13
17	167.24
18	152.80
19	178.09
20	154.88
21	153.86
22	152.83
23	157.07
24	163.47
25	132.53
26	136.00
27	154.58
28	139.88
29	169.62
30	131.11
31	137.64
32	170.16
33	166.94
34	160.74
35	162.46
36	118.53
37	156.29
38	153.63
39	150.11
40	176.89
41	151.79
42	146.79
43	143.53
44	139.37
45	171.61
46	151.43
47	167.66
48	160.93
49	141.27
50	149.38
51	100.55
52	171.10
53	146.26
54	151.83
55	173.79
56	154.47
57	172.11
58	149.65
59	115.68
60	152.30
61	150.95
62	141.89
63	153.09
64	132.72
65	143.27
66	145.36
67	150.60
68	144.80
69	150.54
70	166.08
71	168.92
72	153.98
73	130.20
74	148.46
75	138.14
76	162.16
77	107.01
78	157.77
79	160.36
80	162.15
81	152.77
82	148.46
83	167.34
84	140.05
85	163.31
86	162.33
87	162.72
88	140.90
89	149.59
90	134.69
91	150.29
92	113.26
93	175.44
94	100.84
95	171.87
96	142.95
97	160.17
98	170.65
99	168.51
100	155.78
101	163.75
