1	168.37
2	165.16
3	175.35
4	170.47
5	167.06
6	167.59
7	168.14
8	165.55
9	167.66
10	166.94
11	165.62
12	160.65
13	170.73
14	165.41
15	173.89
16	158.81
17	168.42
18	171.94
19	160.73
20	171.05
21	176.48
22	169.18
23	166.38
24	166.57
25	162.82
26	163.88
27	169.99
28	166.29
29	163.83
30	167.17
31	167.16
32	164.67
33	170.21
34	174.06
35	165.08
36	166.33
37	161.60
38	161.21
39	159.13
40	172.00
41	169.96
42	173.72
43	166.76
44	167.99
45	174.41
46	173.12
47	168.50
48	156.37
49	158.51
50	174.42
51	163.57
