1 -3.96
2 -3.96
3 -16.21
4 -16.21
5 -3.51
6 -3.51
7 12.32
8 12.32
9 2.95
10 2.95
11 -12.52
12 -12.52
13 -28.30
14 -28.30
15 -19.72
16 -19.72
17 9.42
18 9.42
19 14.58
20 14.58
21 2.49
22 2.49
23 0.04
24 0.04
25 -26.00
26 -26.00
27 -23.01
28 -23.01
29 18.39
30 18.39
31 19.60
32 19.60
33 28.35
34 28.35
35 -5.77
36 -5.77
37 -1.18
38 -1.18
39 -14.66
40 -14.66
41 17.79
42 17.79
43 4.72
44 4.72
45 -12.74
46 -12.74
47 28.84
48 28.84
49 8.96
50 8.96
51 -13.55
52 -13.55
53 -13.79
54 -13.79
55 11.67
56 11.67
57 7.77
58 7.77
59 4.60
60 4.60
61 -26.86
62 -26.86
63 24.12
64 24.12
65 13.36
66 13.36
67 -15.72
68 -15.72
69 18.31
70 18.31
71 -7.48
72 -7.48
73 -0.77
74 -0.77
75 23.32
76 23.32
77 -25.31
78 -25.31
79 20.09
80 20.09
81 -12.52
82 -12.52
83 9.90
84 9.90
85 20.30
86 20.30
87 40.64
88 40.64
89 -5.85
90 -5.85
91 25.41
92 25.41
93 -3.63
94 -3.63
95 -18.16
96 -18.16
97 -8.19
98 -8.19
99 13.45
100 13.45
101 -6.65
102 -6.65
