1 -0.41
2 -0.41
3 1.87
4 1.87
5 2.49
6 2.49
7 1.11
8 1.11
9 -0.99
10 -0.99
11 3.49
12 3.49
13 1.64
14 1.64
15 3.97
16 3.97
17 5.33
18 5.33
19 0.84
20 0.84
21 4.37
22 4.37
23 4.02
24 4.02
25 0.33
26 0.33
27 0.06
28 0.06
29 1.07
30 1.07
31 2.77
32 2.77
33 -0.23
34 -0.23
35 0.92
36 0.92
37 0.58
38 0.58
39 0.35
40 0.35
41 2.20
42 2.20
43 2.79
44 2.79
45 -1.26
46 -1.26
47 -1.50
48 -1.50
49 3.14
50 3.14
51 4.18
52 4.18
53 1.77
54 1.77
55 1.87
56 1.87
57 4.07
58 4.07
59 1.94
60 1.94
61 -0.47
62 -0.47
63 4.01
64 4.01
65 1.05
66 1.05
67 2.30
68 2.30
69 -0.80
70 -0.80
71 3.84
72 3.84
73 3.07
74 3.07
75 1.89
76 1.89
77 3.09
78 3.09
79 -0.95
80 -0.95
81 2.35
82 2.35
83 1.76
84 1.76
85 -0.53
86 -0.53
87 -3.32
88 -3.32
89 3.43
90 3.43
91 0.23
92 0.23
93 2.63
94 2.63
95 0.67
96 0.67
97 3.06
98 3.06
99 -1.42
100 -1.42
101 4.78
102 4.78
