1 -1.21
2 -1.21
3 -1.28
4 -1.28
5 1.27
6 1.27
7 -2.93
8 -2.93
9 0.40
10 0.40
11 -1.17
12 -1.17
13 -2.86
14 -2.86
15 -4.61
16 -4.61
17 -1.74
18 -1.74
19 -0.33
20 -0.33
21 -2.16
22 -2.16
23 0.88
24 0.88
25 0.77
26 0.77
27 -0.22
28 -0.22
29 -2.71
30 -2.71
31 -0.24
32 -0.24
33 0.90
34 0.90
35 -2.18
36 -2.18
37 -2.28
38 -2.28
39 -3.69
40 -3.69
41 0.55
42 0.55
43 -0.10
44 -0.10
45 -3.97
46 -3.97
47 -0.79
48 -0.79
49 -1.62
50 -1.62
51 -0.68
52 -0.68
53 -3.31
54 -3.31
55 -0.41
56 -0.41
57 -4.37
58 -4.37
59 -0.81
60 -0.81
61 -4.15
62 -4.15
63 -1.32
64 -1.32
65 -2.78
66 -2.78
67 -2.88
68 -2.88
69 -1.54
70 -1.54
71 1.15
72 1.15
73 -0.83
74 -0.83
75 -2.38
76 -2.38
77 -1.04
78 -1.04
79 -0.05
80 -0.05
81 -0.87
82 -0.87
83 -3.21
84 -3.21
85 -3.03
86 -3.03
87 -2.73
88 -2.73
89 -1.74
90 -1.74
91 -1.75
92 -1.75
93 -1.05
94 -1.05
95 -1.78
96 -1.78
97 -0.50
98 -0.50
99 -3.19
100 -3.19
101 -2.16
102 -2.16
