  -0.39  -0.75   3.61  -0.12   8.96  26.04
  -0.39  -0.75   3.61  -0.12   8.96  26.04
  -0.21  -0.72   4.01   1.42   1.38  27.59
  -0.21  -0.72   4.01   1.42   1.38  27.59
  -0.22  -0.70   3.54   0.95   6.67  26.51
  -0.22  -0.70   3.54   0.95   6.67  26.51
  -0.30  -0.72   3.53  -0.20   7.85  26.88
  -0.30  -0.72   3.53  -0.20   7.85  26.88
  -0.17  -0.78   4.49   2.12 -10.44  27.04
  -0.17  -0.78   4.49   2.12 -10.44  27.04
  -0.36  -0.73   3.75  -0.38   6.91  26.42
  -0.36  -0.73   3.75  -0.38   6.91  26.42
  -0.54  -0.84   3.11   0.40  16.05  24.92
  -0.54  -0.84   3.11   0.40  16.05  24.92
  -0.38  -0.72   3.16  -0.80  11.35  26.41
  -0.38  -0.72   3.16  -0.80  11.35  26.41
  -0.32  -0.76   3.65  -0.66   5.85  27.03
  -0.32  -0.76   3.65  -0.66   5.85  27.03
  -0.59  -0.74   3.41  -1.24  11.38  26.26
  -0.59  -0.74   3.41  -1.24  11.38  26.26
  -0.36  -0.71   3.67   0.69   6.58  26.97
  -0.36  -0.71   3.67   0.69   6.58  26.97
  -0.35  -0.66   3.87   0.43   3.13  27.35
  -0.35  -0.66   3.87   0.43   3.13  27.35
  -0.37  -0.71   3.53  -0.33  10.03  26.23
  -0.37  -0.71   3.53  -0.33  10.03  26.23
  -0.13  -0.61   4.09   0.91  -1.94  28.15
  -0.13  -0.61   4.09   0.91  -1.94  28.15
  -0.46  -0.71   3.30  -0.49  11.61  26.42
  -0.46  -0.71   3.30  -0.49  11.61  26.42
  -0.45  -0.72   3.12  -0.46  14.90  25.38
  -0.45  -0.72   3.12  -0.46  14.90  25.38
  -0.32  -0.76   3.56   0.94   6.19  26.52
  -0.32  -0.76   3.56   0.94   6.19  26.52
  -0.03  -0.65   4.22   1.25  -5.51  27.99
  -0.03  -0.65   4.22   1.25  -5.51  27.99
  -0.48  -0.80   3.16  -0.33  12.76  25.95
  -0.48  -0.80   3.16  -0.33  12.76  25.95
  -0.16  -0.65   3.69   1.90   1.14  26.99
  -0.16  -0.65   3.69   1.90   1.14  26.99
  -0.52  -0.78   3.05  -2.18  16.13  25.56
  -0.52  -0.78   3.05  -2.18  16.13  25.56
  -0.27  -0.63   3.55   0.51   7.56  27.40
  -0.27  -0.63   3.55   0.51   7.56  27.40
  -0.23  -0.66   3.66   0.61   4.61  26.80
  -0.23  -0.66   3.66   0.61   4.61  26.80
  -0.34  -0.68   3.60  -0.35   6.25  27.17
  -0.34  -0.68   3.60  -0.35   6.25  27.17
  -0.35  -0.75   3.90  -0.23   2.44  27.09
  -0.35  -0.75   3.90  -0.23   2.44  27.09
  -0.48  -0.81   3.18   0.09  12.03  25.43
  -0.48  -0.81   3.18   0.09  12.03  25.43
  -0.22  -0.71   3.79   0.24   3.29  26.71
  -0.22  -0.71   3.79   0.24   3.29  26.71
  -0.40  -0.76   3.50   0.04  11.17  26.44
  -0.40  -0.76   3.50   0.04  11.17  26.44
  -0.25  -0.71   3.51   0.93   4.74  26.98
  -0.25  -0.71   3.51   0.93   4.74  26.98
  -0.33  -0.73   3.57   0.98   6.94  26.73
  -0.33  -0.73   3.57   0.98   6.94  26.73
  -0.30  -0.70   3.64   0.92   5.40  26.43
  -0.30  -0.70   3.64   0.92   5.40  26.43
  -0.20  -0.84   4.58   1.05 -13.25  26.85
  -0.20  -0.84   4.58   1.05 -13.25  26.85
  -0.29  -0.74   3.50   0.67   6.98  26.63
  -0.29  -0.74   3.50   0.67   6.98  26.63
  -0.45  -0.81   3.27  -0.96  10.53  25.44
  -0.45  -0.81   3.27  -0.96  10.53  25.44
  -0.32  -0.73   3.52   0.32   7.96  26.80
  -0.32  -0.73   3.52   0.32   7.96  26.80
  -0.07  -0.66   4.31   2.82  -7.10  27.87
  -0.07  -0.66   4.31   2.82  -7.10  27.87
  -0.27  -0.64   3.67  -0.25   5.88  27.27
  -0.27  -0.64   3.67  -0.25   5.88  27.27
  -0.34  -0.73   3.50  -0.99  10.51  26.71
  -0.34  -0.73   3.50  -0.99  10.51  26.71
   0.08  -0.70   4.76   2.75 -13.82  27.91
   0.08  -0.70   4.76   2.75 -13.82  27.91
  -0.03  -0.64   4.25   1.16  -6.16  27.81
  -0.03  -0.64   4.25   1.16  -6.16  27.81
  -0.22  -0.70   4.13   0.76  -1.49  27.31
  -0.22  -0.70   4.13   0.76  -1.49  27.31
  -0.57  -0.80   3.16  -0.85  16.30  25.95
  -0.57  -0.80   3.16  -0.85  16.30  25.95
  -0.48  -0.81   3.02  -0.58  13.40  25.10
  -0.48  -0.81   3.02  -0.58  13.40  25.10
  -0.12  -0.73   4.03   1.33  -0.39  27.28
  -0.12  -0.73   4.03   1.33  -0.39  27.28
  -0.37  -0.72   3.28   0.27  11.19  26.39
  -0.37  -0.72   3.28   0.27  11.19  26.39
  -0.51  -0.80   3.04  -0.86  17.13  25.30
  -0.51  -0.80   3.04  -0.86  17.13  25.30
  -0.07  -0.57   4.18  -0.11  -2.80  28.50
  -0.07  -0.57   4.18  -0.11  -2.80  28.50
  -0.34  -0.69   3.49   0.37   9.36  26.55
  -0.34  -0.69   3.49   0.37   9.36  26.55
  -0.55  -0.77   3.10  -0.48  16.83  25.65
  -0.55  -0.77   3.10  -0.48  16.83  25.65
  -0.19  -0.70   3.82  -0.02   4.36  27.20
  -0.19  -0.70   3.82  -0.02   4.36  27.20
  -0.04  -0.73   4.90   0.86 -16.07  28.03
  -0.04  -0.73   4.90   0.86 -16.07  28.03
