  -0.38   0.41   3.63  -2.65  12.00  38.74
  -0.38   0.41   3.63  -2.65  12.00  38.74
  -0.45   0.39   3.45  -3.62  14.00  38.13
  -0.45   0.39   3.45  -3.62  14.00  38.13
  -0.42   0.42   3.44  -4.55  13.81  38.71
  -0.42   0.42   3.44  -4.55  13.81  38.71
  -0.40   0.42   3.57  -3.97  12.89  38.53
  -0.40   0.42   3.57  -3.97  12.89  38.53
  -0.41   0.41   3.56  -4.04  12.66  38.41
  -0.41   0.41   3.56  -4.04  12.66  38.41
  -0.43   0.39   3.57  -3.69  13.40  38.44
  -0.43   0.39   3.57  -3.69  13.40  38.44
  -0.42   0.39   3.47  -3.62  13.18  38.42
  -0.42   0.39   3.47  -3.62  13.18  38.42
  -0.42   0.38   3.41  -4.19  14.17  38.08
  -0.42   0.38   3.41  -4.19  14.17  38.08
  -0.43   0.39   3.52  -3.36  11.94  38.27
  -0.43   0.39   3.52  -3.36  11.94  38.27
  -0.44   0.38   3.47  -5.03  14.03  38.14
  -0.44   0.38   3.47  -5.03  14.03  38.14
  -0.44   0.39   3.39  -3.77  14.62  38.50
  -0.44   0.39   3.39  -3.77  14.62  38.50
  -0.42   0.39   3.39  -4.59  13.31  38.42
  -0.42   0.39   3.39  -4.59  13.31  38.42
  -0.41   0.41   3.49  -3.19  14.27  38.76
  -0.41   0.41   3.49  -3.19  14.27  38.76
  -0.39   0.40   3.54  -3.05  11.48  38.67
  -0.39   0.40   3.54  -3.05  11.48  38.67
  -0.34   0.43   3.51  -3.76  11.65  38.59
  -0.34   0.43   3.51  -3.76  11.65  38.59
  -0.36   0.42   3.55  -3.49  12.29  38.91
  -0.36   0.42   3.55  -3.49  12.29  38.91
  -0.43   0.42   3.54  -3.66  13.45  38.17
  -0.43   0.42   3.54  -3.66  13.45  38.17
  -0.41   0.40   3.58  -3.97  12.80  38.78
  -0.41   0.40   3.58  -3.97  12.80  38.78
  -0.45   0.38   3.47  -4.46  14.21  38.10
  -0.45   0.38   3.47  -4.46  14.21  38.10
  -0.46   0.37   3.40  -4.35  14.78  38.20
  -0.46   0.37   3.40  -4.35  14.78  38.20
  -0.46   0.36   3.41  -4.61  14.15  38.04
  -0.46   0.36   3.41  -4.61  14.15  38.04
  -0.41   0.41   3.52  -4.05  13.04  38.41
  -0.41   0.41   3.52  -4.05  13.04  38.41
  -0.47   0.42   3.49  -4.33  14.80  37.76
  -0.47   0.42   3.49  -4.33  14.80  37.76
  -0.40   0.42   3.59  -4.94  12.06  38.13
  -0.40   0.42   3.59  -4.94  12.06  38.13
  -0.44   0.39   3.53  -3.49  13.09  38.52
  -0.44   0.39   3.53  -3.49  13.09  38.52
  -0.40   0.41   3.59  -3.80  12.48  38.41
  -0.40   0.41   3.59  -3.80  12.48  38.41
  -0.43   0.42   3.53  -3.72  12.94  38.48
  -0.43   0.42   3.53  -3.72  12.94  38.48
  -0.41   0.38   3.60  -3.62  11.80  38.88
  -0.41   0.38   3.60  -3.62  11.80  38.88
  -0.40   0.38   3.43  -3.07  12.42  38.35
  -0.40   0.38   3.43  -3.07  12.42  38.35
  -0.38   0.43   3.49  -3.37  12.08  38.60
  -0.38   0.43   3.49  -3.37  12.08  38.60
  -0.37   0.42   3.50  -2.88  11.03  39.09
  -0.37   0.42   3.50  -2.88  11.03  39.09
  -0.39   0.36   3.40  -3.83  13.39  38.65
  -0.39   0.36   3.40  -3.83  13.39  38.65
  -0.38   0.41   3.53  -3.28  12.29  39.28
  -0.38   0.41   3.53  -3.28  12.29  39.28
  -0.35   0.41   3.49  -3.07  11.40  39.03
  -0.35   0.41   3.49  -3.07  11.40  39.03
  -0.46   0.42   3.56  -4.38  14.14  38.22
  -0.46   0.42   3.56  -4.38  14.14  38.22
  -0.38   0.40   3.47  -3.59  12.46  38.91
  -0.38   0.40   3.47  -3.59  12.46  38.91
  -0.39   0.41   3.45  -4.47  13.48  38.52
  -0.39   0.41   3.45  -4.47  13.48  38.52
  -0.44   0.41   3.51  -3.72  13.02  38.28
  -0.44   0.41   3.51  -3.72  13.02  38.28
  -0.43   0.37   3.38  -3.52  14.15  38.57
  -0.43   0.37   3.38  -3.52  14.15  38.57
  -0.47   0.40   3.48  -5.12  14.73  37.63
  -0.47   0.40   3.48  -5.12  14.73  37.63
  -0.40   0.42   3.54  -3.85  13.36  38.08
  -0.40   0.42   3.54  -3.85  13.36  38.08
  -0.44   0.43   3.51  -5.40  13.45  37.75
  -0.44   0.43   3.51  -5.40  13.45  37.75
  -0.37   0.42   3.63  -2.47  11.42  39.20
  -0.37   0.42   3.63  -2.47  11.42  39.20
  -0.46   0.40   3.43  -4.47  15.24  38.33
  -0.46   0.40   3.43  -4.47  15.24  38.33
  -0.45   0.41   3.59  -3.06  13.02  38.95
  -0.45   0.41   3.59  -3.06  13.02  38.95
  -0.39   0.42   3.61  -3.32  12.43  38.78
  -0.39   0.42   3.61  -3.32  12.43  38.78
  -0.38   0.40   3.50  -4.64  12.08  38.40
  -0.38   0.40   3.50  -4.64  12.08  38.40
  -0.43   0.41   3.56  -4.48  13.44  38.18
  -0.43   0.41   3.56  -4.48  13.44  38.18
  -0.44   0.39   3.35  -3.77  14.89  38.07
  -0.44   0.39   3.35  -3.77  14.89  38.07
  -0.45   0.35   3.37  -4.74  14.96  38.18
  -0.45   0.35   3.37  -4.74  14.96  38.18
  -0.45   0.39   3.43  -3.77  15.38  38.23
  -0.45   0.39   3.43  -3.77  15.38  38.23
