  -0.42   0.09   2.97   1.05   2.96  35.15
  -0.42   0.09   2.97   1.05   2.96  35.15
  -0.86   0.02   2.72   4.87  24.44  36.04
  -0.86   0.02   2.72   4.87  24.44  36.04
  -0.68   0.13   3.48  -0.68  -3.97  42.96
  -0.68   0.13   3.48  -0.68  -3.97  42.96
  -0.86   0.03   3.95  -0.43 -13.66  42.77
  -0.86   0.03   3.95  -0.43 -13.66  42.77
  -0.77  -0.17   2.61   2.53  13.10  40.26
  -0.77  -0.17   2.61   2.53  13.10  40.26
  -0.52   0.45   3.86   1.25  -8.21  41.16
  -0.52   0.45   3.86   1.25  -8.21  41.16
  -0.47  -0.25   3.75   3.07  -7.23  40.00
  -0.47  -0.25   3.75   3.07  -7.23  40.00
  -0.29   0.41   3.57   1.04  -4.96  41.00
  -0.29   0.41   3.57   1.04  -4.96  41.00
  -0.30  -0.17   2.92   0.52   1.37  38.10
  -0.30  -0.17   2.92   0.52   1.37  38.10
  -0.62  -0.21   3.30   1.66   3.06  40.80
  -0.62  -0.21   3.30   1.66   3.06  40.80
  -0.48  -0.21   2.94   1.77  14.88  38.95
  -0.48  -0.21   2.94   1.77  14.88  38.95
  -0.52  -0.15   2.93   0.32  15.04  38.85
  -0.52  -0.15   2.93   0.32  15.04  38.85
  -0.33   0.04   2.89   1.64  11.28  40.98
  -0.33   0.04   2.89   1.64  11.28  40.98
  -0.25   0.12   3.37  -1.68  -5.57  40.31
  -0.25   0.12   3.37  -1.68  -5.57  40.31
  -0.64   0.05   3.34  -2.15   4.59  41.67
  -0.64   0.05   3.34  -2.15   4.59  41.67
  -0.45  -0.07   2.82  -1.34   9.15  37.08
  -0.45  -0.07   2.82  -1.34   9.15  37.08
  -1.04  -0.14   3.20   0.23  -3.69  39.77
  -1.04  -0.14   3.20   0.23  -3.69  39.77
  -0.84  -0.19   2.38   0.39   9.58  35.40
  -0.84  -0.19   2.38   0.39   9.58  35.40
  -0.59   0.30   3.34   1.99  -5.08  32.01
  -0.59   0.30   3.34   1.99  -5.08  32.01
  -0.81  -0.37   2.99   1.81  10.74  37.63
  -0.81  -0.37   2.99   1.81  10.74  37.63
  -0.23  -0.18   2.58   0.85  20.89  31.36
  -0.23  -0.18   2.58   0.85  20.89  31.36
  -0.78  -0.42   2.92  -0.84  13.25  41.04
  -0.78  -0.42   2.92  -0.84  13.25  41.04
  -0.50  -0.08   3.86   1.53   2.10  40.11
  -0.50  -0.08   3.86   1.53   2.10  40.11
  -0.87  -0.05   2.56   2.24  19.69  31.14
  -0.87  -0.05   2.56   2.24  19.69  31.14
  -0.97   0.29   3.85   0.75 -11.17  44.62
  -0.97   0.29   3.85   0.75 -11.17  44.62
  -0.78   0.14   2.71   3.91  19.58  30.81
  -0.78   0.14   2.71   3.91  19.58  30.81
  -0.76  -0.05   2.99   1.01   3.65  35.67
  -0.76  -0.05   2.99   1.01   3.65  35.67
  -0.86  -0.10   3.09   1.19  -3.73  43.18
  -0.86  -0.10   3.09   1.19  -3.73  43.18
   0.03  -0.10   2.76   1.64  11.04  35.89
   0.03  -0.10   2.76   1.64  11.04  35.89
  -0.81  -0.29   3.28   2.37   0.55  37.16
  -0.81  -0.29   3.28   2.37   0.55  37.16
  -0.21   0.54   3.83   1.56 -14.30  39.64
  -0.21   0.54   3.83   1.56 -14.30  39.64
  -0.65   0.10   2.26   3.68  25.58  30.50
  -0.65   0.10   2.26   3.68  25.58  30.50
  -1.08   0.61   3.09   1.20   5.05  36.77
  -1.08   0.61   3.09   1.20   5.05  36.77
  -0.55  -0.45   3.06   2.79   7.92  35.58
  -0.55  -0.45   3.06   2.79   7.92  35.58
  -1.06   0.03   3.07   1.97  -2.52  42.92
  -1.06   0.03   3.07   1.97  -2.52  42.92
  -0.69   0.06   2.42   4.27  17.98  37.21
  -0.69   0.06   2.42   4.27  17.98  37.21
  -1.06  -0.18   2.58  -3.64   5.93  41.16
  -1.06  -0.18   2.58  -3.64   5.93  41.16
  -0.88   0.34   4.03  -3.12 -30.71  38.10
  -0.88   0.34   4.03  -3.12 -30.71  38.10
  -0.70  -0.33   2.46   1.57  18.43  38.91
  -0.70  -0.33   2.46   1.57  18.43  38.91
  -0.33  -0.39   3.08   0.45   8.66  36.42
  -0.33  -0.39   3.08   0.45   8.66  36.42
  -0.29   0.29   3.35   0.13  -0.99  48.43
  -0.29   0.29   3.35   0.13  -0.99  48.43
  -0.22  -0.07   3.37  -0.39   1.11  42.77
  -0.22  -0.07   3.37  -0.39   1.11  42.77
  -0.28  -0.25   3.34   0.54   2.63  40.93
  -0.28  -0.25   3.34   0.54   2.63  40.93
  -0.76   0.35   3.33  -4.16  -2.20  43.19
  -0.76   0.35   3.33  -4.16  -2.20  43.19
  -0.42   0.00   2.30   4.18  22.76  38.30
  -0.42   0.00   2.30   4.18  22.76  38.30
  -0.55  -0.01   3.31  -1.15   1.62  42.77
  -0.55  -0.01   3.31  -1.15   1.62  42.77
  -0.82  -0.08   3.02   1.47   7.70  39.51
  -0.82  -0.08   3.02   1.47   7.70  39.51
  -0.48  -0.27   3.65   2.99  -8.93  43.45
  -0.48  -0.27   3.65   2.99  -8.93  43.45
  -0.78  -0.14   2.71   2.50  15.05  38.94
  -0.78  -0.14   2.71   2.50  15.05  38.94
  -0.37  -0.20   2.50   1.82  17.69  35.42
  -0.37  -0.20   2.50   1.82  17.69  35.42
  -0.73   0.16   2.85   0.18  11.16  37.95
  -0.73   0.16   2.85   0.18  11.16  37.95
