  -0.01   0.42   3.03  -0.13  -2.36  41.40
  -0.01   0.42   3.03  -0.13  -2.36  41.40
  -0.78   0.34   3.19  -0.18  -2.66  41.67
  -0.78   0.34   3.19  -0.18  -2.66  41.67
  -1.19   0.36   3.38  -3.61   3.44  44.90
  -1.19   0.36   3.38  -3.61   3.44  44.90
  -0.95   0.06   3.11   0.36   9.54  33.93
  -0.95   0.06   3.11   0.36   9.54  33.93
  -0.84   0.31   3.66  -2.42   2.60  43.83
  -0.84   0.31   3.66  -2.42   2.60  43.83
  -1.37   0.66   3.18   0.56  -7.53  33.60
  -1.37   0.66   3.18   0.56  -7.53  33.60
  -1.19   0.38   3.14  -0.01  12.22  41.31
  -1.19   0.38   3.14  -0.01  12.22  41.31
  -1.59   0.44   2.72   0.08  13.86  37.50
  -1.59   0.44   2.72   0.08  13.86  37.50
  -1.47   0.33   3.13  -0.53   2.66  35.80
  -1.47   0.33   3.13  -0.53   2.66  35.80
  -0.62   0.08   3.10  -0.68  11.29  40.86
  -0.62   0.08   3.10  -0.68  11.29  40.86
  -0.98   0.64   3.48  -1.71  -4.92  39.32
  -0.98   0.64   3.48  -1.71  -4.92  39.32
  -0.84   0.46   3.24  -2.25 -15.68  41.54
  -0.84   0.46   3.24  -2.25 -15.68  41.54
  -0.59   0.13   3.56  -0.22  -1.65  47.06
  -0.59   0.13   3.56  -0.22  -1.65  47.06
  -0.80   0.48   3.40  -1.63   3.05  45.83
  -0.80   0.48   3.40  -1.63   3.05  45.83
  -0.90   0.39   3.37  -6.44  -7.81  36.54
  -0.90   0.39   3.37  -6.44  -7.81  36.54
  -1.28  -0.04   3.06  -0.06  13.44  36.65
  -1.28  -0.04   3.06  -0.06  13.44  36.65
  -1.33  -0.26   2.88   1.50  17.02  34.39
  -1.33  -0.26   2.88   1.50  17.02  34.39
  -1.36   0.71   2.98  -0.22  -2.51  36.78
  -1.36   0.71   2.98  -0.22  -2.51  36.78
  -1.76   0.30   2.67   0.02   4.32  36.58
  -1.76   0.30   2.67   0.02   4.32  36.58
  -0.29  -0.04   3.74  -3.40  -7.17  44.03
  -0.29  -0.04   3.74  -3.40  -7.17  44.03
  -1.26   0.14   3.21  -0.45  10.22  42.22
  -1.26   0.14   3.21  -0.45  10.22  42.22
  -0.45   0.07   3.30  -0.46  -4.37  38.59
  -0.45   0.07   3.30  -0.46  -4.37  38.59
  -0.42   0.13   3.37  -1.63   5.59  35.59
  -0.42   0.13   3.37  -1.63   5.59  35.59
  -0.77  -0.60   3.44   0.73  -6.08  43.31
  -0.77  -0.60   3.44   0.73  -6.08  43.31
  -0.86   0.59   2.99   0.06   4.17  35.57
  -0.86   0.59   2.99   0.06   4.17  35.57
  -0.68  -0.04   3.30  -2.18   1.57  36.23
  -0.68  -0.04   3.30  -2.18   1.57  36.23
  -0.61  -0.54   3.23  -1.97   6.81  36.51
  -0.61  -0.54   3.23  -1.97   6.81  36.51
  -0.71   0.06   2.59   2.16  27.37  31.30
  -0.71   0.06   2.59   2.16  27.37  31.30
  -1.00   0.20   2.95   1.38  20.23  36.21
  -1.00   0.20   2.95   1.38  20.23  36.21
  -1.61   0.22   2.70   1.10  19.03  38.25
  -1.61   0.22   2.70   1.10  19.03  38.25
  -0.75   0.38   3.57  -2.55  -7.13  44.36
  -0.75   0.38   3.57  -2.55  -7.13  44.36
  -0.58  -0.05   3.24  -0.72   3.16  36.69
  -0.58  -0.05   3.24  -0.72   3.16  36.69
  -0.59   0.17   3.36  -3.53   7.81  41.74
  -0.59   0.17   3.36  -3.53   7.81  41.74
  -1.15   0.33   3.44  -1.20  12.55  36.79
  -1.15   0.33   3.44  -1.20  12.55  36.79
  -0.90   0.00   3.38  -1.77  -1.17  37.24
  -0.90   0.00   3.38  -1.77  -1.17  37.24
  -1.56   0.24   3.05   0.41  14.37  38.30
  -1.56   0.24   3.05   0.41  14.37  38.30
  -0.86   0.51   1.73   8.66  38.54  21.28
  -0.86   0.51   1.73   8.66  38.54  21.28
  -1.07  -0.15   3.16  -0.82   4.63  34.22
  -1.07  -0.15   3.16  -0.82   4.63  34.22
  -1.72   0.79   3.13   2.67  23.06  34.56
  -1.72   0.79   3.13   2.67  23.06  34.56
  -1.43   0.01   3.23   0.38  -2.58  39.41
  -1.43   0.01   3.23   0.38  -2.58  39.41
  -0.74  -0.16   3.19  -1.23   9.93  40.02
  -0.74  -0.16   3.19  -1.23   9.93  40.02
  -0.56   0.22   3.65  -2.75 -11.84  46.38
  -0.56   0.22   3.65  -2.75 -11.84  46.38
  -0.34  -0.23   3.29  -1.14   7.48  39.16
  -0.34  -0.23   3.29  -1.14   7.48  39.16
  -0.99   0.26   3.42  -1.65   2.47  42.27
  -0.99   0.26   3.42  -1.65   2.47  42.27
  -0.48   0.36   3.31  -2.30  -8.44  37.93
  -0.48   0.36   3.31  -2.30  -8.44  37.93
  -0.27   0.17   3.08  -0.65  -1.79  36.17
  -0.27   0.17   3.08  -0.65  -1.79  36.17
  -1.21  -0.08   3.25  -2.28   4.30  35.42
  -1.21  -0.08   3.25  -2.28   4.30  35.42
  -0.77   0.04   2.99   1.38   6.64  41.12
  -0.77   0.04   2.99   1.38   6.64  41.12
  -0.80  -0.06   3.41  -2.15   5.41  37.71
  -0.80  -0.06   3.41  -2.15   5.41  37.71
  -0.57   0.15   3.28  -0.50   4.92  42.57
  -0.57   0.15   3.28  -0.50   4.92  42.57
  -0.34   0.28   3.14  -0.64  15.48  35.82
  -0.34   0.28   3.14  -0.64  15.48  35.82
