  -0.02   0.01   3.30   1.41   4.64  36.91
  -0.02   0.01   3.30   1.41   4.64  36.91
   0.01   0.00   3.32   0.63   3.58  36.83
   0.01   0.00   3.32   0.63   3.58  36.83
  -0.03   0.03   3.35   1.17   3.71  36.58
  -0.03   0.03   3.35   1.17   3.71  36.58
   0.02   0.01   3.28   0.49   7.04  36.74
   0.02   0.01   3.28   0.49   7.04  36.74
   0.01   0.05   3.44   1.93   3.67  36.77
   0.01   0.05   3.44   1.93   3.67  36.77
   0.02   0.04   3.19   0.41   6.53  37.07
   0.02   0.04   3.19   0.41   6.53  37.07
   0.04   0.03   3.38   0.63   3.57  37.09
   0.04   0.03   3.38   0.63   3.57  37.09
  -0.02   0.05   3.38   1.49   4.07  36.69
  -0.02   0.05   3.38   1.49   4.07  36.69
   0.04   0.02   3.23   0.97   3.95  36.80
   0.04   0.02   3.23   0.97   3.95  36.80
   0.02   0.04   3.38   0.25   4.87  37.02
   0.02   0.04   3.38   0.25   4.87  37.02
   0.02   0.03   3.31   0.23   6.52  37.11
   0.02   0.03   3.31   0.23   6.52  37.11
   0.05   0.03   3.36   0.80   6.23  36.65
   0.05   0.03   3.36   0.80   6.23  36.65
  -0.01   0.04   3.38   0.83   6.44  36.67
  -0.01   0.04   3.38   0.83   6.44  36.67
   0.04   0.02   3.32   0.54   3.24  37.16
   0.04   0.02   3.32   0.54   3.24  37.16
   0.05   0.04   3.32   0.74   6.97  37.14
   0.05   0.04   3.32   0.74   6.97  37.14
   0.00   0.01   3.35   0.67   5.66  36.90
   0.00   0.01   3.35   0.67   5.66  36.90
   0.01   0.02   3.31   0.89   3.78  36.98
   0.01   0.02   3.31   0.89   3.78  36.98
   0.02   0.01   3.28   0.01   3.13  37.09
   0.02   0.01   3.28   0.01   3.13  37.09
   0.06   0.03   3.38   0.86   3.70  36.67
   0.06   0.03   3.38   0.86   3.70  36.67
   0.04   0.02   3.32   0.85   4.35  36.58
   0.04   0.02   3.32   0.85   4.35  36.58
   0.01   0.04   3.31   0.72   3.70  37.06
   0.01   0.04   3.31   0.72   3.70  37.06
   0.02   0.03   3.31   0.43   5.46  36.94
   0.02   0.03   3.31   0.43   5.46  36.94
   0.02   0.00   3.30   0.22   5.86  36.81
   0.02   0.00   3.30   0.22   5.86  36.81
   0.05   0.04   3.49   0.87   3.90  37.01
   0.05   0.04   3.49   0.87   3.90  37.01
   0.03  -0.02   3.24   0.43   3.65  36.42
   0.03  -0.02   3.24   0.43   3.65  36.42
   0.03   0.05   3.37   0.58   4.15  37.11
   0.03   0.05   3.37   0.58   4.15  37.11
   0.04   0.00   3.25   1.51   5.54  36.60
   0.04   0.00   3.25   1.51   5.54  36.60
  -0.02   0.04   3.47   1.41   2.33  37.25
  -0.02   0.04   3.47   1.41   2.33  37.25
  -0.01   0.03   3.36   0.91   2.20  36.91
  -0.01   0.03   3.36   0.91   2.20  36.91
   0.05   0.04   3.36   1.63   1.90  37.11
   0.05   0.04   3.36   1.63   1.90  37.11
   0.02   0.01   3.30   0.58   4.32  36.90
   0.02   0.01   3.30   0.58   4.32  36.90
   0.00   0.03   3.29   0.40   5.63  36.75
   0.00   0.03   3.29   0.40   5.63  36.75
   0.02   0.07   3.50   0.63   3.76  36.82
   0.02   0.07   3.50   0.63   3.76  36.82
   0.02   0.02   3.29   1.37   6.05  36.99
   0.02   0.02   3.29   1.37   6.05  36.99
   0.00   0.01   3.32   0.39   4.65  36.69
   0.00   0.01   3.32   0.39   4.65  36.69
   0.02   0.04   3.35   0.38   5.23  36.79
   0.02   0.04   3.35   0.38   5.23  36.79
   0.00   0.03   3.36   0.75   4.04  37.05
   0.00   0.03   3.36   0.75   4.04  37.05
   0.04   0.07   3.52   1.01   4.89  37.15
   0.04   0.07   3.52   1.01   4.89  37.15
  -0.02   0.04   3.35   0.26   4.28  36.92
  -0.02   0.04   3.35   0.26   4.28  36.92
   0.00   0.05   3.38   1.06   3.58  36.94
   0.00   0.05   3.38   1.06   3.58  36.94
   0.04   0.03   3.35   0.71   4.07  37.14
   0.04   0.03   3.35   0.71   4.07  37.14
   0.04   0.00   3.37   0.69   4.74  36.74
   0.04   0.00   3.37   0.69   4.74  36.74
   0.02   0.01   3.33   0.16   5.39  36.98
   0.02   0.01   3.33   0.16   5.39  36.98
   0.01   0.03   3.30   1.17   3.75  36.86
   0.01   0.03   3.30   1.17   3.75  36.86
  -0.01   0.03   3.41   0.94   4.89  37.06
  -0.01   0.03   3.41   0.94   4.89  37.06
  -0.01   0.05   3.36   0.77   5.02  37.16
  -0.01   0.05   3.36   0.77   5.02  37.16
   0.02   0.00   3.29  -0.33   6.12  37.05
   0.02   0.00   3.29  -0.33   6.12  37.05
   0.00   0.05   3.43   0.83   5.49  36.79
   0.00   0.05   3.43   0.83   5.49  36.79
   0.04   0.02   3.34   1.63   4.70  37.16
   0.04   0.02   3.34   1.63   4.70  37.16
   0.03  -0.01   3.31   1.07   7.04  36.66
   0.03  -0.01   3.31   1.07   7.04  36.66
   0.03   0.04   3.35   0.70   6.22  36.93
   0.03   0.04   3.35   0.70   6.22  36.93
