   0.01   0.26   3.11  -0.19   1.13  37.95
   0.01   0.26   3.11  -0.19   1.13  37.95
   0.24   0.31   2.97  -0.09  29.06  35.98
   0.24   0.31   2.97  -0.09  29.06  35.98
   0.08  -0.07   3.40  -0.99   1.36  44.11
   0.08  -0.07   3.40  -0.99   1.36  44.11
   0.59  -0.15   3.66  -4.51  22.54  36.44
   0.59  -0.15   3.66  -4.51  22.54  36.44
   0.23   0.47   2.20  -3.26  42.16  30.13
   0.23   0.47   2.20  -3.26  42.16  30.13
  -0.52  -0.14   3.02  -1.43  26.06  40.26
  -0.52  -0.14   3.02  -1.43  26.06  40.26
  -0.07   0.09   3.68  -2.98  16.15  39.93
  -0.07   0.09   3.68  -2.98  16.15  39.93
  -0.42   0.44   3.84  -4.56 -11.25  46.28
  -0.42   0.44   3.84  -4.56 -11.25  46.28
  -0.41   0.28   2.57  -0.82  33.73  36.31
  -0.41   0.28   2.57  -0.82  33.73  36.31
   0.45   0.41   2.89  -4.12  24.03  32.09
   0.45   0.41   2.89  -4.12  24.03  32.09
   0.00   0.31   2.71   0.76  26.94  29.96
   0.00   0.31   2.71   0.76  26.94  29.96
  -0.02  -0.03   2.57  -0.66  32.57  31.21
  -0.02  -0.03   2.57  -0.66  32.57  31.21
   0.26  -0.32   3.75   3.85 -22.80  43.54
   0.26  -0.32   3.75   3.85 -22.80  43.54
  -0.14  -0.13   3.85  -4.45   9.15  44.00
  -0.14  -0.13   3.85  -4.45   9.15  44.00
   0.63   0.13   3.80   1.98 -10.65  44.58
   0.63   0.13   3.80   1.98 -10.65  44.58
  -1.50   0.01   3.14  -1.68   1.64  32.05
  -1.50   0.01   3.14  -1.68   1.64  32.05
   0.30  -0.02   2.80  -2.83  31.80  31.11
   0.30  -0.02   2.80  -2.83  31.80  31.11
  -0.40   0.42   3.93  -2.32 -13.16  40.48
  -0.40   0.42   3.93  -2.32 -13.16  40.48
   0.10  -0.03   3.71   0.70  -7.56  48.06
   0.10  -0.03   3.71   0.70  -7.56  48.06
  -0.52   0.15   3.42  -0.17  17.15  39.53
  -0.52   0.15   3.42  -0.17  17.15  39.53
   0.27   0.59   2.57  -3.20  34.91  29.07
   0.27   0.59   2.57  -3.20  34.91  29.07
   0.40   0.53   3.54  -0.18 -24.10  46.77
   0.40   0.53   3.54  -0.18 -24.10  46.77
   0.62   0.15   3.04   0.36  15.27  38.35
   0.62   0.15   3.04   0.36  15.27  38.35
  -0.40   0.57   2.12   0.30  35.48  30.11
  -0.40   0.57   2.12   0.30  35.48  30.11
   0.52   0.19   3.07  -2.15  20.77  34.67
   0.52   0.19   3.07  -2.15  20.77  34.67
  -0.16   0.10   3.77   5.25 -20.80  47.02
  -0.16   0.10   3.77   5.25 -20.80  47.02
   0.09   0.09   3.86   0.03  -6.28  46.33
   0.09   0.09   3.86   0.03  -6.28  46.33
  -0.14  -0.02   3.38  -1.88   9.51  42.52
  -0.14  -0.02   3.38  -1.88   9.51  42.52
  -0.11   0.07   2.99  -0.32  25.42  34.10
  -0.11   0.07   2.99  -0.32  25.42  34.10
  -0.07   0.16   3.62  -3.58   0.36  38.60
  -0.07   0.16   3.62  -3.58   0.36  38.60
  -0.28  -0.35   2.42  -0.87  37.88  29.04
  -0.28  -0.35   2.42  -0.87  37.88  29.04
   0.45   0.07   2.46  -5.22  43.81  29.03
   0.45   0.07   2.46  -5.22  43.81  29.03
  -0.05   0.72   3.43  -5.79  11.29  34.36
  -0.05   0.72   3.43  -5.79  11.29  34.36
   0.19   0.36   2.94   1.41  23.93  40.30
   0.19   0.36   2.94   1.41  23.93  40.30
  -0.07   0.57   2.65  -1.70  34.19  33.45
  -0.07   0.57   2.65  -1.70  34.19  33.45
   0.37   0.00   3.26  -1.10  22.62  36.72
   0.37   0.00   3.26  -1.10  22.62  36.72
   0.40   0.94   3.27  -0.64  21.78  31.01
   0.40   0.94   3.27  -0.64  21.78  31.01
  -0.29   0.47   2.72  -1.11  28.85  30.70
  -0.29   0.47   2.72  -1.11  28.85  30.70
   0.11   0.16   2.16  -1.04  25.38  27.84
   0.11   0.16   2.16  -1.04  25.38  27.84
  -0.74   0.09   3.32  -2.84   2.98  37.20
  -0.74   0.09   3.32  -2.84   2.98  37.20
  -0.11  -0.57   3.35  -4.31  15.78  38.03
  -0.11  -0.57   3.35  -4.31  15.78  38.03
  -0.72   0.54   4.00   1.05 -28.32  42.37
  -0.72   0.54   4.00   1.05 -28.32  42.37
   0.25   0.12   2.91  -2.43  22.36  34.58
   0.25   0.12   2.91  -2.43  22.36  34.58
   0.38   0.02   3.61  -3.81   9.47  38.18
   0.38   0.02   3.61  -3.81   9.47  38.18
  -0.02   0.07   2.95  -4.64  19.66  35.44
  -0.02   0.07   2.95  -4.64  19.66  35.44
   0.16  -0.26   3.46  -1.03  12.53  46.53
   0.16  -0.26   3.46  -1.03  12.53  46.53
  -0.26   0.05   2.35  -1.17  21.58  30.61
  -0.26   0.05   2.35  -1.17  21.58  30.61
  -0.12   0.16   1.97   1.65  34.87  28.01
  -0.12   0.16   1.97   1.65  34.87  28.01
  -0.18  -0.06   3.53   2.17  -2.01  47.06
  -0.18  -0.06   3.53   2.17  -2.01  47.06
  -0.30   0.30   2.13  -2.29  30.67  24.51
  -0.30   0.30   2.13  -2.29  30.67  24.51
   0.28  -0.11   3.18  -1.86  22.26  42.42
   0.28  -0.11   3.18  -1.86  22.26  42.42
