DG-1   116.00 175.72 -59.72
DA-2   102.98 171.86 -68.88
DT-3   100.60 185.78 -85.18
DT-4    91.49 185.78 -94.29
DA-5    80.35 171.86 -91.51
DC-6    83.87 176.41 -92.54
DA-7    88.96 171.86 -82.9
DT-8   100.66 185.78 -85.12
DA-9   104.47 171.86 -67.39
DC-10   104.75 176.41 -71.66
DA-11   101.41 171.86 -70.45
DT-12    77.84 185.78 -107.94
DA-13   104.54 171.86 -67.32
DC-14   107.23 176.41 -69.18
DA-15   111.52 171.86 -60.34
DG-16   109.66 175.72 -66.06
DA-17   101.39 171.86 -70.47
DT-18    98.26 185.78 -87.52
DT-19   104.74 185.78 -81.04
DA-20   104.92 171.86 -66.94
DC-21   104.68 176.41 -71.73
DA-22   104.46 171.86 -67.4
DT-23   103.67 185.78 -82.11
DA-24   111.94 171.86 -59.92
DC-25   115.59 176.41 -60.82
DA-26   110.74 171.86 -61.12
DT-27   110.87 185.78 -74.91
DA-28   108.65 171.86 -63.21
DC-29   104.68 176.41 -71.73
DA-30   104.30 171.86 -67.56
DG-31    81.42 175.72 -94.3
DA-32    60.34 171.86 -111.52
DT-33    63.52 185.78 -122.26
DT-34    63.14 185.78 -122.64
DA-35    60.20 171.86 -111.66
DC-36    90.79 176.41 -85.62
DA-37    94.81 171.86 -77.05
DT-38   111.04 185.78 -74.74
DA-39   106.70 171.86 -65.16
DC-40    94.49 176.41 -81.92
DA-41    99.74 171.86 -72.12
DT-42   106.52 185.78 -79.26
DA-43   101.98 171.86 -69.88
DC-44   105.91 176.41 -70.5
DA-45   110.46 171.86 -61.4
DG-46   108.33 175.72 -67.39
DA-47   107.52 171.86 -64.34
DT-48   105.85 185.78 -79.93
DT-49   111.70 185.78 -74.08
DA-50   100.28 171.86 -71.58
DC-51    97.87 176.41 -78.54
DA-52   103.42 171.86 -68.44
DT-53   104.72 185.78 -81.06
DA-54    99.47 171.86 -72.39
DC-55   101.29 176.41 -75.12
DA-56   108.61 171.86 -63.25
DT-57   107.35 185.78 -78.43
DA-58   109.65 171.86 -62.21
DC-59   110.34 176.41 -66.07
DA-60    98.68 171.86 -73.18
DG-61    90.85 175.72 -84.87
DA-62    99.27 171.86 -72.59
DT-63   102.37 185.78 -83.41
DT-64   102.18 185.78 -83.6
DA-65    99.56 171.86 -72.3
DC-66   100.26 176.41 -76.15
DA-67    99.45 171.86 -72.41
DT-68    97.90 185.78 -87.88
DA-69    98.75 171.86 -73.11
DC-70   105.57 176.41 -70.84
DA-71   110.59 171.86 -61.27
DT-72   107.62 185.78 -78.16
DA-73   102.39 171.86 -69.47
DC-74   107.31 176.41 -69.1
DA-75   108.93 171.86 -62.93
DG-76   106.67 175.72 -69.05
DA-77   112.08 171.86 -59.78
DT-78   107.32 185.78 -78.46
DT-79   111.86 185.78 -73.92
DA-80   108.51 171.86 -63.35
DC-81    97.96 176.41 -78.45
DA-82    78.40 171.86 -93.46
DT-83    68.21 185.78 -117.57
DA-84    64.02 171.86 -107.84
DC-85    60.43 176.41 -115.98
DA-86    71.32 171.86 -100.54
DT-87   105.17 185.78 -80.61
DA-88   108.12 171.86 -63.74
DC-89   110.85 176.41 -65.56
DA-90   124.49 171.86 -47.37
DT-91   117.14 185.78 -68.64
DG-92   104.93 175.72 -70.79
DT-93   109.35 185.78 -76.43
DA-94   104.25 171.86 -67.61
DT-95    96.83 185.78 -88.95
DG-96    99.16 175.72 -76.56
DT-97    70.05 185.78 -115.73
DA-98    58.62 171.86 -113.24
DT-99    69.80 185.78 -115.98
DG-100    78.92 175.72 -96.8
DT-101    91.58 185.78 -94.2
DA-102   107.35 171.86 -64.51
DA-103   116.01 171.86 -55.85
DT-104   108.44 185.78 -77.34
DC-105   103.46 176.41 -72.95
DT-106    91.53 185.78 -94.25
DG-107    97.46 175.72 -78.26
DT-108   111.47 185.78 -74.31
DA-109   104.20 171.86 -67.66
DT-110    98.39 185.78 -87.39
DG-111   101.98 175.72 -73.74
DT-112   109.91 185.78 -75.87
DA-113   109.20 171.86 -62.66
DT-114    82.77 185.78 -103.01
DG-115    77.69 175.72 -98.03
DT-116    83.76 185.78 -102.02
DA-117   102.89 171.86 -68.97
DA-118    96.61 171.86 -75.25
DT-119    91.92 185.78 -93.86
DC-120    99.74 176.41 -76.67
DT-121   101.81 185.78 -83.97
DG-122   109.14 175.72 -66.58
DT-123   120.62 185.78 -65.16
DA-124   112.20 171.86 -59.66
DT-125    95.55 185.78 -90.23
DG-126    96.75 175.72 -78.97
DT-127   111.45 185.78 -74.33
DA-128   105.80 171.86 -66.06
DT-129    92.22 185.78 -93.56
DG-130    97.37 175.72 -78.35
DT-131   101.87 185.78 -83.91
DA-132   101.53 171.86 -70.33
DA-133    96.40 171.86 -75.46
DT-134    94.85 185.78 -90.93
DC-135   102.50 176.41 -73.91
DT-136   110.04 185.78 -75.74
DG-137   111.57 175.72 -64.15
DT-138   117.33 185.78 -68.45
DA-139   113.29 171.86 -58.57
DT-140    99.32 185.78 -86.46
DG-141   103.50 175.72 -72.22
DT-142   107.64 185.78 -78.14
DA-143   109.56 171.86 -62.3
DT-144   102.87 185.78 -82.91
DG-145   101.70 175.72 -74.02
DT-146   101.66 185.78 -84.12
DA-147    94.24 171.86 -77.62
DA-148    67.47 171.86 -104.39
DT-149    67.09 185.78 -118.69
DC-150    71.15 176.41 -105.26
DT-151    90.74 185.78 -95.04
DG-152    96.61 175.72 -79.11
DT-153   101.22 185.78 -84.56
DA-154   105.58 171.86 -66.28
DT-155   107.09 185.78 -78.69
DG-156   101.68 175.72 -74.04
DT-157   101.43 185.78 -84.35
DA-158   104.05 171.86 -67.81
DT-159    99.57 185.78 -86.21
DG-160    95.98 175.72 -79.74
DT-161   100.23 185.78 -85.55
DA-162   105.86 171.86 -66
DA-163   103.81 171.86 -68.05
DT-164   102.69 185.78 -83.09
DC-165   103.43 176.41 -72.98
DT-166   102.83 185.78 -82.95
DG-167   104.58 175.72 -71.14
DT-168   102.46 185.78 -83.32
DA-169   104.19 171.86 -67.67
DT-170    74.29 185.78 -111.49
DG-171    72.31 175.72 -103.41
DT-172    89.33 185.78 -96.45
DA-173   105.34 171.86 -66.52
DT-174   105.48 185.78 -80.3
DG-175   103.00 175.72 -72.72
DT-176   101.63 185.78 -84.15
DA-177   102.08 171.86 -69.78
DA-178   102.77 171.86 -69.09
DT-179   107.93 185.78 -77.85
DC-180   120.90 176.41 -55.51
