DG-1   123.22 175.72 -52.5
DA-2   113.44 171.86 -58.42
DT-3   103.85 185.78 -81.93
DT-4    90.41 185.78 -95.37
DA-5    79.84 171.86 -92.02
DC-6    83.67 176.41 -92.74
DA-7    88.80 171.86 -83.06
DT-8   100.56 185.78 -85.22
DA-9   104.15 171.86 -67.71
DC-10   104.83 176.41 -71.58
DA-11   100.88 171.86 -70.98
DT-12    76.34 185.78 -109.44
DA-13   104.20 171.86 -67.66
DC-14   107.69 176.41 -68.72
DA-15   108.29 171.86 -63.57
DG-16   104.84 175.72 -70.88
DA-17   101.03 171.86 -70.83
DT-18    98.29 185.78 -87.49
DT-19   105.02 185.78 -80.76
DA-20   102.95 171.86 -68.91
DC-21   107.29 176.41 -69.12
DA-22   113.22 171.86 -58.64
DT-23   111.43 185.78 -74.35
DA-24   103.84 171.86 -68.02
DC-25   105.25 176.41 -71.16
DA-26   109.91 171.86 -61.95
DT-27   103.62 185.78 -82.16
DA-28    99.91 171.86 -71.95
DC-29   103.64 176.41 -72.77
DA-30   105.46 171.86 -66.4
DG-31    81.70 175.72 -94.02
DA-32    59.92 171.86 -111.94
DT-33    62.34 185.78 -123.44
DT-34    62.46 185.78 -123.32
DA-35    60.51 171.86 -111.35
DC-36    90.56 176.41 -85.85
DA-37   100.30 171.86 -71.56
DT-38   106.36 185.78 -79.42
DA-39   100.07 171.86 -71.79
DC-40   108.09 176.41 -68.32
DA-41   109.14 171.86 -62.72
DT-42   108.34 185.78 -77.44
DA-43   105.85 171.86 -66.01
DC-44    98.94 176.41 -77.47
DA-45    96.37 171.86 -75.49
DG-46   100.46 175.72 -75.26
DA-47   103.68 171.86 -68.18
DT-48   100.74 185.78 -85.04
DT-49   103.82 185.78 -81.96
DA-50   102.17 171.86 -69.69
DC-51   107.23 176.41 -69.18
DA-52   108.20 171.86 -63.66
DT-53   106.06 185.78 -79.72
DA-54   106.68 171.86 -65.18
DC-55   105.77 176.41 -70.64
DA-56    99.20 171.86 -72.66
DT-57   101.16 185.78 -84.62
DA-58   105.05 171.86 -66.81
DC-59   104.86 176.41 -71.55
DA-60    98.80 171.86 -73.06
DG-61    90.80 175.72 -84.92
DA-62    99.58 171.86 -72.28
DT-63   102.35 185.78 -83.43
DT-64   102.78 185.78 -83
DA-65    99.60 171.86 -72.26
DC-66    99.81 176.41 -76.6
DA-67    98.72 171.86 -73.14
DT-68   102.81 185.78 -82.97
DA-69   108.43 171.86 -63.43
DC-70   106.53 176.41 -69.88
DA-71   101.88 171.86 -69.98
DT-72    96.28 185.78 -89.5
DA-73    94.13 171.86 -77.73
DC-74    89.52 176.41 -86.89
DA-75    94.92 171.86 -76.94
DG-76   104.74 175.72 -70.98
DA-77   104.28 171.86 -67.58
DT-78   101.45 185.78 -84.33
DT-79   112.49 185.78 -73.29
DA-80   110.82 171.86 -61.04
DC-81    98.25 176.41 -78.16
DA-82    78.34 171.86 -93.52
DT-83    67.90 185.78 -117.88
DA-84    64.06 171.86 -107.8
DC-85    60.18 176.41 -116.23
DA-86    69.97 171.86 -101.89
DT-87   105.03 185.78 -80.75
DA-88   108.01 171.86 -63.85
DC-89   108.66 176.41 -67.75
DA-90   122.25 171.86 -49.61
DT-91   110.00 185.78 -75.78
DG-92   103.23 175.72 -72.49
DT-93   109.92 185.78 -75.86
DA-94    98.89 171.86 -72.97
DT-95    96.44 185.78 -89.34
DG-96    99.09 175.72 -76.63
DT-97    70.18 185.78 -115.6
DA-98    58.58 171.86 -113.28
DT-99    69.46 185.78 -116.32
DG-100    78.69 175.72 -97.03
DT-101    88.19 185.78 -97.59
DA-102    97.21 171.86 -74.65
DA-103   105.86 171.86 -66
DT-104   106.11 185.78 -79.67
DC-105   101.57 176.41 -74.84
DT-106   105.66 185.78 -80.12
DG-107   107.74 175.72 -67.98
DT-108   105.33 185.78 -80.45
DA-109   104.52 171.86 -67.34
DT-110    95.16 185.78 -90.62
DG-111    97.28 175.72 -78.44
DT-112   106.23 185.78 -79.55
DA-113   106.78 171.86 -65.08
DT-114    82.01 185.78 -103.77
DG-115    78.07 175.72 -97.65
DT-116    84.48 185.78 -101.3
DA-117   103.05 171.86 -68.81
DA-118    97.19 171.86 -74.67
DT-119    92.29 185.78 -93.49
DC-120    99.50 176.41 -76.91
DT-121   106.31 185.78 -79.47
DG-122   104.10 175.72 -71.62
DT-123   111.48 185.78 -74.3
DA-124   119.12 171.86 -52.74
DT-125   107.55 185.78 -78.23
DG-126   109.55 175.72 -66.17
DT-127   107.88 185.78 -77.9
DA-128    95.09 171.86 -76.77
DT-129    95.66 185.78 -90.12
DG-130   100.34 175.72 -75.38
DT-131    97.30 185.78 -88.48
DA-132    99.59 171.86 -72.27
DA-133   107.95 171.86 -63.91
DT-134   102.75 185.78 -83.03
DC-135    98.07 176.41 -78.34
DT-136   100.22 185.78 -85.56
DG-137   109.17 175.72 -66.55
DT-138   115.87 185.78 -69.91
DA-139   109.77 171.86 -62.09
DT-140   103.50 185.78 -82.28
DG-141   114.34 175.72 -61.38
DT-142   119.05 185.78 -66.73
DA-143   108.73 171.86 -63.13
DT-144    98.92 185.78 -86.86
DG-145   101.91 175.72 -73.81
DT-146   101.86 185.78 -83.92
DA-147    93.92 171.86 -77.94
DA-148    67.79 171.86 -104.07
DT-149    67.20 185.78 -118.58
DC-150    71.14 176.41 -105.27
DT-151    87.47 185.78 -98.31
DG-152    94.34 175.72 -81.38
DT-153   109.50 185.78 -76.28
DA-154   111.51 171.86 -60.35
DT-155   107.72 185.78 -78.06
DG-156   103.55 175.72 -72.17
DT-157   107.98 185.78 -77.8
DA-158    98.31 171.86 -73.55
DT-159    95.36 185.78 -90.42
DG-160   110.47 175.72 -65.25
DT-161   108.18 185.78 -77.6
DA-162    95.49 171.86 -76.37
DA-163    96.27 171.86 -75.59
DT-164   102.40 185.78 -83.38
DC-165    98.77 176.41 -77.64
DT-166   101.42 185.78 -84.36
DG-167   103.95 175.72 -71.77
DT-168   101.86 185.78 -83.92
DA-169   104.11 171.86 -67.75
DT-170    74.84 185.78 -110.94
DG-171    71.97 175.72 -103.75
DT-172    89.41 185.78 -96.37
DA-173   104.65 171.86 -67.21
DT-174   104.47 185.78 -81.31
DG-175   101.99 175.72 -73.73
DT-176   101.35 185.78 -84.43
DA-177   102.30 171.86 -69.56
DA-178   102.72 171.86 -69.14
DT-179   106.89 185.78 -78.89
DC-180   120.06 176.41 -56.35
