DG-1   117.72 175.72 -58
DA-2    97.81 171.86 -74.05
DT-3    94.12 185.78 -91.66
DT-4    91.23 185.78 -94.55
DA-5    80.47 171.86 -91.39
DC-6    83.55 176.41 -92.86
DA-7    88.73 171.86 -83.13
DT-8   100.87 185.78 -84.91
DA-9   104.60 171.86 -67.26
DC-10   104.49 176.41 -71.92
DA-11   100.36 171.86 -71.5
DT-12    77.03 185.78 -108.75
DA-13   104.54 171.86 -67.32
DC-14   106.79 176.41 -69.62
DA-15   103.55 171.86 -68.31
DG-16   103.17 175.72 -72.55
DA-17   102.93 171.86 -68.93
DT-18    99.73 185.78 -86.05
DT-19   107.54 185.78 -78.24
DA-20   102.29 171.86 -69.57
DC-21    99.87 176.41 -76.54
DA-22   102.19 171.86 -69.67
DT-23   100.82 185.78 -84.96
DA-24    98.33 171.86 -73.53
DC-25   103.35 176.41 -73.06
DA-26   107.27 171.86 -64.59
DT-27    94.18 185.78 -91.6
DA-28    88.18 171.86 -83.68
DC-29    94.97 176.41 -81.44
DA-30   101.56 171.86 -70.3
DG-31    80.38 175.72 -95.34
DA-32    59.56 171.86 -112.3
DT-33    61.60 185.78 -124.18
DT-34    62.29 185.78 -123.49
DA-35    60.36 171.86 -111.5
DC-36    90.51 176.41 -85.9
DA-37    93.42 171.86 -78.44
DT-38   106.96 185.78 -78.82
DA-39    99.38 171.86 -72.48
DC-40    99.36 176.41 -77.05
DA-41   102.09 171.86 -69.77
DT-42   101.55 185.78 -84.23
DA-43   105.18 171.86 -66.68
DC-44    87.51 176.41 -88.9
DA-45    90.83 171.86 -81.03
DG-46   104.36 175.72 -71.36
DA-47   101.75 171.86 -70.11
DT-48   103.48 185.78 -82.3
DT-49   106.78 185.78 -79
DA-50    99.02 171.86 -72.84
DC-51   104.90 176.41 -71.51
DA-52   111.05 171.86 -60.81
DT-53    97.87 185.78 -87.91
DA-54    98.21 171.86 -73.65
DC-55   108.15 176.41 -68.26
DA-56   103.46 171.86 -68.4
DT-57    96.06 185.78 -89.72
DA-58    97.75 171.86 -74.11
DC-59   108.64 176.41 -67.77
DA-60   101.19 171.86 -70.67
DG-61    91.05 175.72 -84.67
DA-62    99.74 171.86 -72.12
DT-63   102.24 185.78 -83.54
DT-64   102.53 185.78 -83.25
DA-65   100.35 171.86 -71.51
DC-66   100.63 176.41 -75.78
DA-67    99.62 171.86 -72.24
DT-68   100.08 185.78 -85.7
DA-69    98.51 171.86 -73.35
DC-70   106.36 176.41 -70.05
DA-71   110.22 171.86 -61.64
DT-72   103.11 185.78 -82.67
DA-73    99.42 171.86 -72.44
DC-74   103.06 176.41 -73.35
DA-75   102.20 171.86 -69.66
DG-76    99.65 175.72 -76.07
DA-77   110.28 171.86 -61.58
DT-78   105.23 185.78 -80.55
DT-79   107.24 185.78 -78.54
DA-80   108.26 171.86 -63.6
DC-81    97.98 176.41 -78.43
DA-82    78.33 171.86 -93.53
DT-83    67.44 185.78 -118.34
DA-84    63.79 171.86 -108.07
DC-85    59.93 176.41 -116.48
DA-86    70.30 171.86 -101.56
DT-87    95.62 185.78 -90.16
DA-88    96.85 171.86 -75.01
DC-89    99.51 176.41 -76.9
DA-90   115.10 171.86 -56.76
DT-91   114.56 185.78 -71.22
DG-92   103.40 175.72 -72.32
DT-93   113.53 185.78 -72.25
DA-94   107.29 171.86 -64.57
DT-95    96.84 185.78 -88.94
DG-96    99.35 175.72 -76.37
DT-97    70.08 185.78 -115.7
DA-98    58.58 171.86 -113.28
DT-99    69.39 185.78 -116.39
DG-100    78.23 175.72 -97.49
DT-101    94.10 185.78 -91.68
DA-102   100.08 171.86 -71.78
DA-103    99.71 171.86 -72.15
DT-104    98.84 185.78 -86.94
DC-105    98.54 176.41 -77.87
DT-106    99.54 185.78 -86.24
DG-107   112.10 175.72 -63.62
DT-108   111.72 185.78 -74.06
DA-109   108.62 171.86 -63.24
DT-110   105.20 185.78 -80.58
DG-111   106.95 175.72 -68.77
DT-112   112.71 185.78 -73.07
DA-113   105.44 171.86 -66.42
DT-114    82.46 185.78 -103.32
DG-115    78.29 175.72 -97.43
DT-116    83.20 185.78 -102.58
DA-117   102.74 171.86 -69.12
DA-118    96.40 171.86 -75.46
DT-119    91.71 185.78 -94.07
DC-120    99.44 176.41 -76.97
DT-121   107.14 185.78 -78.64
DG-122   101.53 175.72 -74.19
DT-123   105.70 185.78 -80.08
DA-124   109.26 171.86 -62.6
DT-125   100.04 185.78 -85.74
DG-126   102.80 175.72 -72.92
DT-127    99.72 185.78 -86.06
DA-128    95.42 171.86 -76.44
DT-129   100.73 185.78 -85.05
DG-130   106.70 175.72 -69.02
DT-131   103.29 185.78 -82.49
DA-132   101.70 171.86 -70.16
DA-133   106.65 171.86 -65.21
DT-134   102.41 185.78 -83.37
DC-135    98.53 176.41 -77.88
DT-136   101.18 185.78 -84.6
DG-137   106.25 175.72 -69.47
DT-138   113.39 185.78 -72.39
DA-139   111.71 171.86 -60.15
DT-140   104.73 185.78 -81.05
DG-141   108.91 175.72 -66.81
DT-142   107.77 185.78 -78.01
DA-143   102.26 171.86 -69.6
DT-144    98.15 185.78 -87.63
DG-145   101.62 175.72 -74.1
DT-146   101.39 185.78 -84.39
DA-147    93.91 171.86 -77.95
DA-148    67.15 171.86 -104.71
DT-149    66.52 185.78 -119.26
DC-150    70.27 176.41 -106.14
DT-151    82.63 185.78 -103.15
DG-152    97.91 175.72 -77.81
DT-153   114.69 185.78 -71.09
DA-154    99.41 171.86 -72.45
DT-155    94.72 185.78 -91.06
DG-156    98.77 175.72 -76.95
DT-157   111.40 185.78 -74.38
DA-158   112.77 171.86 -59.09
DT-159   102.55 185.78 -83.23
DG-160   102.49 175.72 -73.23
DT-161   100.73 185.78 -85.05
DA-162   100.53 171.86 -71.33
DA-163   105.85 171.86 -66.01
DT-164   102.37 185.78 -83.41
DC-165   102.58 176.41 -73.83
DT-166   104.31 185.78 -81.47
DG-167   104.38 175.72 -71.34
DT-168   102.10 185.78 -83.68
DA-169   104.65 171.86 -67.21
DT-170    75.20 185.78 -110.58
DG-171    72.11 175.72 -103.61
DT-172    89.37 185.78 -96.41
DA-173   104.63 171.86 -67.23
DT-174   104.22 185.78 -81.56
DG-175   101.97 175.72 -73.75
DT-176   101.45 185.78 -84.33
DA-177   102.17 171.86 -69.69
DA-178    97.11 171.86 -74.75
DT-179    92.74 185.78 -93.04
DC-180   111.43 176.41 -64.98
