DG-1   123.25 175.72 -52.47
DA-2   113.30 171.86 -58.56
DT-3   103.97 185.78 -81.81
DT-4    90.85 185.78 -94.93
DA-5    80.24 171.86 -91.62
DC-6    83.77 176.41 -92.64
DA-7    88.92 171.86 -82.94
DT-8   100.39 185.78 -85.39
DA-9   104.37 171.86 -67.49
DC-10   105.08 176.41 -71.33
DA-11   100.88 171.86 -70.98
DT-12    76.27 185.78 -109.51
DA-13   104.39 171.86 -67.47
DC-14   107.43 176.41 -68.98
DA-15   100.34 171.86 -71.52
DG-16   100.35 175.72 -75.37
DA-17    99.35 171.86 -72.51
DT-18    91.16 185.78 -94.62
DT-19    99.24 185.78 -86.54
DA-20   103.04 171.86 -68.82
DC-21   105.94 176.41 -70.47
DA-22   109.31 171.86 -62.55
DT-23    97.47 185.78 -88.31
DA-24    87.44 171.86 -84.42
DC-25    99.37 176.41 -77.04
DA-26   105.77 171.86 -66.09
DT-27   105.89 185.78 -79.89
DA-28   105.11 171.86 -66.75
DC-29   101.47 176.41 -74.94
DA-30   103.08 171.86 -68.78
DG-31    81.92 175.72 -93.8
DA-32    60.13 171.86 -111.73
DT-33    62.82 185.78 -122.96
DT-34    62.66 185.78 -123.12
DA-35    60.48 171.86 -111.38
DC-36    90.29 176.41 -86.12
DA-37    93.40 171.86 -78.46
DT-38   114.99 185.78 -70.79
DA-39   110.13 171.86 -61.73
DC-40    99.77 176.41 -76.64
DA-41   101.63 171.86 -70.23
DT-42   105.34 185.78 -80.44
DA-43    97.63 171.86 -74.23
DC-44    97.26 176.41 -79.15
DA-45   104.21 171.86 -67.65
DG-46   107.98 175.72 -67.74
DA-47   113.84 171.86 -58.02
DT-48   101.42 185.78 -84.36
DT-49   108.96 185.78 -76.82
DA-50   110.84 171.86 -61.02
DC-51   105.18 176.41 -71.23
DA-52   100.79 171.86 -71.07
DT-53   100.15 185.78 -85.63
DA-54   104.72 171.86 -67.14
DC-55   106.48 176.41 -69.93
DA-56   104.30 171.86 -67.56
DT-57   103.01 185.78 -82.77
DA-58   102.02 171.86 -69.84
DC-59   102.57 176.41 -73.84
DA-60    96.75 171.86 -75.11
DG-61    91.20 175.72 -84.52
DA-62    99.63 171.86 -72.23
DT-63   102.23 185.78 -83.55
DT-64   102.54 185.78 -83.24
DA-65    99.79 171.86 -72.07
DC-66   100.36 176.41 -76.05
DA-67    99.04 171.86 -72.82
DT-68    96.08 185.78 -89.7
DA-69    94.52 171.86 -77.34
DC-70   100.46 176.41 -75.95
DA-71   107.61 171.86 -64.25
DT-72   106.46 185.78 -79.32
DA-73   101.85 171.86 -70.01
DC-74    99.43 176.41 -76.98
DA-75    98.46 171.86 -73.4
DG-76    99.60 175.72 -76.12
DA-77   107.48 171.86 -64.38
DT-78   104.94 185.78 -80.84
DT-79   109.62 185.78 -76.16
DA-80   108.28 171.86 -63.58
DC-81    97.98 176.41 -78.43
DA-82    78.15 171.86 -93.71
DT-83    67.63 185.78 -118.15
DA-84    63.96 171.86 -107.9
DC-85    60.36 176.41 -116.05
DA-86    69.71 171.86 -102.15
DT-87   102.11 185.78 -83.67
DA-88   105.62 171.86 -66.24
DC-89   102.21 176.41 -74.2
DA-90   115.19 171.86 -56.67
DT-91   113.11 185.78 -72.67
DG-92   106.97 175.72 -68.75
DT-93   115.88 185.78 -69.9
DA-94   105.29 171.86 -66.57
DT-95    98.11 185.78 -87.67
DG-96    99.58 175.72 -76.14
DT-97    70.27 185.78 -115.51
DA-98    58.74 171.86 -113.12
DT-99    70.29 185.78 -115.49
DG-100    79.03 175.72 -96.69
DT-101    88.62 185.78 -97.16
DA-102   102.35 171.86 -69.51
DA-103   115.52 171.86 -56.34
DT-104   108.73 185.78 -77.05
DC-105   101.25 176.41 -75.16
DT-106    97.25 185.78 -88.53
DG-107   101.09 175.72 -74.63
DT-108   103.41 185.78 -82.37
DA-109   102.80 171.86 -69.06
DT-110    98.58 185.78 -87.2
DG-111    98.74 175.72 -76.98
DT-112   106.62 185.78 -79.16
DA-113   105.34 171.86 -66.52
DT-114    82.37 185.78 -103.41
DG-115    78.52 175.72 -97.2
DT-116    84.70 185.78 -101.08
DA-117   103.12 171.86 -68.74
DA-118    96.95 171.86 -74.91
DT-119    92.45 185.78 -93.33
DC-120   100.38 176.41 -76.03
DT-121   100.60 185.78 -85.18
DG-122   100.93 175.72 -74.79
DT-123   110.21 185.78 -75.57
DA-124   105.65 171.86 -66.21
DT-125    95.84 185.78 -89.94
DG-126   104.18 175.72 -71.54
DT-127   115.46 185.78 -70.32
DA-128   112.67 171.86 -59.19
DT-129    99.53 185.78 -86.25
DG-130   103.53 175.72 -72.19
DT-131   103.01 185.78 -82.77
DA-132   104.84 171.86 -67.02
DA-133   108.30 171.86 -63.56
DT-134   103.18 185.78 -82.6
DC-135   108.45 176.41 -67.96
DT-136   106.10 185.78 -79.68
DG-137   107.81 175.72 -67.91
DT-138   116.61 185.78 -69.17
DA-139   117.57 171.86 -54.29
DT-140   105.62 185.78 -80.16
DG-141   110.87 175.72 -64.85
DT-142   116.64 185.78 -69.14
DA-143   109.55 171.86 -62.31
DT-144   100.72 185.78 -85.06
DG-145   101.53 175.72 -74.19
DT-146   101.80 185.78 -83.98
DA-147    94.22 171.86 -77.64
DA-148    67.18 171.86 -104.68
DT-149    66.74 185.78 -119.04
DC-150    71.56 176.41 -104.85
DT-151    86.85 185.78 -98.93
DG-152    92.89 175.72 -82.83
DT-153   106.32 185.78 -79.46
DA-154   100.23 171.86 -71.63
DT-155   101.00 185.78 -84.78
DG-156   108.75 175.72 -66.97
DT-157   111.93 185.78 -73.85
DA-158   105.34 171.86 -66.52
DT-159    93.60 185.78 -92.18
DG-160    98.75 175.72 -76.97
DT-161   104.72 185.78 -81.06
DA-162   112.26 171.86 -59.6
DA-163   112.19 171.86 -59.67
DT-164   100.83 185.78 -84.95
DC-165   102.48 176.41 -73.93
DT-166   104.17 185.78 -81.61
DG-167   103.95 175.72 -71.77
DT-168   101.96 185.78 -83.82
DA-169   104.02 171.86 -67.84
DT-170    74.65 185.78 -111.13
DG-171    71.92 175.72 -103.8
DT-172    88.84 185.78 -96.94
DA-173   104.95 171.86 -66.91
DT-174   104.64 185.78 -81.14
DG-175   102.38 175.72 -73.34
DT-176   102.17 185.78 -83.61
DA-177   102.70 171.86 -69.16
DA-178   104.48 171.86 -67.38
DT-179   103.10 185.78 -82.68
DC-180   114.51 176.41 -61.9
