DG-1   121.79 175.72 -53.93
DA-2   112.06 171.86 -59.8
DT-3   104.08 185.78 -81.7
DT-4    90.74 185.78 -95.04
DA-5    80.38 171.86 -91.48
DC-6    83.83 176.41 -92.58
DA-7    88.89 171.86 -82.97
DT-8   100.54 185.78 -85.24
DA-9   104.36 171.86 -67.5
DC-10   105.05 176.41 -71.36
DA-11   101.04 171.86 -70.82
DT-12    77.06 185.78 -108.72
DA-13   104.61 171.86 -67.25
DC-14   107.27 176.41 -69.14
DA-15    95.22 171.86 -76.64
DG-16    97.75 175.72 -77.97
DA-17   105.28 171.86 -66.58
DT-18    99.93 185.78 -85.85
DT-19   103.03 185.78 -82.75
DA-20    94.50 171.86 -77.36
DC-21    99.39 176.41 -77.02
DA-22   103.68 171.86 -68.18
DT-23    99.61 185.78 -86.17
DA-24    95.51 171.86 -76.35
DC-25    98.68 176.41 -77.73
DA-26   106.62 171.86 -65.24
DT-27   104.44 185.78 -81.34
DA-28    96.59 171.86 -75.27
DC-29    98.15 176.41 -78.26
DA-30   105.24 171.86 -66.62
DG-31    81.36 175.72 -94.36
DA-32    59.91 171.86 -111.95
DT-33    62.18 185.78 -123.6
DT-34    62.43 185.78 -123.35
DA-35    60.04 171.86 -111.82
DC-36    90.18 176.41 -86.23
DA-37    92.90 171.86 -78.96
DT-38   110.00 185.78 -75.78
DA-39   111.38 171.86 -60.48
DC-40   107.51 176.41 -68.9
DA-41   113.56 171.86 -58.3
DT-42   112.70 185.78 -73.08
DA-43    97.39 171.86 -74.47
DC-44   100.39 176.41 -76.02
DA-45   108.71 171.86 -63.15
DG-46   104.64 175.72 -71.08
DA-47   104.81 171.86 -67.05
DT-48   105.11 185.78 -80.67
DT-49   115.76 185.78 -70.02
DA-50   109.21 171.86 -62.65
DC-51    99.82 176.41 -76.59
DA-52   105.69 171.86 -66.17
DT-53   105.65 185.78 -80.13
DA-54    98.56 171.86 -73.3
DC-55    96.86 176.41 -79.55
DA-56    99.80 171.86 -72.06
DT-57   100.48 185.78 -85.3
DA-58    93.81 171.86 -78.05
DC-59   101.24 176.41 -75.17
DA-60    99.74 171.86 -72.12
DG-61    91.23 175.72 -84.49
DA-62    99.62 171.86 -72.24
DT-63   102.27 185.78 -83.51
DT-64   102.42 185.78 -83.36
DA-65    99.76 171.86 -72.1
DC-66   100.10 176.41 -76.31
DA-67    99.00 171.86 -72.86
DT-68   102.17 185.78 -83.61
DA-69   100.53 171.86 -71.33
DC-70   100.86 176.41 -75.55
DA-71   110.11 171.86 -61.75
DT-72   103.37 185.78 -82.41
DA-73   101.63 171.86 -70.23
DC-74   108.55 176.41 -67.86
DA-75   106.80 171.86 -65.06
DG-76   100.24 175.72 -75.48
DA-77   105.64 171.86 -66.22
DT-78   107.55 185.78 -78.23
DT-79   103.48 185.78 -82.3
DA-80   101.46 171.86 -70.4
DC-81    97.78 176.41 -78.63
DA-82    78.33 171.86 -93.53
DT-83    67.63 185.78 -118.15
DA-84    64.22 171.86 -107.64
DC-85    60.55 176.41 -115.86
DA-86    70.13 171.86 -101.73
DT-87   103.56 185.78 -82.22
DA-88    99.87 171.86 -71.99
DC-89    89.14 176.41 -87.27
DA-90   109.34 171.86 -62.52
DT-91   111.42 185.78 -74.36
DG-92    99.13 175.72 -76.59
DT-93   109.41 185.78 -76.37
DA-94   104.83 171.86 -67.03
DT-95    97.27 185.78 -88.51
DG-96    99.42 175.72 -76.3
DT-97    70.58 185.78 -115.2
DA-98    58.89 171.86 -112.97
DT-99    69.86 185.78 -115.92
DG-100    79.04 175.72 -96.68
DT-101    95.33 185.78 -90.45
DA-102   105.08 171.86 -66.78
DA-103   106.20 171.86 -65.66
DT-104    99.11 185.78 -86.67
DC-105   103.09 176.41 -73.32
DT-106   104.34 185.78 -81.44
DG-107   106.88 175.72 -68.84
DT-108   104.37 185.78 -81.41
DA-109    94.71 171.86 -77.15
DT-110    99.53 185.78 -86.25
DG-111    98.97 175.72 -76.75
DT-112   102.44 185.78 -83.34
DA-113   106.01 171.86 -65.85
DT-114    82.31 185.78 -103.47
DG-115    78.43 175.72 -97.29
DT-116    84.28 185.78 -101.5
DA-117   103.15 171.86 -68.71
DA-118    96.86 171.86 -75
DT-119    91.88 185.78 -93.9
DC-120    99.27 176.41 -77.14
DT-121    98.55 185.78 -87.23
DG-122   104.03 175.72 -71.69
DT-123   111.25 185.78 -74.53
DA-124   102.98 171.86 -68.88
DT-125   103.17 185.78 -82.61
DG-126   100.67 175.72 -75.05
DT-127   104.81 185.78 -80.97
DA-128   106.83 171.86 -65.03
DT-129    98.34 185.78 -87.44
DG-130   102.07 175.72 -73.65
DT-131   100.86 185.78 -84.92
DA-132    93.74 171.86 -78.12
DA-133    92.34 171.86 -79.52
DT-134   101.71 185.78 -84.07
DC-135   106.67 176.41 -69.74
DT-136    95.57 185.78 -90.21
DG-137    93.46 175.72 -82.26
DT-138   102.14 185.78 -83.64
DA-139   101.60 171.86 -70.26
DT-140   101.21 185.78 -84.57
DG-141   100.97 175.72 -74.75
DT-142   104.17 185.78 -81.61
DA-143   105.84 171.86 -66.02
DT-144    96.91 185.78 -88.87
DG-145   101.64 175.72 -74.08
DT-146   101.66 185.78 -84.12
DA-147    94.26 171.86 -77.6
DA-148    68.02 171.86 -103.84
DT-149    67.18 185.78 -118.6
DC-150    71.33 176.41 -105.08
DT-151    87.59 185.78 -98.19
DG-152   103.36 175.72 -72.36
DT-153   109.23 185.78 -76.55
DA-154    97.48 171.86 -74.38
DT-155    97.94 185.78 -87.84
DG-156   106.22 175.72 -69.5
DT-157   115.71 185.78 -70.07
DA-158   104.97 171.86 -66.89
DT-159    94.85 185.78 -90.93
DG-160   102.57 175.72 -73.15
DT-161    99.95 185.78 -85.83
DA-162   105.64 171.86 -66.22
DA-163   111.68 171.86 -60.18
DT-164   105.76 185.78 -80.02
DC-165   107.87 176.41 -68.54
DT-166   107.28 185.78 -78.5
DG-167   104.14 175.72 -71.58
DT-168   102.36 185.78 -83.42
DA-169   104.33 171.86 -67.53
DT-170    74.65 185.78 -111.13
DG-171    72.36 175.72 -103.36
DT-172    89.66 185.78 -96.12
DA-173   106.18 171.86 -65.68
DT-174   105.12 185.78 -80.66
DG-175   102.28 175.72 -73.44
DT-176   101.64 185.78 -84.14
DA-177   102.08 171.86 -69.78
DA-178   102.07 171.86 -69.79
DT-179   106.16 185.78 -79.62
DC-180   119.87 176.41 -56.54
