DG-1   113.23 175.72 -62.49
DA-2    97.35 171.86 -74.51
DT-3    97.78 185.78 -88
DT-4    90.38 185.78 -95.4
DA-5    80.24 171.86 -91.62
DC-6    83.93 176.41 -92.48
DA-7    88.84 171.86 -83.02
DT-8   100.45 185.78 -85.33
DA-9   104.26 171.86 -67.6
DC-10   104.97 176.41 -71.44
DA-11   101.02 171.86 -70.84
DT-12    76.92 185.78 -108.86
DA-13   104.62 171.86 -67.24
DC-14   107.50 176.41 -68.91
DA-15   100.25 171.86 -71.61
DG-16    95.26 175.72 -80.46
DA-17    98.43 171.86 -73.43
DT-18    98.42 185.78 -87.36
DT-19    98.24 185.78 -87.54
DA-20    98.03 171.86 -73.83
DC-21    97.67 176.41 -78.74
DA-22    97.39 171.86 -74.47
DT-23    97.44 185.78 -88.34
DA-24    97.43 171.86 -74.43
DC-25    97.28 176.41 -79.13
DA-26    97.44 171.86 -74.42
DT-27    97.96 185.78 -87.82
DA-28    98.47 171.86 -73.39
DC-29    99.04 176.41 -77.37
DA-30    99.92 171.86 -71.94
DG-31    81.72 175.72 -94
DA-32    59.94 171.86 -111.92
DT-33    62.55 185.78 -123.23
DT-34    62.62 185.78 -123.16
DA-35    60.66 171.86 -111.2
DC-36    90.57 176.41 -85.84
DA-37    94.17 171.86 -77.69
DT-38   100.51 185.78 -85.27
DA-39    98.38 171.86 -73.48
DC-40    97.88 176.41 -78.53
DA-41    98.02 171.86 -73.84
DT-42    98.54 185.78 -87.24
DA-43    98.32 171.86 -73.54
DC-44    98.09 176.41 -78.32
DA-45    97.92 171.86 -73.94
DG-46    97.95 175.72 -77.77
DA-47    98.22 171.86 -73.64
DT-48    98.21 185.78 -87.57
DT-49    97.75 185.78 -88.03
DA-50    97.56 171.86 -74.3
DC-51    97.98 176.41 -78.43
DA-52    98.49 171.86 -73.37
DT-53    98.04 185.78 -87.74
DA-54    97.73 171.86 -74.13
DC-55    98.08 176.41 -78.33
DA-56    98.50 171.86 -73.36
DT-57    98.37 185.78 -87.41
DA-58    97.95 171.86 -73.91
DC-59    99.26 176.41 -77.15
DA-60    91.88 171.86 -79.98
DG-61    91.04 175.72 -84.68
DA-62    99.85 171.86 -72.01
DT-63   102.91 185.78 -82.87
DT-64   102.84 185.78 -82.94
DA-65    99.83 171.86 -72.03
DC-66   100.30 176.41 -76.11
DA-67    99.23 171.86 -72.63
DT-68    95.28 185.78 -90.5
DA-69    98.47 171.86 -73.39
DC-70    98.03 176.41 -78.38
DA-71    97.80 171.86 -74.06
DT-72    97.84 185.78 -87.94
DA-73    97.95 171.86 -73.91
DC-74    97.69 176.41 -78.72
DA-75    97.99 171.86 -73.87
DG-76    97.88 175.72 -77.84
DA-77    97.46 171.86 -74.4
DT-78    97.57 185.78 -88.21
DT-79    98.47 185.78 -87.31
DA-80    99.95 171.86 -71.91
DC-81    97.93 176.41 -78.48
DA-82    78.17 171.86 -93.69
DT-83    68.03 185.78 -117.75
DA-84    64.36 171.86 -107.5
DC-85    60.24 176.41 -116.17
DA-86    70.66 171.86 -101.2
DT-87    96.43 185.78 -89.35
DA-88    98.17 171.86 -73.69
DC-89    98.55 176.41 -77.86
DA-90   113.38 171.86 -58.48
DT-91   113.28 185.78 -72.5
DG-92    98.12 175.72 -77.6
DT-93    99.98 185.78 -85.8
DA-94    98.23 171.86 -73.63
DT-95    97.69 185.78 -88.09
DG-96    99.49 175.72 -76.23
DT-97    69.99 185.78 -115.79
DA-98    58.44 171.86 -113.42
DT-99    69.87 185.78 -115.91
DG-100    78.33 175.72 -97.39
DT-101    95.57 185.78 -90.21
DA-102    99.54 171.86 -72.32
DA-103    98.09 171.86 -73.77
DT-104    98.05 185.78 -87.73
DC-105    97.92 176.41 -78.49
DT-106    97.71 185.78 -88.07
DG-107    97.33 175.72 -78.39
DT-108    97.54 185.78 -88.24
DA-109    97.83 171.86 -74.03
DT-110    98.07 185.78 -87.71
DG-111    98.42 175.72 -77.3
DT-112    97.58 185.78 -88.2
DA-113    99.92 171.86 -71.94
DT-114    83.95 185.78 -101.83
DG-115    78.24 175.72 -97.48
DT-116    84.87 185.78 -100.91
DA-117   103.05 171.86 -68.81
DA-118    96.67 171.86 -75.19
DT-119    92.08 185.78 -93.7
DC-120   100.03 176.41 -76.38
DT-121    99.38 185.78 -86.4
DG-122    95.34 175.72 -80.38
DT-123    98.20 185.78 -87.58
DA-124    97.69 171.86 -74.17
DT-125    97.87 185.78 -87.91
DG-126    97.87 175.72 -77.85
DT-127    97.71 185.78 -88.07
DA-128    98.03 171.86 -73.83
DT-129    98.06 185.78 -87.72
DG-130    98.02 175.72 -77.7
DT-131    97.86 185.78 -87.92
DA-132    98.16 171.86 -73.7
DA-133    98.51 171.86 -73.35
DT-134    98.49 185.78 -87.29
DC-135    98.38 176.41 -78.03
DT-136    98.07 185.78 -87.71
DG-137    98.34 175.72 -77.38
DT-138    98.87 185.78 -86.91
DA-139    98.75 171.86 -73.11
DT-140    98.43 185.78 -87.35
DG-141    98.51 175.72 -77.21
DT-142    98.28 185.78 -87.5
DA-143    99.43 171.86 -72.43
DT-144    97.47 185.78 -88.31
DG-145   101.90 175.72 -73.82
DT-146   101.96 185.78 -83.82
DA-147    94.02 171.86 -77.84
DA-148    67.79 171.86 -104.07
DT-149    67.12 185.78 -118.66
DC-150    71.09 176.41 -105.32
DT-151    89.17 185.78 -96.61
DG-152    93.99 175.72 -81.73
DT-153    97.16 185.78 -88.62
DA-154    97.50 171.86 -74.36
DT-155    98.01 185.78 -87.77
DG-156    98.43 175.72 -77.29
DT-157    98.43 185.78 -87.35
DA-158    97.87 171.86 -73.99
DT-159    97.44 185.78 -88.34
DG-160    97.29 175.72 -78.43
DT-161    97.42 185.78 -88.36
DA-162    97.49 171.86 -74.37
DA-163    97.35 171.86 -74.51
DT-164    97.45 185.78 -88.33
DC-165    96.62 176.41 -79.79
DT-166   100.06 185.78 -85.72
DG-167   104.12 175.72 -71.6
DT-168   102.12 185.78 -83.66
DA-169   104.08 171.86 -67.78
DT-170    74.99 185.78 -110.79
DG-171    72.23 175.72 -103.49
DT-172    89.60 185.78 -96.18
DA-173   106.26 171.86 -65.6
DT-174   105.09 185.78 -80.69
DG-175   101.91 175.72 -73.81
DT-176   101.35 185.78 -84.43
DA-177   102.07 171.86 -69.79
DA-178    99.15 171.86 -72.71
DT-179    96.62 185.78 -89.16
DC-180   113.25 176.41 -63.16
