1	-8.52
2	-1.65
3	-12.37
4	-6.14
5	-6.29
6	-7.04
7	-8.42
8	-2.42
9	-7.24
10	-4.01
11	-3.80
12	-9.29
13	-9.53
14	3.95
15	-5.49
16	-11.01
17	-15.09
18	-1.72
19	-10.96
20	-4.97
21	-7.89
22	-7.82
23	-14.55
24	-12.98
25	-7.33
26	-8.75
27	-2.56
28	-5.92
29	-2.10
30	-4.69
31	-2.17
32	4.19
33	-8.19
34	-16.97
35	-2.34
36	-19.01
37	-16.38
38	-7.59
39	-9.15
40	-4.64
41	-12.24
42	-8.56
43	-5.90
44	-14.45
45	-7.13
46	3.60
47	-11.76
48	-12.45
49	-4.94
50	-14.33
51	-7.89
52	-10.69
53	-7.53
54	-17.10
55	-11.19
56	-4.69
57	-15.27
58	-11.36
59	-2.93
60	-10.93
61	0.25
62	-11.18
63	-5.94
64	1.24
65	-14.09
66	-10.05
67	-1.28
68	-6.36
69	-12.40
70	-2.74
71	-7.42
72	-1.81
73	-5.78
74	0.16
75	-15.10
76	-3.03
77	-1.36
78	-10.22
79	-3.03
80	-5.05
81	2.06
82	-8.45
83	0.28
84	-10.17
85	0.21
86	-17.25
87	-10.00
88	2.42
89	0.81
90	2.66
91	-7.21
92	-14.44
93	-5.97
94	-6.36
95	-8.07
96	-6.58
97	-5.70
98	-7.55
99	-7.05
100	-16.16
101	-7.57
