1	0.23
2	0.01
3	0.24
4	0.12
5	0.41
6	0.16
7	0.31
8	0.13
9	-0.04
10	-0.12
11	0.24
12	0.16
13	0.13
14	0.05
15	0.32
16	0.33
17	0.18
18	0.29
19	0.34
20	0.26
21	0.29
22	0.28
23	0.46
24	0.30
25	0.17
26	0.28
27	0.22
28	0.41
29	0.31
30	0.13
31	0.28
32	0.12
33	0.14
34	0.39
35	0.30
36	0.38
37	0.42
38	0.10
39	0.16
40	0.08
41	0.16
42	0.25
43	0.26
44	0.34
45	0.05
46	0.08
47	0.31
48	0.33
49	0.10
50	0.17
51	0.19
52	0.21
53	0.09
54	0.21
55	0.31
56	0.25
57	0.33
58	0.21
59	0.12
60	0.27
61	0.01
62	0.46
63	0.29
64	0.01
65	0.34
66	0.25
67	0.09
68	-0.13
69	0.35
70	0.11
71	0.37
72	-0.14
73	-0.04
74	0.37
75	0.33
76	0.15
77	0.24
78	0.17
79	0.20
80	0.29
81	0.10
82	0.21
83	0.03
84	0.39
85	0.25
86	0.12
87	0.33
88	0.13
89	-0.01
90	0.30
91	0.20
92	0.28
93	0.23
94	0.14
95	0.29
96	0.28
97	0.40
98	0.26
99	0.32
100	0.37
101	0.22
