1	170.19
2	170.93
3	177.86
4	169.05
5	167.44
6	171.82
7	156.23
8	166.85
9	163.45
10	157.20
11	173.39
12	158.08
13	171.59
14	169.65
15	171.11
16	176.62
17	169.90
18	172.89
19	171.89
20	170.47
21	170.93
22	166.39
23	172.42
24	166.13
25	148.37
26	170.59
27	165.29
28	166.02
29	162.00
30	162.70
31	176.09
32	174.48
33	171.03
34	171.11
35	167.54
36	174.68
37	171.51
38	167.66
39	167.03
40	155.87
41	170.80
42	168.62
43	163.38
44	170.39
45	175.22
46	170.90
47	169.46
48	172.38
49	175.25
50	174.10
51	169.16
