1 -4.85
2 -4.85
3 15.81
4 15.81
5 17.49
6 17.49
7 -1.15
8 -1.15
9 -18.82
10 -18.82
11 -8.72
12 -8.72
13 -14.72
14 -14.72
15 -17.18
16 -17.18
17 -6.39
18 -6.39
19 -22.28
20 -22.28
21 -22.50
22 -22.50
23 -7.40
24 -7.40
25 -24.98
26 -24.98
27 12.82
28 12.82
29 5.23
30 5.23
31 -12.92
32 -12.92
33 9.83
34 9.83
35 20.84
36 20.84
37 -5.89
38 -5.89
39 18.82
40 18.82
41 7.61
42 7.61
43 -13.18
44 -13.18
45 7.73
46 7.73
47 -17.77
48 -17.77
49 4.19
50 4.19
51 8.71
52 8.71
53 -9.73
54 -9.73
55 -0.51
56 -0.51
57 -6.06
58 -6.06
59 -1.03
60 -1.03
61 -8.00
62 -8.00
63 0.92
64 0.92
65 -22.75
66 -22.75
67 -22.17
68 -22.17
69 4.63
70 4.63
71 -6.89
72 -6.89
73 16.97
74 16.97
75 -11.51
76 -11.51
77 9.12
78 9.12
79 -19.05
80 -19.05
81 -12.24
82 -12.24
83 19.24
84 19.24
85 -2.52
86 -2.52
87 21.53
88 21.53
89 10.06
90 10.06
91 20.71
92 20.71
93 6.92
94 6.92
95 14.37
96 14.37
97 -12.74
98 -12.74
99 10.04
100 10.04
101 14.74
102 14.74
