1 -0.54
2 -0.54
3 -1.22
4 -1.22
5 -1.08
6 -1.08
7 -0.91
8 -0.91
9 -0.99
10 -0.99
11 -0.72
12 -0.72
13 -0.96
14 -0.96
15 -0.99
16 -0.99
17 -0.73
18 -0.73
19 -1.07
20 -1.07
21 -1.11
22 -1.11
23 -0.53
24 -0.53
25 -0.83
26 -0.83
27 -0.49
28 -0.49
29 -1.23
30 -1.23
31 -1.21
32 -1.21
33 -0.88
34 -0.88
35 -1.17
36 -1.17
37 -0.84
38 -0.84
39 -0.95
40 -0.95
41 -1.16
42 -1.16
43 -1.06
44 -1.06
45 -1.09
46 -1.09
47 -0.86
48 -0.86
49 -0.59
50 -0.59
51 -0.94
52 -0.94
53 -1.08
54 -1.08
55 -1.37
56 -1.37
57 -0.88
58 -0.88
59 -0.78
60 -0.78
61 -1.24
62 -1.24
63 -0.65
64 -0.65
65 -1.18
66 -1.18
67 -0.22
68 -0.22
69 -0.89
70 -0.89
71 -1.21
72 -1.21
73 -1.43
74 -1.43
75 -1.22
76 -1.22
77 -1.11
78 -1.11
79 -1.28
80 -1.28
81 -1.31
82 -1.31
83 -1.07
84 -1.07
85 -1.05
86 -1.05
87 -0.93
88 -0.93
89 -1.04
90 -1.04
91 -0.33
92 -0.33
93 -0.79
94 -0.79
95 -1.29
96 -1.29
97 -1.10
98 -1.10
99 -1.22
100 -1.22
101 -1.52
102 -1.52
