1 31.76
2 31.76
3 28.18
4 28.18
5 25.23
6 25.23
7 31.03
8 31.03
9 37.47
10 37.47
11 32.88
12 32.88
13 34.68
14 34.68
15 36.90
16 36.90
17 34.05
18 34.05
19 37.87
20 37.87
21 38.02
22 38.02
23 30.46
24 30.46
25 38.30
26 38.30
27 25.43
28 25.43
29 31.63
30 31.63
31 36.64
32 36.64
33 22.57
34 22.57
35 26.18
36 26.18
37 30.56
38 30.56
39 21.86
40 21.86
41 31.10
42 31.10
43 35.02
44 35.02
45 28.80
46 28.80
47 31.93
48 31.93
49 29.83
50 29.83
51 30.96
52 30.96
53 33.28
54 33.28
55 32.65
56 32.65
57 30.34
58 30.34
59 34.20
60 34.20
61 27.86
62 27.86
63 33.46
64 33.46
65 33.73
66 33.73
67 36.09
68 36.09
69 26.67
70 26.67
71 32.73
72 32.73
73 22.63
74 22.63
75 35.54
76 35.54
77 26.78
78 26.78
79 31.39
80 31.39
81 33.62
82 33.62
83 28.77
84 28.77
85 32.28
86 32.28
87 26.85
88 26.85
89 25.81
90 25.81
91 22.43
92 22.43
93 30.05
94 30.05
95 25.16
96 25.16
97 33.18
98 33.18
99 21.23
100 21.23
101 26.82
102 26.82
