1 -1.50
2 -1.50
3 -0.13
4 -0.13
5 -1.84
6 -1.84
7 -1.15
8 -1.15
9 -3.50
10 -3.50
11 1.52
12 1.52
13 -0.47
14 -0.47
15 -2.27
16 -2.27
17 -3.94
18 -3.94
19 2.34
20 2.34
21 2.00
22 2.00
23 -2.80
24 -2.80
25 -1.14
26 -1.14
27 -2.58
28 -2.58
29 -2.68
30 -2.68
31 -0.78
32 -0.78
33 -1.99
34 -1.99
35 2.90
36 2.90
37 -0.98
38 -0.98
39 -0.44
40 -0.44
41 -0.99
42 -0.99
43 -2.81
44 -2.81
45 -0.75
46 -0.75
47 -1.50
48 -1.50
49 -1.03
50 -1.03
51 4.97
52 4.97
53 -3.10
54 -3.10
55 -0.78
56 -0.78
57 -0.33
58 -0.33
59 -0.65
60 -0.65
61 3.73
62 3.73
63 -3.61
64 -3.61
65 -2.40
66 -2.40
67 -1.80
68 -1.80
69 -1.76
70 -1.76
71 0.64
72 0.64
73 -2.44
74 -2.44
75 0.57
76 0.57
77 -3.02
78 -3.02
79 -1.90
80 -1.90
81 -0.78
82 -0.78
83 -2.78
84 -2.78
85 -2.98
86 -2.98
87 -1.58
88 -1.58
89 -1.20
90 -1.20
91 -1.18
92 -1.18
93 -1.16
94 -1.16
95 2.24
96 2.24
97 -1.45
98 -1.45
99 -0.46
100 -0.46
101 -2.87
102 -2.87
