1	-11.73
2	-9.81
3	-10.94
4	-12.77
5	-12.70
6	-11.36
7	-11.82
8	-10.84
9	-11.26
10	-11.40
11	-11.57
12	-12.08
13	-11.71
14	-10.90
15	-12.15
16	-11.59
17	-11.08
18	-10.71
19	-12.49
20	-10.13
21	-11.50
22	-11.95
23	-12.09
24	-10.22
25	-10.17
26	-11.80
27	-11.39
28	-10.69
29	-12.63
30	-11.93
31	-12.28
32	-11.82
33	-12.99
34	-11.15
35	-11.72
36	-11.68
37	-10.93
38	-11.80
39	-10.90
40	-10.44
41	-11.33
42	-11.30
43	-11.80
44	-11.04
45	-10.78
46	-10.72
47	-12.04
48	-11.22
49	-10.30
50	-11.67
51	-11.07
