1	39.23
2	29.78
3	40.36
4	47.52
5	43.33
6	34.89
7	40.98
8	43.56
9	41.95
10	39.83
11	34.59
12	48.48
13	46.38
14	42.60
15	34.23
16	46.04
17	37.36
18	40.83
19	33.64
20	44.16
21	30.99
22	37.99
23	31.40
24	40.10
25	22.64
26	21.08
27	42.03
28	41.48
29	43.45
30	39.80
31	37.45
32	25.62
33	20.43
34	39.60
35	38.72
36	43.60
37	39.56
38	44.95
39	37.97
40	28.36
41	32.69
42	42.70
43	34.03
44	39.50
45	41.17
46	40.61
47	45.74
48	24.79
49	26.98
50	37.75
51	39.03
52	31.23
53	25.19
54	29.30
55	25.94
56	27.25
57	30.91
58	42.50
59	36.23
60	40.25
61	42.74
62	23.77
63	36.66
64	37.47
65	25.62
66	38.02
67	41.36
68	36.26
69	44.20
70	26.19
71	31.11
72	43.11
73	22.37
74	29.12
75	36.54
76	45.87
77	42.92
78	34.75
79	42.68
80	31.85
81	41.06
82	34.72
83	22.09
84	40.61
85	40.13
86	38.50
87	43.51
88	40.46
89	41.06
90	23.50
91	31.71
92	40.90
93	15.79
94	25.01
95	35.98
96	35.29
97	44.86
98	29.34
99	43.03
100	39.65
101	35.88
