1	283.75
2	290.61
3	286.17
4	303.46
5	299.23
6	287.26
7	282.52
8	262.7
9	275.78
10	304.88
11	285.85
12	294.61
13	292.68
14	280.05
15	295.71
16	306.56
17	285.47
18	272.43
19	295.6
20	266.46
21	281.2
22	294.6
23	300.81
24	280.02
25	283.7
26	296.29
27	308.98
28	299.61
29	285.76
30	297.45
31	300.83
32	310.7
33	294.52
34	288.4
35	277.33
36	288.86
37	301.24
38	306.5
39	305.11
40	307.78
41	278.09
42	297.61
43	282.27
44	292
45	302
46	282.16
47	294.59
48	296.04
49	307.55
50	296.56
51	293.14
52	311.9
53	276.93
54	302.28
55	303.42
56	293.7
57	280.68
58	289.88
59	307.41
60	303.11
61	313.52
62	297.98
63	294.69
64	280.71
65	286.81
66	302.66
67	300.27
68	299.69
69	303.55
70	295.61
71	292.33
72	299.82
73	295.42
74	294.66
75	299.61
76	289.22
77	281.86
78	275.01
79	292.6
80	283.32
81	299.83
82	287.2
83	274.81
84	289.52
85	288.85
86	307.1
87	292.22
88	293.92
89	261.46
90	295.72
91	256.87
92	284.33
93	284.87
94	300.57
95	290.41
96	302.34
97	291.21
98	300.18
99	295.13
100	293.85
101	305.75
