1	55.59
2	49.30
3	52.33
4	51.40
5	52.74
6	59.55
7	57.65
8	58.74
9	52.35
10	53.42
11	51.94
12	51.63
13	55.53
14	57.12
15	50.37
16	52.35
17	53.54
18	53.08
19	48.22
20	57.75
21	78.59
22	52.29
23	54.33
24	54.86
25	55.44
26	51.95
27	57.02
28	54.09
29	57.71
30	50.60
31	54.16
32	63.69
33	52.83
34	57.89
35	58.58
36	58.93
37	51.70
38	50.71
39	53.12
40	50.79
41	52.15
42	51.75
43	50.83
44	56.34
45	57.64
46	56.78
47	53.22
48	52.40
49	56.96
50	52.32
51	55.20
52	57.54
53	55.65
54	52.25
55	55.60
56	54.20
57	54.05
58	53.06
59	53.37
60	53.55
61	55.90
62	58.55
63	52.99
64	52.67
65	49.73
66	55.52
67	59.04
68	53.02
69	53.39
70	55.35
71	52.32
72	49.92
73	55.13
74	53.15
75	56.71
76	58.91
77	53.33
78	60.58
79	56.54
80	54.16
81	56.01
82	52.93
83	69.44
84	54.56
85	54.53
86	49.94
87	53.60
88	50.26
89	54.97
90	57.47
91	48.61
92	54.17
93	58.83
94	56.63
95	60.61
96	54.72
97	50.47
98	56.37
99	51.97
100	52.05
101	54.98
