1	154.76
2	167.70
3	176.22
4	160.78
5	175.15
6	174.89
7	163.25
8	157.12
9	161.08
10	163.27
11	163.05
12	160.81
13	165.08
14	160.51
15	181.27
16	158.62
17	162.11
18	156.33
19	169.78
20	152.20
21	160.28
22	165.48
23	174.79
24	168.10
25	170.92
26	168.99
27	172.25
28	179.92
29	166.35
30	183.7
31	181.25
32	173.51
33	171.33
34	172.75
35	176.33
36	159.15
37	163.90
38	170.72
39	168.86
40	184.24
41	173.09
42	164.31
43	159.83
44	167.39
45	174.41
46	163.74
47	165.10
48	171.69
49	163.99
50	159.14
51	159.46
52	169.05
53	155.25
54	166.89
55	177.42
56	167.52
57	157.78
58	164.68
59	171.17
60	178.11
61	176.05
62	152.48
63	163.65
64	156.27
65	171.76
66	177.70
67	168.61
68	170.62
69	165.38
70	180.84
71	166.73
72	176.72
73	159.02
74	170.05
75	161.76
76	163.77
77	170.18
78	162.55
79	169.37
80	168.37
81	182.57
82	168.96
83	145.83
84	164.75
85	176.25
86	176.85
87	167.60
88	150.56
89	165.30
90	161.62
91	155.64
92	174.85
93	165.26
94	172.48
95	150.33
96	165.99
97	164.55
98	173.23
99	165.03
100	177.51
101	171.33
