1	229.26
2	252.52
3	260.36
4	NaN
5	NaN
6	248.05
7	240.83
8	166.07
9	242.92
10	240.19
11	108.90
12	247.22
13	265.59
14	242.28
15	NaN
16	NaN
17	177.66
18	222.27
19	NaN
20	244.68
21	236.77
22	NaN
23	259.04
24	NaN
25	277.12
26	NaN
27	NaN
28	251.23
29	NaN
30	NaN
31	233.86
32	189.49
33	NaN
34	NaN
35	267.73
36	NaN
37	NaN
38	253.67
39	262.04
40	251.94
41	204.5
42	NaN
43	NaN
44	246.32
45	245.44
46	NaN
47	254.24
48	308.01
49	256.1
50	252.53
51	264.16
52	NaN
53	NaN
54	NaN
55	NaN
56	NaN
57	NaN
58	258.31
59	NaN
60	264.37
61	NaN
62	240.17
63	NaN
64	NaN
65	268.06
66	254.75
67	245.43
68	NaN
69	253
70	261.28
71	242.42
72	251.39
73	NaN
74	NaN
75	245.36
76	NaN
77	NaN
78	NaN
79	251.58
80	259.39
81	356.68
82	253.17
83	NaN
84	253.31
85	247.85
86	NaN
87	262.91
88	213.17
89	252.05
90	NaN
91	239.55
92	NaN
93	NaN
94	NaN
95	NaN
96	246.58
97	NaN
98	274.39
99	265.84
100	NaN
101	NaN
