1	248.3
2	245.11
3	256.04
4	261.32
5	257.47
6	242.38
7	237.19
8	252.94
9	247.9
10	262.64
11	225.06
12	241.27
13	240.97
14	251.77
15	250.34
16	244.6
17	245.51
18	248.92
19	258.45
20	231.3
21	256.68
22	243.19
23	262.24
24	271.2
25	245.43
26	243.48
27	238.24
28	245.71
29	248.34
30	237.67
31	241.45
32	244.23
33	240.5
34	231.3
35	242.2
36	238.87
37	248.82
38	246.32
39	260.08
40	246.73
41	230.21
42	265.06
43	255.43
44	240.08
45	264.81
46	240.71
47	244.33
48	250.32
49	241.62
50	243.6
51	246.92
52	255.57
53	233.91
54	236.17
55	232.4
56	224.63
57	250.52
58	231.6
59	231.73
60	230.36
61	259.64
62	239.69
63	241.68
64	237.32
65	248.57
66	246.44
67	230.81
68	241.56
69	255.39
70	233.88
71	262.9
72	246.65
73	243.91
74	261.91
75	233.44
76	228.13
77	253.49
78	239.06
79	249.05
80	241.47
81	246.02
82	240.14
83	241.63
84	252.95
85	248.27
86	251.19
87	253.12
88	252.13
89	261.97
90	239.83
91	241.54
92	270.19
93	243
94	262.25
95	252.83
96	244.41
97	260.02
98	258.24
99	242.84
100	245.86
101	262.42
