1	152.58
2	128.83
3	185.01
4	159.96
5	148.60
6	139.62
7	130.13
8	140.72
9	172.59
10	172.90
11	147.87
12	154.69
13	170.17
14	168.19
15	174.13
16	155.11
17	163.07
18	163.29
19	159.20
20	132.63
21	171.38
22	139.76
23	166.40
24	138.93
25	151.77
26	141.91
27	163.02
28	176.12
29	158.72
30	151.69
31	170.50
32	168.76
33	122.41
34	146.18
35	148.62
36	143.57
37	149.57
38	155.49
39	160.56
40	162.30
41	123.12
42	139.51
43	145.76
44	141.62
45	163.13
46	138.59
47	147.79
48	154.11
49	143.21
50	166.43
51	141.86
52	140.60
53	129.65
54	135.59
55	113.69
56	129.72
57	139.68
58	129.96
59	116.45
60	125.47
61	139.96
62	125.02
63	151.55
64	129.33
65	170.85
66	164.44
67	112.40
68	146.66
69	175.46
70	122.78
71	166.24
72	158.12
73	179.17
74	163.14
75	139.54
76	132.15
77	145.46
78	151.63
79	160.61
80	163.82
81	174.41
82	150.69
83	160.28
84	142.09
85	150.89
86	174.25
87	149.95
88	166.50
89	158.64
90	140.72
91	143.48
92	167.03
93	162.84
94	159.33
95	173.63
96	130.43
97	160.20
98	156.95
99	170.56
100	171.12
101	163.90
