1	211.07
2	219.33
3	218.25
4	NaN
5	285.85
6	NaN
7	218.42
8	267.36
9	195.43
10	NaN
11	NaN
12	NaN
13	228.56
14	NaN
15	248.8
16	193.53
17	NaN
18	NaN
19	NaN
20	NaN
21	186.06
22	NaN
23	NaN
24	NaN
25	NaN
26	249.54
27	NaN
28	NaN
29	NaN
30	213.51
31	NaN
32	276.5
33	NaN
34	NaN
35	NaN
36	NaN
37	NaN
38	252.12
39	NaN
40	218.01
41	232.41
42	202.74
43	NaN
44	NaN
45	297.05
46	225.36
47	NaN
48	NaN
49	NaN
50	NaN
51	NaN
52	NaN
53	NaN
54	NaN
55	231.17
56	192.6
57	NaN
58	NaN
59	NaN
60	210.71
61	200.96
62	NaN
63	NaN
64	NaN
65	275.47
66	NaN
67	NaN
68	207.82
69	191.41
70	NaN
71	190.21
72	NaN
73	NaN
74	NaN
75	NaN
76	230.93
77	NaN
78	226.69
79	204.62
80	209.02
81	227.24
82	338.58
83	183.76
84	NaN
85	NaN
86	199.69
87	194.02
88	194.53
89	224.28
90	231.8
91	238.93
92	234.77
93	NaN
94	228.07
95	216.2
96	NaN
97	NaN
98	272.74
99	259.9
100	NaN
101	NaN
