1 3.15
2 3.15
3 3.24
4 3.24
5 3.48
6 3.48
7 3.03
8 3.03
9 3.52
10 3.52
11 3.63
12 3.63
13 3.83
14 3.83
15 3.79
16 3.79
17 3.54
18 3.54
19 3.75
20 3.75
21 2.50
22 2.50
23 2.62
24 2.62
25 3.67
26 3.67
27 3.70
28 3.70
29 3.68
30 3.68
31 2.90
32 2.90
33 3.65
34 3.65
35 3.36
36 3.36
37 3.78
38 3.78
39 2.48
40 2.48
41 4.12
42 4.12
43 3.80
44 3.80
45 2.50
46 2.50
47 3.25
48 3.25
49 3.77
50 3.77
51 3.56
52 3.56
53 2.04
54 2.04
55 2.25
56 2.25
57 3.11
58 3.11
59 2.29
60 2.29
61 2.51
62 2.51
63 3.17
64 3.17
65 3.66
66 3.66
67 2.54
68 2.54
69 3.00
70 3.00
71 3.21
72 3.21
73 3.88
74 3.88
75 2.19
76 2.19
77 2.24
78 2.24
79 2.82
80 2.82
81 2.16
82 2.16
83 2.76
84 2.76
85 3.08
86 3.08
87 3.44
88 3.44
89 3.90
90 3.90
91 2.62
92 2.62
93 3.01
94 3.01
95 3.58
96 3.58
97 4.00
98 4.00
99 3.18
100 3.18
101 2.46
102 2.46
