1 0.83
2 0.83
3 10.91
4 10.91
5 5.60
6 5.60
7 21.48
8 21.48
9 -2.58
10 -2.58
11 12.58
12 12.58
13 -11.08
14 -11.08
15 -24.55
16 -24.55
17 -7.81
18 -7.81
19 7.31
20 7.31
21 24.33
22 24.33
23 37.54
24 37.54
25 -4.59
26 -4.59
27 -1.90
28 -1.90
29 -13.28
30 -13.28
31 25.75
32 25.75
33 17.68
34 17.68
35 1.56
36 1.56
37 -12.13
38 -12.13
39 24.68
40 24.68
41 -21.25
42 -21.25
43 -0.10
44 -0.10
45 34.64
46 34.64
47 14.87
48 14.87
49 -16.59
50 -16.59
51 2.03
52 2.03
53 40.55
54 40.55
55 42.48
56 42.48
57 19.55
58 19.55
59 18.27
60 18.27
61 27.67
62 27.67
63 16.45
64 16.45
65 11.33
66 11.33
67 24.65
68 24.65
69 -3.55
70 -3.55
71 22.36
72 22.36
73 -4.50
74 -4.50
75 38.58
76 38.58
77 37.04
78 37.04
79 6.35
80 6.35
81 18.72
82 18.72
83 22.75
84 22.75
85 14.31
86 14.31
87 12.49
88 12.49
89 -19.09
90 -19.09
91 32.70
92 32.70
93 22.82
94 22.82
95 5.89
96 5.89
97 -10.24
98 -10.24
99 15.64
100 15.64
101 36.42
102 36.42
