1 0.241
2 4.698
3 4.767
4 0.375
5 -2.176
6 3.002
7 6.267
8 1.222
9 1.368
10 -2.626
11 -4.375
12 0.824
13 -5.066
14 3.013
15 -1.107
16 3.604
17 -2.741
18 1.849
19 -5.881
20 -7.642
21 6.905
22 -1.724
23 -0.131
24 -2.782
25 -2.174
26 -0.424
27 0.369
28 7.057
29 7.199
30 -0.435
31 4.183
32 -1.906
33 -0.481
34 -5.496
35 -1.310
36 -2.546
37 -2.294
38 -3.928
39 -1.496
40 -1.539
41 -2.452
42 -3.383
43 -2.315
44 -0.913
45 -1.377
46 0.505
47 2.650
48 -3.780
49 -2.017
50 2.702
51 2.169
52 0.111
53 -0.545
54 -4.780
55 -2.730
56 -2.312
57 -4.481
58 6.190
59 6.197
60 1.323
61 -3.074
62 3.835
63 6.663
64 2.015
65 7.281
66 7.862
67 1.109
68 5.071
69 0.637
70 -0.508
71 4.993
72 2.115
73 1.627
74 -3.845
75 0.592
76 0.203
77 4.073
78 -5.060
79 0.646
80 4.965
81 -3.278
82 5.770
83 3.254
84 1.725
85 1.396
86 -1.255
87 -7.331
88 0.692
89 -1.467
90 -1.282
91 -0.071
92 -2.775
93 1.045
94 -1.286
95 -1.707
96 -6.940
97 -1.159
98 -7.582
99 -5.413
100 0.045
101 -3.744
