1	165.24
2	169.80
3	181.55
4	171.26
5	150.66
6	151.20
7	149.79
8	157.19
9	151.07
10	112.48
11	161.87
12	152.04
13	140.68
14	158.72
15	169.63
16	160.53
17	173.64
18	150.00
19	169.35
20	160.85
21	169.69
22	162.68
23	156.35
24	191.53
25	167.02
26	157.21
27	124.76
28	160.32
29	152.96
30	128.40
31	160.88
32	138.63
33	175.57
34	178.19
35	173.90
36	165.14
37	148.23
38	169.24
39	177.68
40	157.29
41	158.76
42	150.98
43	172.53
44	148.68
45	182.73
46	140.47
47	176.92
48	146.07
49	168.21
50	165.62
51	149.45
