1	164.51
2	181.52
3	168.63
4	161.09
5	168.59
6	155.70
7	171.42
8	172.56
9	175.94
10	157.38
11	175.45
12	169.35
13	165.53
14	180.62
15	189.06
16	168.07
17	164.53
18	182.23
19	184.99
20	172.05
21	147.22
22	162.56
23	161.62
24	189.66
25	181.65
26	161.73
27	155.48
28	170.07
29	168.89
30	179.12
31	177.91
32	145.05
33	162.66
34	160.71
35	168.35
36	154.34
37	164.82
38	170.96
39	160.53
40	180.79
41	174.84
42	160.78
43	168.36
44	165.89
45	140.75
46	179.81
47	146.18
48	172.43
49	150.16
50	166.75
51	134.04
52	160.91
53	182.5
54	150.97
55	159.82
56	166.22
57	164.70
58	188.12
59	171.84
60	176.28
61	174.30
62	151.50
63	166.12
64	177.65
65	172.51
66	171.96
67	168.26
68	164.40
69	164.25
70	178.42
71	153.45
72	182.47
73	171.19
74	169.53
75	165.72
76	188.85
77	178.44
78	180.43
79	165.52
80	178.50
81	156.26
82	179.93
83	168.00
84	163.22
85	178.29
86	169.79
87	178.88
88	149.15
89	180.65
90	176.49
91	176.68
92	180.22
93	149.50
94	158.95
95	171.11
96	160.12
97	175.94
98	148.72
99	170.29
100	164.77
101	158.97
