1	247.15
2	254.03
3	250.74
4	248.35
5	252.74
6	252.5
7	256.42
8	278.48
9	263.32
10	242.81
11	243.76
12	250.28
13	253.76
14	248.74
15	259.54
16	260.12
17	276.81
18	260.42
19	244.48
20	262.8
21	243.41
22	277.11
23	251.3
24	262.16
25	255.2
26	245.45
27	242.05
28	250.77
29	244.3
30	252.28
31	258.29
32	254.03
33	249.58
34	235.76
35	251.79
36	234.99
37	236.92
38	245.21
39	242.87
40	253.25
41	256.06
42	234.18
43	254.29
44	247.96
45	246.36
46	250.06
47	242.85
48	252.34
49	238.8
50	257.56
51	235.51
52	251.3
53	253.92
54	239.05
55	243.77
56	246.62
57	238.89
58	243.11
59	238.54
60	247.01
61	246.14
62	228.94
63	237.36
64	245.83
65	254.14
66	250.37
67	247.79
68	264.1
69	245.52
70	249.7
71	235.72
72	266.08
73	243.79
74	251.51
75	252.97
76	262.66
77	258.29
78	268.52
79	251.15
80	247.9
81	257.75
82	256
83	253.41
84	237.86
85	260.4
86	252.57
87	255.83
88	266.3
89	255.93
90	262.38
91	268.81
92	255.02
93	245.61
94	250.25
95	239.61
96	242.25
97	255.39
98	245.22
99	250.51
100	247.27
101	242.7
