1	154.57
2	168.07
3	175.34
4	160.54
5	174.71
6	174.85
7	164.21
8	154.55
9	160.13
10	165.28
11	168.04
12	162.36
13	167.07
14	164.12
15	174.97
16	176.18
17	160.51
18	160.87
19	170.62
20	149.87
21	157.80
22	160.98
23	176.40
24	169.21
25	158.62
26	163.11
27	175.92
28	178.60
29	171.85
30	180.34
31	183.56
32	177.41
33	175.98
34	170.05
35	172.68
36	152.24
37	164.39
38	171.97
39	173.74
40	181.87
41	173.01
42	165.50
43	165.70
44	164.28
45	179.14
46	165.08
47	163.93
48	171.03
49	161.25
50	154.41
51	168.52
52	173.21
53	158.86
54	166.05
55	189.22
56	165.46
57	160.99
58	167.05
59	163.95
60	177.85
61	179.47
62	152.83
63	168.31
64	161.92
65	175.11
66	172.60
67	171.48
68	163.33
69	171.81
70	182.15
71	162.03
72	171.31
73	155.94
74	174.30
75	161.08
76	158.18
77	171.64
78	160.58
79	170.26
80	179.29
81	183.82
82	166.75
83	153.29
84	163.67
85	173.37
86	177.99
87	167.67
88	155.40
89	166.82
90	166.25
91	149.57
92	172.04
93	173.86
94	174.92
95	152.11
96	165.23
97	167.67
98	172.94
99	173.18
100	179.60
101	172.23
