1	-7.85999999999999
2	-104.88
3	-142.43
4	-129.34
5	-74.68
6	-79.29
7	-104.81
8	-43.04
9	-15.83
10	-117.5
11	NaN
12	-36.77
13	-76.26
14	-129.49
15	-109.67
16	-77.75
17	-54.87
18	-118.79
19	-86.84
20	-118.3
21	-105.34
22	-136.04
23	-161.65
24	-145.05
25	-110.08
26	-26
27	-66.52
28	-89.46
29	-123.09
30	-111.6
31	-93.62
32	-84.08
33	-93.01
34	-105.95
35	-72.46
36	-101.95
37	-19.11
38	-92.26
39	-52.15
40	-113.24
41	-115.5
42	-47.28
43	-137.69
44	-55.5
45	-113.16
46	-57.48
47	-102.68
48	-133.35
49	-52.12
50	-28.72
51	-112.14
