1	0.73
2	0.98
3	0.26
4	1.18
5	0.40
6	0.84
7	0.84
8	-0.11
9	0.12
10	0.93
11	1.18
12	0.08
13	-0.10
14	0.22
15	-0.08
16	-0.24
17	0.32
18	0.65
19	0.15
20	-0.15
21	0.30
22	0.32
23	0.33
24	0.68
25	0.69
26	0.78
27	0.18
28	1.29
29	0.91
30	-0.11
31	-0.05
32	-0.40
33	0.07
34	-0.40
35	1.38
36	-0.19
37	0.90
38	0.32
39	0.17
40	0.38
41	0.28
42	0.41
43	0.23
44	0.54
45	0.35
46	0.47
47	-0.22
48	0.78
49	-0.18
50	0.30
51	0.48
52	0.02
53	0.29
54	-0.20
55	0.50
56	0.38
57	-0.19
58	0.69
59	0.71
60	0.33
61	0.11
62	-0.02
63	0.42
64	0.31
65	0.38
66	0.78
67	0.44
68	0.71
69	0.03
70	0.50
71	-0.16
72	0.83
73	0.23
74	0.54
75	0.22
76	0.34
77	1.64
78	-0.64
79	0.60
80	-0.08
81	0.30
82	-0.55
83	-0.44
84	1.18
85	0.49
86	0.52
87	0.04
88	-0.32
89	0.87
90	0.38
91	0.07
92	-0.39
93	-0.04
94	0.77
95	0.08
96	0.23
97	0.98
98	0.50
99	0.14
100	-0.26
101	0.01
