1	39.29
2	39.90
3	42.97
4	33.03
5	42.26
6	40.07
7	40.15
8	37.29
9	39.32
10	40.34
11	25.96
12	25.22
13	38.77
14	36.25
15	38.37
16	33.48
17	38.59
18	39.00
19	43.87
20	33.14
21	46.60
22	31.51
23	38.23
24	34.69
25	35.68
26	40.84
27	38.00
28	27.28
29	30.78
30	35.68
31	35.37
32	33.88
33	32.71
34	37.21
35	44.26
36	34.62
37	30.23
38	41.99
39	42.41
40	40.79
41	29.04
42	44.10
43	29.32
44	32.42
45	45.16
46	35.66
47	32.58
48	35.75
49	30.48
50	34.59
51	36.43
52	28.65
53	31.55
54	33.50
55	39.88
56	31.27
57	35.44
58	38.94
59	31.15
60	41.58
61	34.07
62	34.69
63	43.74
64	36.72
65	44.19
66	27.80
67	33.30
68	38.29
69	39.52
70	32.73
71	39.49
72	41.80
73	32.99
74	28.95
75	42.76
76	39.04
77	38.52
78	34.08
79	42.61
80	35.53
81	36.34
82	41.59
83	39.00
84	29.32
85	45.09
86	39.90
87	43.47
88	36.09
89	34.65
90	28.53
91	38.78
92	37.00
93	45.22
94	39.36
95	35.54
96	29.38
97	40.64
98	41.21
99	39.73
100	31.15
101	40.75
