1	-31.86
2	-34.03
3	-31.30
4	-32.51
5	-35.11
6	-33.78
7	-34.29
8	-33.71
9	-32.44
10	-36.14
11	-31.17
12	-33.37
13	-31.28
14	-32.10
15	-34.05
16	-31.00
17	-31.85
18	-31.58
19	-33.13
20	-31.11
21	-33.59
22	-30.08
23	-31.18
24	-32.16
25	-33.62
26	-32.23
27	-31.81
28	-30.73
29	-32.23
30	-32.61
31	-32.68
32	-35.75
33	-30.30
34	-33.38
35	-33.20
36	-32.43
37	-31.30
38	-32.81
39	-35.32
40	-31.95
41	-34.06
42	-33.12
43	-32.75
44	-33.85
45	-34.57
46	-31.68
47	-31.74
48	-31.39
49	-33.39
50	-32.22
51	-34.94
