1	155.58
2	143.56
3	144.90
4	110.92
5	150.85
6	160.38
7	142.62
8	148.69
9	132.55
10	140.88
11	152.70
12	158.14
13	134.88
14	116.65
15	130.98
16	121.51
17	134.88
18	136.25
19	147.98
20	131.74
21	133.64
22	154.42
23	134.34
24	129.82
25	138.69
26	131.53
27	142.13
28	147.37
29	133.75
30	136.25
31	134.08
32	140.01
33	131.52
34	139.80
35	141.02
36	144.89
37	145.92
38	152.92
39	130.14
40	133.01
41	130.29
42	126.06
43	126.96
44	143.73
45	129.54
46	137.90
47	131.68
48	145.71
49	147.47
50	134.80
51	148.09
