1 0.20
2 0.20
3 2.17
4 2.17
5 6.03
6 6.03
7 2.78
8 2.78
9 3.42
10 3.42
11 -0.66
12 -0.66
13 3.53
14 3.53
15 3.60
16 3.60
17 3.93
18 3.93
19 3.93
20 3.93
21 1.69
22 1.69
23 2.20
24 2.20
25 2.60
26 2.60
27 3.14
28 3.14
29 4.67
30 4.67
31 4.36
32 4.36
33 2.57
34 2.57
35 2.31
36 2.31
37 2.91
38 2.91
39 4.11
40 4.11
41 2.67
42 2.67
43 2.52
44 2.52
45 3.55
46 3.55
47 -3.38
48 -3.38
49 3.50
50 3.50
51 4.74
52 4.74
53 4.23
54 4.23
55 5.26
56 5.26
57 3.30
58 3.30
59 2.51
60 2.51
61 2.39
62 2.39
63 2.29
64 2.29
65 5.11
66 5.11
67 5.13
68 5.13
69 3.49
70 3.49
71 4.32
72 4.32
73 1.13
74 1.13
75 2.81
76 2.81
77 3.39
78 3.39
79 1.65
80 1.65
81 4.07
82 4.07
83 1.19
84 1.19
85 3.44
86 3.44
87 2.84
88 2.84
89 1.43
90 1.43
91 0.67
92 0.67
93 3.23
94 3.23
95 -2.64
96 -2.64
97 2.45
98 2.45
99 2.89
100 2.89
101 3.32
102 3.32
