1	164.90
2	168.09
3	146.43
4	152.70
5	179.87
6	148.45
7	151.29
8	161.26
9	161.58
10	145.47
11	163.37
12	173.48
13	170.37
14	178.02
15	185.26
16	137.07
17	149.49
18	148.37
19	171.82
20	168.95
21	158.55
22	165.84
23	173.69
24	148.14
25	179.40
26	137.19
27	153.01
28	175.95
29	151.32
30	158.90
31	171.58
32	170.16
33	153.97
34	138.13
35	155.88
36	164.90
37	159.61
38	163.69
39	182.53
40	170.90
41	167.91
42	164.90
43	148.96
44	133.73
45	170.65
46	151.77
47	153.58
48	179.12
49	153.39
50	157.58
51	161.77
52	156.00
53	172.14
54	166.95
55	120.90
56	172.29
57	175.69
58	158.69
59	158.44
60	172.74
61	159.44
62	156.44
63	155.08
64	164.33
65	143.67
66	166.84
67	158.48
68	180.37
69	178.23
70	156.80
71	159.70
72	169.23
73	158.56
74	159.67
75	168.83
76	171.00
77	161.51
78	174.13
79	134.52
80	163.14
81	148.79
82	159.75
83	161.46
84	170.29
85	156.20
86	167.82
87	176.63
88	157.40
89	162.24
90	155.44
91	163.69
92	167.10
93	167.80
94	164.57
95	155.53
96	168.09
97	145.37
98	182.58
99	170.15
100	165.49
101	182.12
