1	0.25
2	0.03
3	-0.09
4	-0.03
5	0.10
6	0.06
7	-0.05
8	-0.05
9	-0.01
10	0.14
11	0.20
12	0.13
13	0.00
14	0.18
15	0.00
16	0.17
17	0.21
18	-0.06
19	0.20
20	0.06
21	-0.06
22	0.02
23	-0.04
24	0.01
25	0.00
26	-0.10
27	0.04
28	0.01
29	-0.03
30	0.21
31	0.15
32	0.04
33	0.01
34	0.01
35	-0.08
36	0.33
37	0.10
38	-0.10
39	0.19
40	0.19
41	-0.12
42	-0.07
43	0.33
44	0.22
45	0.01
46	-0.18
47	-0.17
48	0.07
49	-0.01
50	0.14
51	0.19
52	0.06
53	0.16
54	0.14
55	0.19
56	0.28
57	0.02
58	0.08
59	0.23
60	0.32
61	-0.01
62	-0.08
63	0.22
64	0.09
65	-0.02
66	0.13
67	-0.11
68	-0.08
69	0.33
70	0.03
71	0.12
72	0.13
73	0.16
74	0.24
75	0.03
76	-0.01
77	0.26
78	0.11
79	0.22
80	0.06
81	0.22
82	-0.07
83	-0.17
84	0.23
85	0.04
86	0.11
87	0.00
88	0.26
89	0.06
90	0.12
91	0.11
92	0.04
93	0.23
94	0.27
95	0.10
96	0.31
97	-0.06
98	0.00
99	-0.05
100	0.04
101	-0.04
