1	0.01
2	0.07
3	0.03
4	0.12
5	0.09
6	0.04
7	0.09
8	0.05
9	0.04
10	-0.02
11	0.03
12	0.04
13	0.09
14	0.02
15	0.08
16	0.11
17	0.03
18	0.11
19	-0.01
20	0.04
21	0.06
22	0.06
23	0.04
24	0.11
25	0.09
26	0.12
27	0.05
28	0.09
29	0.02
30	0.00
31	0.06
32	0.03
33	0.22
34	0.08
35	0.08
36	-0.09
37	0.00
38	0.04
39	0.02
40	-0.08
41	0.05
42	0.12
43	0.00
44	-0.03
45	0.07
46	0.17
47	0.11
48	0.06
49	0.18
50	0.07
51	0.03
52	0.02
53	-0.04
54	0.02
55	0.05
56	0.02
57	0.06
58	0.01
59	0.09
60	-0.04
61	0.06
62	0.16
63	0.02
64	0.02
65	0.11
66	0.08
67	0.12
68	0.09
69	0.01
70	0.02
71	0.09
72	0.02
73	-0.01
74	0.00
75	0.02
76	0.10
77	0.02
78	0.03
79	0.02
80	0.10
81	-0.05
82	0.05
83	0.13
84	0.05
85	0.07
86	0.05
87	0.04
88	0.00
89	0.01
90	0.02
91	0.00
92	0.08
93	-0.02
94	-0.05
95	-0.01
96	0.08
97	0.09
98	0.06
99	0.07
100	0.07
101	0.10
