2	CTAG	?	?
3	TCGA	?	?
4	CTAG	13.87	0.5
5	TCGA	12.54	1.8
6	CTAG	13.99	1.5
7	TCGA	14.40	2.3
8	CTAG	13.00	2.1
9	TCGA	12.87	0.8
10	CTAG	13.91	1.2
11	TCGA	13.22	1.8
12	CTAG	13.70	1.1
13	TCGA	14.00	1.3
14	CTAG	12.60	2.3
15	TCGA	11.94	2.0
16	CTAG	12.45	2.3
17	TTAA	12.60	2.6
18	TATA	13.63	1.2
19	AATT	14.03	0.8
20	AATT	14.28	1.8
21	AGCT	13.39	0.8
22	GGCC	14.57	1.4
23	GTAC	13.74	1.6
24	TATA	12.44	2.0
25	ATAT	11.26	2.8
26	TATA	11.02	3.0
27	ACGT	11.97	1.9
28	CATG	13.11	2.4
29	AATT	13.75	1.6
30	AGCT	14.61	2.2
31	GATC	14.46	1.3
32	AATT	12.83	1.3
33	AATT	12.59	1.8
34	AGCT	13.87	1.6
35	GTAC	14.03	0.8
36	TTAA	13.60	2.5
37	TTAA	12.91	1.5
38	TGCA	10.43	1.6
39	GTAC	11.78	2.2
40	TTAA	13.99	2.9
41	TGCA	14.16	2.0
42	GGCC	13.94	1.6
43	GTAC	13.15	0.8
44	TCGA	13.47	2.3
45	CTAG	13.70	1.2
46	TTAA	14.60	1.8
47	TTAA	13.25	2.0
48	TTAA	12.47	2.2
49	TTAA	12.06	2.8
50	TATA	10.07	2.8
51	ACGT	10.24	2.2
52	CCGG	12.33	1.5
53	CTAG	13.50	2.3
54	TTAA	12.76	1.8
55	TCGA	12.62	1.0
56	CCGG	14.33	1.2
57	CCGG	16.82	2.4
58	CGCG	13.92	2.2
59	GTAC	13.01	0.5
60	TTAA	13.25	2.6
61	TTAA	11.65	2.1
62	TCGA	8.41	3.3
63	CGCG	9.67	1.9
64	GCGC	12.46	1.9
65	CTAG	14.54	1.6
66	TCGA	13.04	2.4
67	CCGG	15.09	1.4
68	CATG	15.19	1.6
69	AATT	14.10	1.1
70	AGCT	12.86	1.6
71	GTAC	13.81	3.0
72	TTAA	13.74	1.2
73	TATA	11.83	2.1
74	AGCT	10.18	2.3
75	GTAC	10.80	2.3
76	TATA	13.18	1.3
77	ATAT	14.05	2.2
78	TATA	14.13	1.9
79	AATT	14.35	1.0
80	AATT	15.08	1.5
81	AATT	14.59	1.3
82	AATT	13.74	1.1
83	AATT	12.24	2.1
84	AGCT	12.62	2.3
85	GCGC	12.48	2.5
86	CTAG	12.71	0.9
87	TGCA	11.72	1.5
88	GATC	11.53	2.0
89	AATT	13.28	0.6
90	ACGT	12.47	1.3
91	CGCG	14.98	0.8
92	GATC	?	?
