1	-0.10
2	-2.27
3	-1.97
4	-2.06
5	-2.29
6	-1.32
7	-1.09
8	-1.94
9	-1.96
10	-1.93
11	-1.09
12	-2.51
13	-1.66
14	-1.45
15	-2.11
16	-1.65
17	-2.19
18	-0.79
19	-0.99
20	-1.12
21	-1.84
22	-1.13
23	-0.98
24	-1.14
25	-1.20
26	-1.85
27	-0.91
28	-2.16
29	-2.14
30	-1.15
31	-2.20
32	-0.72
33	-1.11
34	-1.37
35	-2.02
36	-1.28
37	-1.87
38	-1.50
39	-1.44
40	-1.46
41	-1.92
42	-1.93
43	-1.61
44	-1.58
45	-1.29
46	-1.34
47	-1.87
48	-1.05
49	-1.85
50	-1.85
51	-2.17
52	-1.42
53	-2.36
54	-1.84
55	-2.40
56	-1.38
57	-1.18
58	-2.47
59	-1.63
60	-2.08
61	-1.67
62	-1.53
63	-1.88
64	-1.61
65	-2.24
66	-2.67
67	-1.29
68	-1.62
69	-1.65
70	-1.64
71	-1.41
72	-2.50
73	-0.81
74	-1.18
75	-1.95
76	-2.19
77	-1.79
78	-1.38
79	-1.28
80	-1.51
81	-1.77
82	-1.95
83	-1.40
84	-2.82
85	-2.32
86	-2.20
87	-1.00
88	-1.90
89	-1.85
90	-0.57
91	-1.12
92	-1.81
93	-1.03
94	-1.34
95	-1.40
96	-1.92
97	-2.46
98	-1.15
99	-0.77
100	-0.99
101	-1.81
