1	-17.09
2	47.07
3	80.01
4	99.07
5	-8.42999999999998
6	-1.27999999999997
7	18.54
8	-5.00999999999999
9	-3.73999999999998
10	-42.74
11	-21.17
12	37.44
13	-62.89
14	-42.09
15	-88.26
16	-82.49
17	-33.18
18	-21.86
19	-33.13
20	1.94000000000003
21	-40.94
22	-94.36
23	-85.24
24	-72.73
25	-91.58
26	-21.52
27	84.41
28	6.26000000000002
29	-21
30	-30.57
31	-23.76
32	39.63
33	-11.21
34	-41.66
35	-73.89
36	59.84
37	-46.45
38	76.73
39	16.57
40	94.07
41	-73.03
42	77.72
43	-4.13000000000002
44	-98.66
45	-54.52
46	29.97
47	-14.51
48	-12.62
49	27.45
50	38.31
51	36.49
