1	152.17
2	146.92
3	141.29
4	132.05
5	146.93
6	145.02
7	157.83
8	156.22
9	153.89
10	146.02
11	151.25
12	138.35
13	134.32
14	144.81
15	124.84
16	125.20
17	143.15
18	143.69
19	143.39
20	148.46
21	125.14
22	131.22
23	125.96
24	126.93
25	128.44
26	122.51
27	141.75
28	145.28
29	132.22
30	125.56
31	122.41
32	148.72
33	148.41
34	141.98
35	122.89
36	148.68
37	136.77
38	145.24
39	159.70
40	136.89
41	131.16
42	135.31
43	140.89
44	132.87
45	110.50
46	118.88
47	130.10
48	139.45
49	135.44
50	141.69
51	152.32
