2	CG  18.29   6.40
3	TA  17.23   5.60
4	CG  17.34   5.60
5	TA  14.55   5.00
6	CG  11.86   7.70
7	TA   4.85   5.50
8	CG  -1.68   4.40
9	TA  -1.15   5.60
10	CG  -0.85   6.10
11	TA  -3.74   5.90
12	CG   1.78   4.20
13	TA   8.01   6.00
14	CG  16.63   6.80
15	TA  16.32   4.70
16	CG  15.91   4.80
17	TA  13.96   3.80
18	TA   9.95   4.60
19	AT   3.49   4.50
20	AT  -1.96   3.70
21	AT  -7.99   5.00
22	GC  -3.85   5.70
23	GC   4.01   6.90
24	TA  10.02   7.60
25	AT  16.57   7.70
26	TA  19.18   6.40
27	AT  16.24   5.30
28	CG  12.93   5.50
29	AT  12.57   6.50
30	AT   6.11   5.00
31	GC   5.15   4.10
32	AT   2.29   5.50
33	AT  -0.62   5.50
34	AT  -2.75   5.10
35	GC   0.60   5.20
36	TA   7.10   6.70
37	TA  10.25   4.90
38	TA  12.37   4.30
39	GC  16.16   5.80
40	TA  13.69   5.40
41	TA  11.82   5.80
42	GC   9.33   6.00
43	GC   1.64   5.00
44	TA  -1.87   3.80
45	CG  -1.72   4.80
46	TA  -1.49   5.60
47	TA   1.82   6.30
48	TA   8.91   5.50
49	TA  17.64   6.00
50	TA  20.65   5.40
51	AT  17.26   4.70
52	CG  16.27   5.60
53	CG  11.18   6.30
54	TA   5.02   5.10
55	TA  -0.56   3.50
56	CG  -0.48   4.50
57	CG  -0.79   4.90
58	CG  -3.03   5.40
59	GC   1.61   6.60
60	TA  11.49   6.70
61	TA  17.70   8.90
62	TA  17.13   6.30
63	CG  15.42   5.20
64	GC  14.40   4.70
65	CG  10.27   6.10
66	TA   2.15   5.00
67	CG  -1.44   4.60
68	CG  -1.73   6.10
69	AT   0.46   7.30
70	AT  -0.86   4.90
71	GC   2.27   6.20
72	TA   9.84   5.20
73	TA  15.14   6.00
74	AT  16.69   4.50
75	GC  18.63   4.90
76	TA  15.61   5.60
77	AT  11.57   5.90
78	TA   4.06   4.40
79	AT   0.04   5.40
80	AT  -3.18   5.10
81	AT  -2.87   5.60
82	AT   0.47   5.40
83	AT   4.63   6.20
84	AT   9.63   4.70
85	GC  13.70   4.60
86	CG  14.21   4.60
87	TA  12.94   4.20
88	GC  12.13   5.20
89	AT   4.31   3.60
90	AT   0.63   6.00
91	CG  -4.46   6.00
92	GC  -6.17   5.30
93	AT  -4.76   5.90
