2	CG  -5.88  11.60
3	TA  -3.18  11.40
4	CG   1.50  13.80
5	TA   6.72   7.90
6	CG  -4.10   9.70
7	TA  -1.29  11.00
8	CG  -5.96   6.60
9	TA  -2.41   7.80
10	CG  12.54   7.40
11	TA  -1.24   6.90
12	CG   4.02  16.20
13	TA   6.15  14.60
14	CG  -4.11   6.80
15	TA   3.27   5.70
16	CG  -4.72   9.00
17	TA   9.04  11.30
18	TA -18.26  12.90
19	AT  -0.27   9.40
20	AT   4.87   5.30
21	AT  -2.54   5.30
22	GC   1.06   6.70
23	GC  -2.57  10.40
24	TA  -1.33   8.90
25	AT  15.26   9.10
26	TA  -8.75  17.60
27	AT   3.05  10.40
28	CG   4.26  11.30
29	AT  -0.25  12.80
30	AT  -6.51   9.50
31	GC  -4.94   5.00
32	AT  -4.87   4.60
33	AT   6.87   8.70
34	AT  -1.17   8.30
35	GC   4.73  13.20
36	TA  -4.71  12.20
37	TA  -3.37   7.70
38	TA   5.65   7.80
39	GC  -3.10  13.60
40	TA  -8.68   7.50
41	TA  -3.73   6.70
42	GC  -3.56   8.40
43	GC  -7.47   9.40
44	TA  -2.21   3.80
45	CG   2.80   7.80
46	TA  -3.20   7.10
47	TA   2.67   7.80
48	TA   6.07  13.80
49	TA  -2.19  12.70
50	TA  -0.57   5.30
51	AT   1.52   5.00
52	CG   6.68   6.60
53	CG  -3.02  11.00
54	TA  -5.91   9.60
55	TA  -6.32   8.30
56	CG  12.02  10.40
57	CG   0.36  13.80
58	CG  -0.83  11.10
59	GC   0.80   9.70
60	TA   4.40   8.60
61	TA  -1.07   5.00
62	TA   1.31   6.90
63	CG  -3.92   7.30
64	GC   7.38   8.90
65	CG  -1.01  13.10
66	TA -12.17  10.60
67	CG  10.42   7.10
68	CG  -7.20   9.00
69	AT   0.35   4.60
70	AT   3.08   6.60
71	GC   1.25   3.10
72	TA   5.94  12.30
73	TA -15.89  12.70
74	AT   4.16  13.30
75	GC   4.22  13.80
76	TA  -9.45  14.30
77	AT   4.72   9.60
78	TA  -8.19  18.00
79	AT  -2.94   7.70
80	AT   6.98   4.90
81	AT   1.88   4.20
82	AT  -1.34   9.00
83	AT   7.04  10.80
84	AT   2.60  12.90
85	GC   3.74  12.40
86	CG  -0.64  13.40
87	TA  -2.20   9.30
88	GC  -1.33  10.90
89	AT  -7.41   8.80
90	AT   5.69   5.90
91	CG  -2.36  10.00
92	GC  -5.39   7.30
93	AT  -1.83   6.70
