2	CG  -0.68   0.50
3	TA  -1.37   0.40
4	CG  -0.73   0.40
5	TA  -1.40   0.60
6	CG  -0.89   0.60
7	TA  -1.31   0.60
8	CG   0.07   0.60
9	TA  -0.38   0.50
10	CG   0.45   0.60
11	TA  -0.76   0.80
12	CG  -0.38   0.60
13	TA  -1.31   0.60
14	CG  -0.65   0.60
15	TA  -1.86   0.50
16	CG  -1.28   0.60
17	TA  -1.52   0.50
18	TA  -1.13   0.70
19	AT  -0.80   0.70
20	AT  -0.96   0.70
21	AT  -1.47   0.80
22	GC  -1.17   0.70
23	GC  -0.90   0.70
24	TA  -1.46   0.70
25	AT  -1.59   0.70
26	TA  -1.56   0.50
27	AT  -2.03   0.90
28	CG  -1.42   1.00
29	AT  -1.61   0.80
30	AT  -1.74   0.80
31	GC  -0.88   0.70
32	AT  -0.73   0.60
33	AT  -0.76   0.70
34	AT  -1.40   0.80
35	GC  -1.24   0.80
36	TA  -1.64   0.70
37	TA  -1.84   0.80
38	TA  -1.68   0.60
39	GC  -0.96   0.50
40	TA  -1.75   0.70
41	TA  -1.90   0.60
42	GC  -0.62   0.60
43	GC  -0.78   0.60
44	TA  -1.22   0.70
45	CG  -0.27   0.70
46	TA  -1.11   0.70
47	TA  -1.54   0.70
48	TA  -1.67   0.80
49	TA  -1.54   0.80
50	TA  -1.26   0.50
51	AT  -2.49   0.80
52	CG  -2.25   0.80
53	CG  -1.70   0.80
54	TA  -1.41   0.50
55	TA  -1.09   0.60
56	CG  -0.33   0.60
57	CG  -0.49   0.60
58	CG  -0.76   0.80
59	GC  -0.94   0.70
60	TA  -1.44   1.00
61	TA  -1.34   0.70
62	TA  -1.73   0.60
63	CG  -1.26   0.80
64	GC  -1.16   0.70
65	CG  -1.18   0.60
66	TA  -1.51   0.60
67	CG  -0.41   0.60
68	CG   0.05   0.60
69	AT  -0.49   0.70
70	AT  -0.97   0.70
71	GC  -0.72   0.70
72	TA  -1.40   0.70
73	TA  -1.54   0.80
74	AT  -1.46   0.70
75	GC  -1.18   0.70
76	TA  -1.62   0.60
77	AT  -1.87   0.80
78	TA  -1.31   0.70
79	AT  -0.72   0.50
80	AT  -1.04   0.70
81	AT  -1.00   0.60
82	AT  -1.21   0.80
83	AT  -1.35   0.70
84	AT  -1.47   0.80
85	GC  -1.42   0.80
86	CG  -1.37   0.70
87	TA  -1.42   0.70
88	GC  -0.36   0.70
89	AT  -0.94   0.90
90	AT  -0.71   0.80
91	CG  -0.19   0.50
92	GC   0.36   0.60
93	AT  -0.15   0.80
