1 -2.32
2 -2.32
3 -4.34
4 -4.34
5 -11.19
6 -11.19
7 -6.14
8 -6.14
9 6.18
10 6.18
11 0.52
12 0.52
13 1.09
14 1.09
15 0.29
16 0.29
17 2.92
18 2.92
19 14.14
20 14.14
21 -5.09
22 -5.09
23 2.44
24 2.44
25 9.40
26 9.40
27 3.12
28 3.12
29 5.30
30 5.30
31 1.13
32 1.13
33 -2.01
34 -2.01
35 3.33
36 3.33
37 6.58
38 6.58
39 -1.88
40 -1.88
41 -14.43
42 -14.43
43 -4.31
44 -4.31
45 -6.37
46 -6.37
47 -2.10
48 -2.10
49 2.46
50 2.46
51 1.27
52 1.27
53 -4.57
54 -4.57
55 0.01
56 0.01
57 0.39
58 0.39
59 18.80
60 18.80
61 7.29
62 7.29
63 -1.97
64 -1.97
65 5.58
66 5.58
67 0.53
68 0.53
69 -4.84
70 -4.84
71 -1.79
72 -1.79
73 -3.79
74 -3.79
75 -1.31
76 -1.31
77 15.21
78 15.21
79 2.49
80 2.49
81 -0.05
82 -0.05
83 -12.84
84 -12.84
85 -1.92
86 -1.92
87 6.56
88 6.56
89 1.85
90 1.85
91 0.56
92 0.56
93 4.98
94 4.98
95 8.40
96 8.40
97 -0.09
98 -0.09
99 -2.07
100 -2.07
101 -5.95
102 -5.95
