1 0.30
2 0.30
3 -0.04
4 -0.04
5 -0.02
6 -0.02
7 0.24
8 0.24
9 0.55
10 0.55
11 0.04
12 0.04
13 0.40
14 0.40
15 0.29
16 0.29
17 0.52
18 0.52
19 0.78
20 0.78
21 0.12
22 0.12
23 0.26
24 0.26
25 0.31
26 0.31
27 0.45
28 0.45
29 0.54
30 0.54
31 0.43
32 0.43
33 0.15
34 0.15
35 0.39
36 0.39
37 0.44
38 0.44
39 0.33
40 0.33
41 -0.29
42 -0.29
43 0.22
44 0.22
45 0.35
46 0.35
47 0.44
48 0.44
49 0.51
50 0.51
51 0.44
52 0.44
53 0.64
54 0.64
55 0.48
56 0.48
57 0.32
58 0.32
59 1.09
60 1.09
61 0.45
62 0.45
63 0.00
64 0.00
65 0.65
66 0.65
67 0.50
68 0.50
69 0.18
70 0.18
71 0.28
72 0.28
73 0.23
74 0.23
75 0.23
76 0.23
77 0.64
78 0.64
79 0.26
80 0.26
81 0.46
82 0.46
83 0.21
84 0.21
85 0.32
86 0.32
87 0.75
88 0.75
89 0.23
90 0.23
91 0.42
92 0.42
93 0.60
94 0.60
95 0.99
96 0.99
97 0.27
98 0.27
99 0.38
100 0.38
101 0.13
102 0.13
