   0.19  -0.32   3.10  -2.43   2.10  32.81
   0.19  -0.32   3.10  -2.43   2.10  32.81
   0.28  -0.97   2.63  -0.62  15.50  29.91
   0.28  -0.97   2.63  -0.62  15.50  29.91
   0.50  -0.75   3.16  -1.30   7.62  34.67
   0.50  -0.75   3.16  -1.30   7.62  34.67
   0.42  -0.80   3.25   0.06   8.44  27.69
   0.42  -0.80   3.25   0.06   8.44  27.69
   1.05  -1.25   2.53  -1.89  20.72  19.04
   1.05  -1.25   2.53  -1.89  20.72  19.04
   0.33  -0.97   3.65   0.44   1.97  26.83
   0.33  -0.97   3.65   0.44   1.97  26.83
  -0.06  -0.74   2.55  -0.41  17.23  28.89
  -0.06  -0.74   2.55  -0.41  17.23  28.89
   1.26  -0.74   3.34  -2.83 -11.24  33.32
   1.26  -0.74   3.34  -2.83 -11.24  33.32
   0.78  -0.45   3.41   0.88  -3.31  31.75
   0.78  -0.45   3.41   0.88  -3.31  31.75
  -0.26  -0.92   4.07  -0.75  -2.18  34.62
  -0.26  -0.92   4.07  -0.75  -2.18  34.62
   0.51  -0.25   3.91  -1.18   9.88  33.01
   0.51  -0.25   3.91  -1.18   9.88  33.01
   0.32  -0.97   2.70   0.78   9.18  20.68
   0.32  -0.97   2.70   0.78   9.18  20.68
   0.54  -1.25   3.50   3.55   7.17  26.41
   0.54  -1.25   3.50   3.55   7.17  26.41
   1.16  -1.33   1.75  -0.62  12.86  18.77
   1.16  -1.33   1.75  -0.62  12.86  18.77
   0.49  -0.40   2.66  -0.47  17.57  24.69
   0.49  -0.40   2.66  -0.47  17.57  24.69
   0.08  -0.80   2.93  -1.46  19.87  33.24
   0.08  -0.80   2.93  -1.46  19.87  33.24
   0.64  -0.32   3.83  -5.26 -12.92  35.04
   0.64  -0.32   3.83  -5.26 -12.92  35.04
   0.54  -0.43   2.53  -1.60  13.90  23.10
   0.54  -0.43   2.53  -1.60  13.90  23.10
   1.21  -0.60   2.94  -1.09   3.82  22.08
   1.21  -0.60   2.94  -1.09   3.82  22.08
   0.46  -0.68   3.38  -2.89  -8.52  35.84
   0.46  -0.68   3.38  -2.89  -8.52  35.84
   0.29  -0.87   2.65   0.72  14.10  27.12
   0.29  -0.87   2.65   0.72  14.10  27.12
   0.62  -0.04   3.44  -0.93   1.70  30.08
   0.62  -0.04   3.44  -0.93   1.70  30.08
   0.55  -0.68   3.82  -2.57  -0.97  36.42
   0.55  -0.68   3.82  -2.57  -0.97  36.42
   0.86  -0.36   2.72  -0.70  10.21  26.90
   0.86  -0.36   2.72  -0.70  10.21  26.90
   0.23  -0.70   2.79  -0.62  23.53  26.52
   0.23  -0.70   2.79  -0.62  23.53  26.52
   0.41  -0.07   2.76  -0.25  29.41  22.02
   0.41  -0.07   2.76  -0.25  29.41  22.02
   0.14  -0.84   3.29  -1.71  10.33  36.00
   0.14  -0.84   3.29  -1.71  10.33  36.00
   0.95  -0.68   2.57  -0.99  19.89  23.62
   0.95  -0.68   2.57  -0.99  19.89  23.62
   0.95  -1.04   2.32   0.07   7.66  25.49
   0.95  -1.04   2.32   0.07   7.66  25.49
   1.12  -0.70   3.34  -0.65  -9.78  28.95
   1.12  -0.70   3.34  -0.65  -9.78  28.95
   0.55  -0.95   3.49  -4.38  -6.91  38.93
   0.55  -0.95   3.49  -4.38  -6.91  38.93
   0.47  -0.44   3.56  -2.79   8.40  29.78
   0.47  -0.44   3.56  -2.79   8.40  29.78
   0.69  -1.09   2.93  -1.48  19.75  26.63
   0.69  -1.09   2.93  -1.48  19.75  26.63
   0.26  -0.80   2.99   1.00  24.17  24.94
   0.26  -0.80   2.99   1.00  24.17  24.94
   1.11  -0.82   2.69  -1.17   1.56  27.96
   1.11  -0.82   2.69  -1.17   1.56  27.96
   0.07  -0.50   2.56   1.54  30.89  22.21
   0.07  -0.50   2.56   1.54  30.89  22.21
  -0.19  -1.01   4.00  -2.71  -9.65  37.72
  -0.19  -1.01   4.00  -2.71  -9.65  37.72
   0.32  -0.54   3.53  -2.48   1.81  33.55
   0.32  -0.54   3.53  -2.48   1.81  33.55
   0.97  -0.96   3.27  -2.67   4.63  33.30
   0.97  -0.96   3.27  -2.67   4.63  33.30
   0.27  -0.44   2.88  -0.56  16.91  22.80
   0.27  -0.44   2.88  -0.56  16.91  22.80
   0.41  -0.98   3.00  -2.26  22.26  23.48
   0.41  -0.98   3.00  -2.26  22.26  23.48
   0.55  -0.80   3.64  -4.05  -6.24  31.85
   0.55  -0.80   3.64  -4.05  -6.24  31.85
  -0.04  -0.53   2.62   1.71  35.72  30.26
  -0.04  -0.53   2.62   1.71  35.72  30.26
   0.88  -0.68   2.88  -0.50  16.04  24.43
   0.88  -0.68   2.88  -0.50  16.04  24.43
   0.58  -0.74   3.42   0.34   0.40  26.47
   0.58  -0.74   3.42   0.34   0.40  26.47
   0.22  -0.85   3.55  -2.28   1.87  30.31
   0.22  -0.85   3.55  -2.28   1.87  30.31
   0.87  -0.86   3.36   2.25  -2.69  28.37
   0.87  -0.86   3.36   2.25  -2.69  28.37
   0.66  -0.82   3.09  -0.80   2.11  30.09
   0.66  -0.82   3.09  -0.80   2.11  30.09
   0.72  -0.61   3.23  -1.50   2.61  32.49
   0.72  -0.61   3.23  -1.50   2.61  32.49
   0.67  -1.01   2.52   0.06  19.73  24.95
   0.67  -1.01   2.52   0.06  19.73  24.95
   0.37  -0.86   2.75  -1.87   5.41  35.22
   0.37  -0.86   2.75  -1.87   5.41  35.22
   0.33  -0.73   3.35   0.05   6.09  29.04
   0.33  -0.73   3.35   0.05   6.09  29.04
   0.32  -0.57   3.12  -2.86  17.87  30.51
   0.32  -0.57   3.12  -2.86  17.87  30.51
  -0.40  -0.68   2.76   1.39  10.97  26.25
  -0.40  -0.68   2.76   1.39  10.97  26.25
   0.20  -0.50   3.57  -1.34   8.13  31.42
   0.20  -0.50   3.57  -1.34   8.13  31.42
   1.34  -0.28   2.42   0.37   8.58  20.25
   1.34  -0.28   2.42   0.37   8.58  20.25
   0.49  -1.08   2.58  -3.40  15.22  33.16
   0.49  -1.08   2.58  -3.40  15.22  33.16
   0.65  -0.82   3.28  -1.24   6.21  27.14
   0.65  -0.82   3.28  -1.24   6.21  27.14
   0.76  -0.53   3.52  -2.68   9.32  35.97
   0.76  -0.53   3.52  -2.68   9.32  35.97
   0.93  -0.41   3.33  -3.22   1.21  29.29
   0.93  -0.41   3.33  -3.22   1.21  29.29
   0.76  -0.17   3.48  -0.79   1.50  29.09
   0.76  -0.17   3.48  -0.79   1.50  29.09
  -0.09  -0.54   3.57  -0.21  10.00  32.80
  -0.09  -0.54   3.57  -0.21  10.00  32.80
   0.72  -0.78   2.25   0.14  17.32  28.19
   0.72  -0.78   2.25   0.14  17.32  28.19
   0.07  -1.45   2.74  -1.23   4.68  32.26
   0.07  -1.45   2.74  -1.23   4.68  32.26
  -0.17  -0.27   3.93  -4.22   2.25  35.52
  -0.17  -0.27   3.93  -4.22   2.25  35.52
   0.44  -0.37   3.11   0.28  20.82  27.24
   0.44  -0.37   3.11   0.28  20.82  27.24
   0.39  -0.52   3.58  -2.14   1.96  34.95
   0.39  -0.52   3.58  -2.14   1.96  34.95
   0.77  -0.26   2.68  -0.89   3.80  25.16
   0.77  -0.26   2.68  -0.89   3.80  25.16
   0.36  -0.45   2.87  -0.93   5.97  26.13
   0.36  -0.45   2.87  -0.93   5.97  26.13
   0.64  -0.58   2.77  -0.65  11.45  27.57
   0.64  -0.58   2.77  -0.65  11.45  27.57
   0.22  -1.02   2.87   0.72  10.57  22.37
   0.22  -1.02   2.87   0.72  10.57  22.37
   0.71  -0.47   3.67  -3.10 -11.19  34.57
   0.71  -0.47   3.67  -3.10 -11.19  34.57
   0.88  -0.60   3.55  -0.15  -5.54  30.59
   0.88  -0.60   3.55  -0.15  -5.54  30.59
   0.72  -0.50   3.42  -3.08   2.82  33.85
   0.72  -0.50   3.42  -3.08   2.82  33.85
   0.90  -0.59   2.86  -2.16   1.74  30.47
   0.90  -0.59   2.86  -2.16   1.74  30.47
   0.25  -0.51   2.13  -0.52  16.85  22.83
   0.25  -0.51   2.13  -0.52  16.85  22.83
   0.37  -0.11   3.57  -1.63 -20.33  35.52
   0.37  -0.11   3.57  -1.63 -20.33  35.52
   1.00  -0.28   2.73  -0.66   8.62  22.97
   1.00  -0.28   2.73  -0.66   8.62  22.97
   0.30  -0.63   3.12   1.96  13.39  26.48
   0.30  -0.63   3.12   1.96  13.39  26.48
   0.60  -0.49   3.73  -0.78 -11.42  34.45
   0.60  -0.49   3.73  -0.78 -11.42  34.45
   1.00  -0.90   2.63   1.32   7.54  21.78
   1.00  -0.90   2.63   1.32   7.54  21.78
   0.71  -0.93   2.76   1.81   7.65  22.77
   0.71  -0.93   2.76   1.81   7.65  22.77
   0.57  -0.80   3.11  -0.43  12.80  25.78
   0.57  -0.80   3.11  -0.43  12.80  25.78
   0.87  -0.95   2.26   0.80   9.44  18.68
   0.87  -0.95   2.26   0.80   9.44  18.68
   0.82  -0.77   2.65   0.94  18.94  23.17
   0.82  -0.77   2.65   0.94  18.94  23.17
   0.79  -0.13   3.35  -0.14 -13.09  30.52
   0.79  -0.13   3.35  -0.14 -13.09  30.52
   0.01  -0.65   2.84   1.17   8.55  25.97
   0.01  -0.65   2.84   1.17   8.55  25.97
   0.52  -0.79   2.28   0.97  10.12  26.32
   0.52  -0.79   2.28   0.97  10.12  26.32
   0.67  -0.71   3.06  -3.37  14.87  29.57
   0.67  -0.71   3.06  -3.37  14.87  29.57
   0.35  -0.93   3.55  -2.29  14.59  30.69
   0.35  -0.93   3.55  -2.29  14.59  30.69
   1.07  -0.62   2.53  -0.92  12.68  23.64
   1.07  -0.62   2.53  -0.92  12.68  23.64
   0.90  -1.05   3.05   2.66   4.17  22.36
   0.90  -1.05   3.05   2.66   4.17  22.36
   1.02  -0.78   3.14   0.71   8.00  28.09
   1.02  -0.78   3.14   0.71   8.00  28.09
   0.44  -0.76   1.89   1.14  25.15  22.91
   0.44  -0.76   1.89   1.14  25.15  22.91
   0.47  -0.43   3.21  -1.12  -0.91  25.89
   0.47  -0.43   3.21  -1.12  -0.91  25.89
   0.04  -0.43   3.60   1.42   6.17  37.06
   0.04  -0.43   3.60   1.42   6.17  37.06
   1.12  -0.80   3.46  -2.76   4.10  30.83
   1.12  -0.80   3.46  -2.76   4.10  30.83
   1.25  -0.77   2.79   1.82  -1.59  19.56
   1.25  -0.77   2.79   1.82  -1.59  19.56
   0.53  -0.45   2.90   2.43   6.55  26.95
   0.53  -0.45   2.90   2.43   6.55  26.95
   0.13  -0.40   3.36  -1.98  -1.66  32.36
   0.13  -0.40   3.36  -1.98  -1.66  32.36
   0.04  -0.90   2.34   0.75  30.87  20.15
   0.04  -0.90   2.34   0.75  30.87  20.15
