1	3.04
2	3.31
3	3.20
4	3.18
5	3.40
6	3.22
7	2.86
8	2.31
9	2.72
10	3.21
11	3.29
12	3.11
13	3.01
14	2.82
15	2.97
16	3.21
17	2.32
18	2.94
19	3.44
20	2.80
21	2.98
22	2.40
23	3.27
24	3.06
25	3.18
26	3.58
27	3.27
28	3.34
29	3.20
30	3.30
31	2.97
32	2.80
33	3.37
34	3.49
35	3.44
36	3.09
37	3.28
38	3.13
39	3.46
40	3.25
41	3.43
42	3.51
43	3.06
44	3.30
45	3.34
46	3.40
47	3.28
48	3.35
49	3.06
50	2.85
51	3.07
52	3.25
53	3.31
54	3.27
55	3.47
56	3.72
57	3.72
58	3.61
59	3.50
60	3.16
61	3.43
62	3.28
63	3.47
64	3.35
65	3.07
66	3.49
67	3.02
68	2.77
69	3.14
70	3.58
71	3.01
72	2.75
73	3.35
74	3.00
75	2.86
76	2.48
77	3.09
78	2.61
79	3.03
80	3.24
81	3.23
82	3.39
83	2.38
84	3.30
85	3.05
86	3.21
87	2.97
88	2.33
89	2.93
90	2.38
91	2.87
92	3.20
93	3.30
94	3.12
95	3.37
96	2.92
97	3.38
98	3.16
99	2.96
100	3.50
101	3.11
