1	0.01
2	-0.31
3	-1.01
4	-1.09
5	-0.90
6	-0.43
7	-0.54
8	-0.36
9	-0.82
10	-0.52
11	-0.80
12	-0.73
13	-0.91
14	0.00
15	-0.35
16	-0.71
17	-0.67
18	-0.86
19	-0.16
20	-0.08
21	-0.71
22	-0.78
23	-1.27
24	-0.10
25	-0.31
26	-0.52
27	-0.76
28	-1.05
29	-1.52
30	-0.56
31	-1.07
32	-1.61
33	-0.36
34	-1.22
35	-0.62
36	-0.16
37	-0.85
38	-0.74
39	-0.45
40	-0.92
41	-0.86
42	-0.83
43	-0.58
44	-1.12
45	-1.42
46	-0.93
47	-1.04
48	-0.52
49	-0.76
50	-0.46
51	-1.18
52	-1.09
53	-0.56
54	-0.66
55	-1.48
56	-0.25
57	-0.79
58	-0.58
59	0.10
60	-0.56
61	0.07
62	-0.48
63	-0.09
64	-0.78
65	-0.07
66	-1.64
67	-0.93
68	-0.15
69	-0.67
70	-1.48
71	-0.91
72	-0.97
73	0.05
74	-0.94
75	-0.63
76	-0.10
77	-0.40
78	-0.85
79	-1.04
80	-1.03
81	-1.29
82	-0.62
83	-0.78
84	-0.14
85	-0.61
86	-0.86
87	-0.75
88	-0.91
89	-0.18
90	-0.81
91	-0.29
92	-1.20
93	-0.95
94	-0.66
95	0.34
96	-1.16
97	-0.39
98	-1.57
99	-0.54
100	-0.69
101	-0.95
