1	287.36
2	277.41
3	302.08
4	298.15
5	301.45
6	293.91
7	269.64
8	309.17
9	289.96
10	266.7
11	312.71
12	303.26
13	280.73
14	288.81
15	292.98
16	284.28
17	290.22
18	303
19	297.31
20	292.19
21	297.28
22	282.21
23	304.13
24	301.84
25	269.06
26	285.64
27	315.65
28	300.92
29	303.54
30	271.8
31	295.32
32	302.99
33	289.54
34	295.75
35	301.93
36	286.36
37	302.87
38	294.1
39	292.58
40	315.3
41	307.45
42	294.4
43	288.85
44	317.59
45	291.76
46	302.06
47	299.3
48	284.26
49	290.19
50	298.55
51	293.33
52	292.21
53	279.44
54	286.15
55	295.6
56	291
57	296.5
58	289.36
59	316.64
60	287.29
61	293.35
62	254.42
63	300.45
64	272.69
65	305.91
66	302.83
67	279.75
68	288.78
69	290.94
70	300.74
71	296.71
72	290.08
73	296.02
74	312.4
75	289.55
76	299.8
77	302.02
78	300.21
79	307.31
80	308.68
81	297.36
82	290.7
83	304.49
84	306.02
85	299.12
86	298.57
87	302.84
88	297.76
89	294.38
90	310.14
91	291.47
92	293.35
93	306.05
94	286.72
95	306.62
96	297.53
97	308.45
98	294.99
99	307.76
100	311.03
101	297.77
