1	248.34
2	229.12
3	255.4
4	255.39
5	245.45
6	241.56
7	245.96
8	266.22
9	254.83
10	264.24
11	257.87
12	229.91
13	249.77
14	246.92
15	252.65
16	249.75
17	257.2
18	239.79
19	247.41
20	244.63
21	245.45
22	230.24
23	243.17
24	247.41
25	254.35
26	228.29
27	239.21
28	225.98
29	264.89
30	245.95
31	249.78
32	245.91
33	235.11
34	239.17
35	247.51
36	244.36
37	250.32
38	242.03
39	247.28
40	243.32
41	235.58
42	234.57
43	240.91
44	238.28
45	242.21
46	252.34
47	238.45
48	251.25
49	244.16
50	238.31
51	233.29
52	254.52
53	241.17
54	238.25
55	247.32
56	237.22
57	239.83
58	250.28
59	219.96
60	248.94
61	258.23
62	258.24
63	238.44
64	257.01
65	233
66	249.9
67	252.85
68	242.34
69	253.69
70	243.25
71	254.72
72	256.08
73	234.51
74	235.39
75	235.89
76	240.25
77	232.74
78	230.27
79	258.51
80	245.02
81	241.85
82	254.18
83	246.51
84	247.57
85	242.77
86	239.78
87	248.79
88	239.7
89	241.81
90	225.07
91	250.44
92	230.55
93	249.11
94	252.88
95	261.47
96	234.97
97	252.42
98	240.55
99	239.6
100	237.89
101	248.5
