1	213.61
2	218.07
3	186.96
4	188.5
5	206.42
6	188.86
7	198.86
8	192.96
9	201.81
10	235.01
11	198.26
12	200.38
13	200.98
14	193.26
15	197.25
16	189.63
17	206.95
18	201.56
19	196.68
20	196.09
21	187.06
22	177.22
23	207.02
24	191.35
25	206.46
26	186.12
27	193.53
28	184.62
29	199.32
30	207.86
31	193.58
32	199
33	193.15
34	199.37
35	195.3
36	211.37
37	190.54
38	198.85
39	200.49
40	200.94
41	191.91
42	192.88
43	192.29
44	196.89
45	194.91
46	204.29
47	176.85
48	205.24
49	218.05
50	201.74
51	209.47
52	192.51
53	206
54	191.15
55	189.23
56	207.3
57	202
58	205.49
59	194.98
60	213.22
61	210.55
62	228.65
63	183.22
64	228.24
65	190.98
66	214.62
67	191.96
68	177.21
69	210.44
70	193.13
71	189.02
72	208.47
73	203.05
74	206.66
75	193.78
76	189.3
77	204.03
78	201.01
79	201.85
80	213.79
81	192.1
82	199.83
83	192.85
84	195.59
85	196.77
86	197.97
87	202.02
88	184.07
89	198.32
90	212.36
91	193.78
92	195.55
93	194.77
94	223.26
95	204.06
96	193.59
97	190.85
98	193.67
99	197.79
100	203.25
101	199.1
