1	-0.13
2	-0.20
3	0.26
4	0.03
5	0.04
6	-0.05
7	-0.56
8	0.10
9	-0.39
10	-0.21
11	-0.02
12	-0.39
13	-0.83
14	-0.47
15	-0.41
16	-0.23
17	-0.56
18	-0.14
19	-0.05
20	-0.06
21	-1.09
22	-0.33
23	-0.14
24	-0.63
25	-0.34
26	-0.27
27	-0.28
28	-0.23
29	-0.54
30	-0.14
31	-0.19
32	0.02
33	-0.54
34	-0.06
35	-0.21
36	-0.73
37	-0.43
38	-0.55
39	-0.23
40	-0.36
41	-0.55
42	-0.10
43	-0.40
44	-0.67
45	-0.81
46	-0.49
47	-0.31
48	0.06
49	-0.45
50	-0.24
51	-0.70
52	-0.31
53	-0.63
54	-0.57
55	-0.03
56	-0.58
57	-0.52
58	-0.84
59	-0.45
60	0.03
61	-0.61
62	-0.74
63	-0.07
64	-0.04
65	-0.64
66	0.25
67	-0.05
68	-0.27
69	-0.28
70	-0.55
71	0.06
72	-0.67
73	-0.57
74	-0.43
75	-0.11
76	-0.32
77	-0.56
78	-0.57
79	-0.15
80	-0.24
81	0.17
82	-0.27
83	-0.24
84	-0.62
85	-0.13
86	-0.53
87	-0.07
88	0.15
89	-0.47
90	-0.33
91	0.15
92	0.07
93	-1.03
94	-0.10
95	-0.23
96	-0.04
97	-0.07
98	0.08
99	-0.16
100	-0.61
101	-0.26
