1	0.29
2	0.35
3	1.25
4	0.05
5	2.20
6	4.31
7	0.81
8	0.96
9	4.07
10	2.06
11	-1.97
12	1.85
13	1.19
14	3.75
15	0.67
16	1.71
17	4.22
18	3.06
19	3.57
20	0.11
21	1.49
22	1.43
23	0.38
24	2.91
25	-1.23
26	2.54
27	4.15
28	1.68
29	3.15
30	2.70
31	0.84
32	3.67
33	0.49
34	-5.40
35	0.92
36	-1.71
37	-3.61
38	2.77
39	1.20
40	3.01
41	0.41
42	2.32
43	0.38
44	-4.47
45	3.92
46	4.60
47	0.09
48	0.91
49	1.89
50	-1.60
51	1.09
52	3.55
53	1.02
54	-0.28
55	1.23
56	1.56
57	-0.01
58	2.92
59	1.46
60	0.11
61	4.27
62	-2.04
63	0.11
64	2.19
65	1.27
66	-1.95
67	0.54
68	1.76
69	2.15
70	3.72
71	-1.19
72	3.93
73	0.88
74	-0.06
75	-2.55
76	3.40
77	6.32
78	-2.09
79	2.40
80	2.35
81	3.75
82	-1.29
83	3.36
84	2.24
85	2.26
86	3.02
87	0.49
88	1.68
89	2.34
90	2.17
91	-0.23
92	2.51
93	1.63
94	2.20
95	3.17
96	-2.34
97	1.87
98	-1.19
99	0.78
100	-1.24
101	0.32
