1	150.94
2	137.48
3	147.05
4	143.72
5	135.53
6	154.26
7	154.31
8	132.29
9	136.11
10	161.62
11	152.53
12	149.24
13	148.72
14	139.59
15	149.48
16	155.63
17	161.67
18	131.63
19	151.07
20	139.08
21	153.77
22	166.08
23	162.13
24	148.63
25	149.49
26	186.56
27	170.51
28	157.88
29	173.69
30	167.35
31	151.71
32	147.79
33	167.51
34	146.19
35	136.17
36	139.95
37	155.71
38	142.09
39	154.24
40	152.29
41	142.85
42	150.38
43	150.09
44	149.57
45	160.98
46	155.21
47	145.96
48	150.79
49	155.69
50	150.71
51	156.37
