1	251.61
2	254.3
3	252.94
4	256.34
5	258.42
6	251.85
7	246.74
8	241.86
9	247.8
10	250.56
11	240.05
12	250.27
13	262.15
14	246.88
15	241.81
16	254.8
17	240.69
18	237.22
19	244.99
20	241.89
21	266
22	251.16
23	265.73
24	235.47
25	246.6
26	252.56
27	267.13
28	255.15
29	240.73
30	254.58
31	251.91
32	265.11
33	258.78
34	266.94
35	248.24
36	262.07
37	249.38
38	259.9
39	265.68
40	256.07
41	245.54
42	258.83
43	238.63
44	260.06
45	261.48
46	253.47
47	262.37
48	245.92
49	258.77
50	253.57
51	281.17
52	260.05
53	243.53
54	258.66
55	240.82
56	253.91
57	252.71
58	251.45
59	249.52
60	248.06
61	254.21
62	259.77
63	242.93
64	252.99
65	247.91
66	254.78
67	245.67
68	251.78
69	256.29
70	249.11
71	259.48
72	243.42
73	264.31
74	258.44
75	257.12
76	253.3
77	245.84
78	233.09
79	259.3
80	252.04
81	261.5
82	250.31
83	251.14
84	263.31
85	236.11
86	254.29
87	244.05
88	249.61
89	234.5
90	242.16
91	232.3
92	243.32
93	262.25
94	252.94
95	256.91
96	262.52
97	250.72
98	259.07
99	253.08
100	251.64
101	261.79
