1 0.31
2 0.31
3 0.38
4 0.38
5 0.48
6 0.48
7 0.48
8 0.48
9 0.31
10 0.31
11 0.39
12 0.39
13 0.39
14 0.39
15 0.36
16 0.36
17 0.36
18 0.36
19 0.29
20 0.29
21 0.41
22 0.41
23 0.43
24 0.43
25 0.46
26 0.46
27 0.36
28 0.36
29 0.43
30 0.43
31 0.43
32 0.43
33 0.46
34 0.46
35 0.35
36 0.35
37 0.44
38 0.44
39 0.38
40 0.38
41 0.39
42 0.39
43 0.43
44 0.43
45 0.43
46 0.43
47 0.39
48 0.39
49 0.31
50 0.31
51 0.41
52 0.41
53 0.39
54 0.39
55 0.42
56 0.42
57 0.40
58 0.40
59 0.35
60 0.35
61 0.41
62 0.41
63 0.25
64 0.25
65 0.46
66 0.46
67 0.37
68 0.37
69 0.48
70 0.48
71 0.40
72 0.40
73 0.36
74 0.36
75 0.41
76 0.41
77 0.33
78 0.33
79 0.41
80 0.41
81 0.36
82 0.36
83 0.45
84 0.45
85 0.43
86 0.43
87 0.43
88 0.43
89 0.51
90 0.51
91 0.44
92 0.44
93 0.37
94 0.37
95 0.41
96 0.41
97 0.34
98 0.34
99 0.43
100 0.43
101 0.30
102 0.30
