1 1.51
2 1.51
3 10.84
4 10.84
5 -5.20
6 -5.20
7 2.64
8 2.64
9 19.67
10 19.67
11 -6.17
12 -6.17
13 15.20
14 15.20
15 -3.62
16 -3.62
17 19.16
18 19.16
19 3.96
20 3.96
21 27.63
22 27.63
23 -3.53
24 -3.53
25 17.27
26 17.27
27 -16.18
28 -16.18
29 -17.38
30 -17.38
31 15.31
32 15.31
33 22.40
34 22.40
35 8.72
36 8.72
37 -6.24
38 -6.24
39 3.99
40 3.99
41 10.34
42 10.34
43 15.38
44 15.38
45 24.36
46 24.36
47 22.73
48 22.73
49 25.21
50 25.21
51 6.75
52 6.75
53 2.20
54 2.20
55 -13.51
56 -13.51
57 0.15
58 0.15
59 22.28
60 22.28
61 23.47
62 23.47
63 22.00
64 22.00
65 39.99
66 39.99
67 15.49
68 15.49
69 32.32
70 32.32
71 38.70
72 38.70
73 4.38
74 4.38
75 4.36
76 4.36
77 -2.37
78 -2.37
79 5.43
80 5.43
81 -1.36
82 -1.36
83 -13.75
84 -13.75
85 17.67
86 17.67
87 30.56
88 30.56
89 11.14
90 11.14
91 9.41
92 9.41
93 7.23
94 7.23
95 16.18
96 16.18
97 -5.17
98 -5.17
99 7.58
100 7.58
101 -16.18
102 -16.18
