1 0.23
2 0.23
3 0.31
4 0.31
5 0.25
6 0.25
7 0.25
8 0.25
9 0.67
10 0.67
11 -0.34
12 -0.34
13 0.26
14 0.26
15 0.46
16 0.46
17 0.57
18 0.57
19 0.25
20 0.25
21 0.22
22 0.22
23 -0.46
24 -0.46
25 0.13
26 0.13
27 0.18
28 0.18
29 0.26
30 0.26
31 -0.06
32 -0.06
33 0.55
34 0.55
35 -0.41
36 -0.41
37 0.32
38 0.32
39 -0.08
40 -0.08
41 -0.05
42 -0.05
43 0.30
44 0.30
45 0.03
46 0.03
47 0.34
48 0.34
49 -0.11
50 -0.11
51 -0.51
52 -0.51
53 0.05
54 0.05
55 0.30
56 0.30
57 0.17
58 0.17
59 0.61
60 0.61
61 0.66
62 0.66
63 0.89
64 0.89
65 0.59
66 0.59
67 0.50
68 0.50
69 0.76
70 0.76
71 -0.16
72 -0.16
73 0.19
74 0.19
75 0.09
76 0.09
77 -0.22
78 -0.22
79 0.24
80 0.24
81 0.81
82 0.81
83 0.03
84 0.03
85 0.63
86 0.63
87 -0.33
88 -0.33
89 0.55
90 0.55
91 -0.26
92 -0.26
93 0.01
94 0.01
95 0.27
96 0.27
97 0.60
98 0.60
99 -0.09
100 -0.09
101 0.63
102 0.63
