1	-3.05
2	3.12
3	4.88
4	4.79
5	6.37
6	8.08
7	11.33
8	11.48
9	9.07
10	3.78
11	1.33
12	6.87
13	6.19
14	3.84
15	6.97
16	5.89
17	4.45
18	-3.82
19	11.04
20	14.91
21	7.22
22	8.22
23	2.93
24	7.62
25	6.32
26	6.88
27	5.19
28	4.04
29	4.57
30	2.55
31	-2.01
32	10.29
33	10.07
34	14.04
35	5.94
36	15.75
37	13.26
38	7.22
39	10.96
40	11.09
41	5.10
42	12.94
43	12.51
44	15.07
45	10.70
46	11.33
47	9.43
48	10.57
49	12.81
50	15.31
51	16.08
52	10.78
53	13.61
54	19.83
55	13.80
56	10.46
57	15.75
58	10.34
59	14.51
60	12.48
61	15.35
62	12.81
63	7.33
64	9.36
65	5.37
66	0.75
67	8.84
68	6.29
69	2.39
70	9.78
71	8.98
72	7.03
73	4.57
74	1.74
75	6.32
76	4.33
77	-1.40
78	4.93
79	1.14
80	2.91
81	0.91
82	-1.23
83	2.57
84	7.48
85	5.74
86	5.52
87	6.15
88	2.36
89	4.97
90	0.64
91	6.88
92	3.45
93	3.85
94	4.71
95	10.80
96	8.18
97	2.90
98	6.34
99	6.92
100	7.60
101	4.47
