1 -1.48
2 -1.48
3 -0.41
4 -0.41
5 10.15
6 10.15
7 6.17
8 6.17
9 -5.45
10 -5.45
11 3.77
12 3.77
13 10.72
14 10.72
15 -0.91
16 -0.91
17 20.56
18 20.56
19 -1.60
20 -1.60
21 3.67
22 3.67
23 -18.49
24 -18.49
25 -15.67
26 -15.67
27 -13.65
28 -13.65
29 8.71
30 8.71
31 8.66
32 8.66
33 7.38
34 7.38
35 -15.31
36 -15.31
37 -13.10
38 -13.10
39 15.18
40 15.18
41 -15.42
42 -15.42
43 11.80
44 11.80
45 5.59
46 5.59
47 12.57
48 12.57
49 14.22
50 14.22
51 -3.28
52 -3.28
53 -24.24
54 -24.24
55 9.91
56 9.91
57 -1.86
58 -1.86
59 -15.58
60 -15.58
61 10.58
62 10.58
63 4.39
64 4.39
65 -3.77
66 -3.77
67 2.22
68 2.22
69 1.79
70 1.79
71 4.96
72 4.96
73 5.19
74 5.19
75 9.92
76 9.92
77 -0.04
78 -0.04
79 -6.67
80 -6.67
81 -16.85
82 -16.85
83 5.25
84 5.25
85 2.64
86 2.64
87 -4.82
88 -4.82
89 -20.43
90 -20.43
91 -6.54
92 -6.54
93 -2.06
94 -2.06
95 -5.80
96 -5.80
97 13.33
98 13.33
99 -14.43
100 -14.43
101 7.94
102 7.94
