1 -0.02
2 -0.02
3 -0.79
4 -0.79
5 -1.64
6 -1.64
7 -1.32
8 -1.32
9 -1.10
10 -1.10
11 -0.87
12 -0.87
13 -0.79
14 -0.79
15 -0.77
16 -0.77
17 -1.04
18 -1.04
19 -1.09
20 -1.09
21 -1.80
22 -1.80
23 -0.70
24 -0.70
25 -0.63
26 -0.63
27 -0.76
28 -0.76
29 -1.57
30 -1.57
31 -0.64
32 -0.64
33 -0.94
34 -0.94
35 -1.40
36 -1.40
37 -0.82
38 -0.82
39 -1.37
40 -1.37
41 -0.83
42 -0.83
43 -1.64
44 -1.64
45 -1.89
46 -1.89
47 -1.73
48 -1.73
49 -1.08
50 -1.08
51 -0.28
52 -0.28
53 -0.95
54 -0.95
55 -0.81
56 -0.81
57 -1.66
58 -1.66
59 -0.95
60 -0.95
61 -1.35
62 -1.35
63 -0.56
64 -0.56
65 -1.21
66 -1.21
67 -1.26
68 -1.26
69 -0.52
70 -0.52
71 -0.87
72 -0.87
73 -0.44
74 -0.44
75 -1.37
76 -1.37
77 -0.59
78 -0.59
79 -1.36
80 -1.36
81 -1.23
82 -1.23
83 -0.92
84 -0.92
85 -0.61
86 -0.61
87 -0.99
88 -0.99
89 -1.24
90 -1.24
91 -0.61
92 -0.61
93 -1.41
94 -1.41
95 -1.26
96 -1.26
97 -0.74
98 -0.74
99 -0.53
100 -0.53
101 -1.22
102 -1.22
