1	150.15
2	167.92
3	164.76
4	143.41
5	121.84
6	149.56
7	170.03
8	145.37
9	154.44
10	155.29
11	160.34
12	157.77
13	143.95
14	148.36
15	142.99
16	142.75
17	140.51
18	172.40
19	160.36
20	127.01
21	144.13
22	159.06
23	126.51
24	136.43
25	132.77
26	152.77
27	132.14
28	141.34
29	162.77
30	174.08
31	141.37
32	145.57
33	149.66
34	126.80
35	150.63
36	146.14
37	140.60
38	153.05
39	138.62
40	138.88
41	130.55
42	131.38
43	143.81
44	147.85
45	139.09
46	149.52
47	130.79
48	157.12
49	133.39
50	132.17
51	141.90
