1	58.13
2	53.51
3	65.91
4	69.77
5	69.56
6	58.24
7	58.10
8	59.80
9	58.29
10	55.47
11	57.34
12	57.13
13	60.08
14	47.09
15	55.11
16	61.70
17	50.14
18	46.18
19	54.92
20	62.25
21	59.89
22	66.65
23	57.23
24	57.91
25	57.95
26	49.34
27	61.47
28	60.99
29	59.42
30	66.09
31	57.91
32	59.96
33	58.87
34	60.51
35	53.60
36	61.38
37	51.09
38	46.57
39	53.72
40	50.04
41	58.03
42	61.03
43	55.09
44	57.96
45	57.95
46	55.81
47	55.83
48	62.96
49	51.16
50	52.35
51	55.85
52	62.86
53	56.83
54	49.36
55	50.60
56	57.11
57	59.66
58	53.07
59	48.27
60	55.69
61	54.26
62	55.31
63	56.97
64	61.82
65	54.30
66	62.05
67	59.42
68	49.30
69	54.51
70	61.82
71	61.97
72	49.33
73	59.32
74	59.26
75	55.81
76	53.16
77	61.50
78	49.07
79	61.95
80	58.57
81	62.71
82	65.58
83	48.98
84	55.76
85	56.64
86	56.64
87	62.04
88	67.31
89	58.00
90	57.40
91	61.52
92	64.16
93	49.73
94	56.28
95	54.27
96	54.16
97	72.32
98	49.28
99	64.79
100	61.12
101	67.77
