1 -0.15
2 -0.15
3 -0.31
4 -0.31
5 -0.61
6 -0.61
7 -0.23
8 -0.23
9 0.05
10 0.05
11 -0.75
12 -0.75
13 -0.14
14 -0.14
15 -0.53
16 -0.53
17 0.20
18 0.20
19 0.24
20 0.24
21 0.44
22 0.44
23 -0.97
24 -0.97
25 -0.08
26 -0.08
27 -0.13
28 -0.13
29 0.28
30 0.28
31 -0.37
32 -0.37
33 0.23
34 0.23
35 0.16
36 0.16
37 -0.18
38 -0.18
39 -0.49
40 -0.49
41 -0.38
42 -0.38
43 0.78
44 0.78
45 -0.12
46 -0.12
47 -0.74
48 -0.74
49 -0.22
50 -0.22
51 0.23
52 0.23
53 0.12
54 0.12
55 -0.99
56 -0.99
57 -0.65
58 -0.65
59 0.82
60 0.82
61 -0.11
62 -0.11
63 0.14
64 0.14
65 -0.52
66 -0.52
67 -0.73
68 -0.73
69 0.24
70 0.24
71 0.74
72 0.74
73 0.22
74 0.22
75 0.02
76 0.02
77 -0.46
78 -0.46
79 -0.20
80 -0.20
81 -0.56
82 -0.56
83 0.06
84 0.06
85 0.42
86 0.42
87 0.00
88 0.00
89 0.05
90 0.05
91 -0.09
92 -0.09
93 -0.43
94 -0.43
95 -0.31
96 -0.31
97 -0.70
98 -0.70
99 0.18
100 0.18
101 0.36
102 0.36
