1	0.42
2	-4.38
3	-4.56
4	-1.01
5	-4.27
6	0.76
7	9.34
8	-5.36
9	-3.29
10	3.29
11	-6.13
12	-10.60
13	-3.67
14	2.78
15	2.99
16	4.69
17	-0.16
18	-1.41
19	-11.03
20	-6.32
21	10.46
22	-3.19
23	-11.75
24	-3.64
25	13.01
26	-1.80
27	-10.01
28	-11.62
29	-4.45
30	1.75
31	0.31
32	-3.67
33	-5.56
34	-11.45
35	-1.93
36	-0.41
37	-4.19
38	-5.23
39	-4.72
40	-7.40
41	-4.15
42	-2.36
43	-2.93
44	-9.05
45	-8.10
46	-7.51
47	4.46
48	-6.48
49	-11.54
50	-5.76
51	-12.14
52	3.31
53	1.45
54	-1.94
55	-7.00
56	-2.69
57	-4.31
58	-2.94
59	-12.04
60	-1.36
61	-5.83
62	5.43
63	-8.47
64	-8.38
65	-8.02
66	-0.52
67	6.81
68	3.97
69	-7.47
70	0.12
71	-3.64
72	2.99
73	-6.55
74	-11.65
75	-6.04
76	-6.41
77	3.25
78	-7.68
79	-4.72
80	-11.80
81	-13.22
82	-7.94
83	-5.29
84	-3.93
85	-9.41
86	-2.83
87	-5.09
88	1.38
89	-2.16
90	-14.59
91	-1.91
92	2.64
93	-5.69
94	9.64
95	-12.00
96	-1.36
97	-6.34
98	-10.24
99	-10.44
100	-7.81
101	-3.39
