1	-4.52
2	4.81
3	-14.24
4	-3.19
5	-11.62
6	8.73
7	-13.15
8	-24.34
9	-15.69
10	-25.48
11	-16.44
12	-0.84
13	-4.57
14	-13.48
15	8.20
16	-0.72
17	-25.31
18	-1.53
19	1.98
20	4.17
21	-15.90
22	-1.87
23	-15.75
24	2.51
25	6.33
26	13.54
27	-3.20
28	-7.19
29	-14.45
30	2.68
31	22.58
32	-9.51
33	32.08
34	-5.04
35	-10.87
36	-1.85
37	-13.68
38	-21.94
39	-19.95
40	1.12
41	-7.42
42	4.65
43	24.77
44	2.78
45	1.87
46	-0.14
47	5.30
48	3.95
49	3.05
50	27.99
51	-5.16
52	-20.84
53	-4.16
54	-19.20
55	6.02
56	16.39
57	8.23
58	-37.50
59	-8.04
60	-25.83
61	-2.37
62	1.93
63	-4.75
64	-17.63
65	-3.96
66	-5.82
67	2.26
68	-25.07
69	-7.92
70	2.80
71	29.39
72	-0.67
73	21.92
74	20.08
75	-2.67
76	-3.02
77	-29.83
78	2.82
79	-14.16
80	4.04
81	7.29
82	11.55
83	2.93
84	-9.56
85	15.49
86	-21.76
87	-4.26
88	8.14
89	2.12
90	5.50
91	9.63
92	-29.35
93	-3.41
94	20.22
95	-1.18
96	33.04
97	-9.31
98	2.23
99	3.21
100	-2.23
101	12.90
