1	-0.63
2	-1.09
3	-0.34
4	-0.69
5	-1.50
6	-0.71
7	-0.97
8	-0.68
9	-0.31
10	-0.85
11	-1.27
12	-1.52
13	-1.00
14	-0.22
15	-1.24
16	-0.93
17	0.10
18	-0.98
19	-1.59
20	-1.54
21	-0.19
22	-1.11
23	-0.47
24	-1.29
25	-0.80
26	-1.18
27	-0.79
28	-1.15
29	-0.60
30	-0.91
31	-0.76
32	-1.44
33	-1.03
34	-0.88
35	-0.65
36	-0.64
37	-0.69
38	-0.70
39	-0.82
40	-1.32
41	-0.92
42	-0.41
43	-0.85
44	-0.56
45	-0.85
46	-0.63
47	-0.44
48	-1.03
49	-0.67
50	-0.81
51	-1.24
52	-0.66
53	-1.25
54	-0.90
55	-0.91
56	-1.03
57	-0.89
58	-0.86
59	-0.51
60	-2.14
61	-0.66
62	-0.87
63	-1.04
64	-1.04
65	-0.98
66	-0.69
67	-0.24
68	-0.49
69	-1.11
70	-0.97
71	-1.33
72	-0.53
73	-0.99
74	-0.33
75	-0.10
76	-0.85
77	-0.47
78	-0.96
79	-1.00
80	-1.38
81	-0.92
82	-0.51
83	-0.63
84	-1.24
85	-0.89
86	-1.28
87	-0.90
88	-0.97
89	-0.78
90	-0.97
91	-0.85
92	-0.33
93	-1.06
94	-1.56
95	-1.47
96	-0.73
97	-0.99
98	-0.95
99	-1.08
100	-0.99
101	-0.85
