1	38.59
2	34.81
3	42.73
4	37.82
5	36.66
6	36.12
7	44.80
8	42.56
9	42.69
10	41.50
11	37.24
12	36.30
13	38.86
14	38.04
15	40.71
16	41.53
17	41.08
18	38.41
19	33.40
20	40.25
21	45.50
22	38.96
23	47.24
24	39.86
25	41.15
26	41.43
27	39.09
28	36.63
29	41.54
30	38.55
31	28.65
32	41.87
33	27.35
34	36.00
35	42.13
36	38.56
37	42.79
38	49.97
39	40.45
40	36.74
41	41.92
42	39.08
43	31.80
44	37.23
45	36.86
46	38.02
47	38.60
48	37.42
49	37.95
50	25.57
51	29.77
52	40.68
53	34.00
54	38.20
55	29.10
56	34.05
57	40.10
58	42.73
59	38.50
60	31.21
61	39.93
62	36.20
63	33.85
64	42.38
65	42.97
66	34.16
67	38.72
68	44.72
69	35.00
70	38.93
71	30.17
72	38.66
73	37.59
74	27.46
75	41.86
76	41.03
77	42.85
78	38.36
79	41.71
80	26.50
81	33.27
82	37.72
83	41.69
84	37.84
85	37.00
86	40.77
87	43.66
88	36.57
89	40.43
90	33.57
91	39.84
92	46.17
93	32.39
94	35.21
95	36.17
96	24.80
97	41.62
98	38.20
99	37.29
100	39.88
101	37.23
