2	CTAG  -0.93   2.90
3	TCGA   1.16   3.70
4	CTAG  -1.86   1.30
5	TCGA   0.90   2.70
6	CTAG  -1.70   1.50
7	TCGA  -2.35   2.50
8	CTAG   3.46   1.60
9	TCGA  -2.22   3.70
10	CTAG  -6.10   4.50
11	TCGA   2.58   3.70
12	CTAG  -1.13   3.50
13	TCGA   2.89   2.90
14	CTAG  -1.28   1.90
15	TCGA   0.43   2.70
16	CTAG  -1.03   2.50
17	TTAA   2.63   2.40
18	TATA   1.85   3.00
19	AATT  -3.17   3.60
20	AATT  -5.70   4.00
21	AGCT   2.50   2.30
22	GGCC   4.41   2.60
23	GTAC   1.72   2.00
24	TATA  -1.50   2.70
25	ATAT  -0.13   1.30
26	TATA  -1.50   1.60
27	ACGT  -1.99   1.90
28	CATG   1.26   4.60
29	AATT  -1.73   4.00
30	AGCT   3.68   2.20
31	GATC   0.84   2.30
32	AATT  -1.50   1.30
33	AATT  -2.51   2.50
34	AGCT   0.80   2.00
35	GTAC   2.66   1.10
36	TTAA   0.54   1.80
37	TTAA  -1.89   1.80
38	TGCA   2.73   1.90
39	GTAC   1.88   2.30
40	TTAA   4.37   3.50
41	TGCA   2.12   1.90
42	GGCC  -1.59   2.90
43	GTAC   1.89   2.20
44	TCGA   1.00   2.50
45	CTAG  -0.29   2.80
46	TTAA   1.46   2.50
47	TTAA   0.04   2.10
48	TTAA   2.36   3.10
49	TTAA   0.95   1.50
50	TATA  -2.45   4.10
51	ACGT  -0.06   1.90
52	CCGG  -2.34   1.30
53	CTAG  -0.16   1.70
54	TTAA   0.34   1.80
55	TCGA  -0.48   1.40
56	CCGG  -2.72   2.80
57	CCGG  -2.40   2.20
58	CGCG   1.87   3.60
59	GTAC   3.37   2.00
60	TTAA   0.03   5.50
61	TTAA  -1.86   2.90
62	TCGA  -0.03   3.20
63	CGCG   1.26   1.30
64	GCGC  -0.90   1.90
65	CTAG  -0.31   1.90
66	TCGA  -2.39   2.00
67	CCGG  -2.55   1.90
68	CATG   2.96   2.10
69	AATT  -1.63   2.50
70	AGCT  -0.19   6.40
71	GTAC   2.60   2.20
72	TTAA   4.17   4.00
73	TATA   0.81   2.80
74	AGCT   0.21   1.90
75	GTAC   1.23   2.10
76	TATA   1.29   3.00
77	ATAT  -1.92   2.30
78	TATA   1.35   2.20
79	AATT  -2.56   2.90
80	AATT  -3.03   6.40
81	AATT   0.68   2.10
82	AATT  -0.44   1.80
83	AATT  -1.91   1.70
84	AGCT   0.02   1.90
85	GCGC  -0.61   1.50
86	CTAG  -0.19   1.10
87	TGCA   2.26   2.30
88	GATC  -0.82   4.10
89	AATT   0.55   4.00
90	ACGT  -4.21   2.50
91	CGCG  -0.06   1.60
92	GATC   1.62   2.10
