1	154.37
2	151.50
3	152.97
4	153.34
5	156.41
6	156.46
7	154.96
8	151.08
9	154.55
10	152.70
11	156.02
12	152.23
13	149.61
14	152.22
15	156.75
16	152.25
17	157.29
18	154.57
19	155.40
20	150.09
21	153.74
22	155.71
23	154.92
24	152.20
25	151.65
26	157.29
27	153.10
28	152.01
29	157.55
30	154.38
31	157.79
32	155.42
33	158.45
34	154.35
35	154.60
36	157.30
37	153.35
38	155.11
39	153.86
40	151.74
41	153.75
42	151.72
43	155.07
44	153.30
45	153.42
46	152.54
47	156.55
48	155.37
49	151.19
50	151.64
51	152.08
