1 0.05
2 0.05
3 0.16
4 0.16
5 0.40
6 0.40
7 -0.69
8 -0.69
9 0.23
10 0.23
11 0.37
12 0.37
13 0.13
14 0.13
15 -0.47
16 -0.47
17 0.46
18 0.46
19 -0.30
20 -0.30
21 0.40
22 0.40
23 -0.13
24 -0.13
25 -0.11
26 -0.11
27 -0.09
28 -0.09
29 -0.64
30 -0.64
31 0.65
32 0.65
33 0.28
34 0.28
35 0.28
36 0.28
37 0.33
38 0.33
39 -0.21
40 -0.21
41 0.22
42 0.22
43 -0.25
44 -0.25
45 0.21
46 0.21
47 0.13
48 0.13
49 -0.34
50 -0.34
51 0.00
52 0.00
53 -0.23
54 -0.23
55 0.42
56 0.42
57 0.39
58 0.39
59 0.21
60 0.21
61 -0.02
62 -0.02
63 -0.39
64 -0.39
65 0.10
66 0.10
67 -0.04
68 -0.04
69 -0.41
70 -0.41
71 -0.28
72 -0.28
73 -0.37
74 -0.37
75 -0.03
76 -0.03
77 -0.34
78 -0.34
79 0.01
80 0.01
81 0.24
82 0.24
83 -0.02
84 -0.02
85 -0.54
86 -0.54
87 -0.24
88 -0.24
89 0.08
90 0.08
91 0.20
92 0.20
93 -0.35
94 -0.35
95 0.02
96 0.02
97 0.28
98 0.28
99 -0.72
100 -0.72
101 -0.43
102 -0.43
103 -0.62
104 -0.62
105 0.28
106 0.28
107 0.08
108 0.08
109 0.10
110 0.10
111 -0.49
112 -0.49
113 1.12
114 1.12
115 0.49
116 0.49
117 -0.11
118 -0.11
119 -0.14
120 -0.14
121 -0.28
122 -0.28
123 -0.78
124 -0.78
125 0.05
126 0.05
127 0.15
128 0.15
129 0.27
130 0.27
131 -0.39
132 -0.39
133 0.06
134 0.06
135 0.03
136 0.03
137 0.09
138 0.09
139 0.48
140 0.48
141 -0.01
142 -0.01
143 0.34
144 0.34
145 -0.64
146 -0.64
147 -0.15
148 -0.15
149 -0.01
150 -0.01
151 -0.68
152 -0.68
153 0.14
154 0.14
155 -0.56
156 -0.56
157 -0.30
158 -0.30
159 -0.63
160 -0.63
161 0.02
162 0.02
163 0.03
164 0.03
165 -0.12
166 -0.12
167 0.51
168 0.51
169 -0.03
170 -0.03
171 -0.36
172 -0.36
173 -0.41
174 -0.41
175 0.55
176 0.55
177 0.26
178 0.26
179 -0.30
180 -0.30
181 -0.10
182 -0.10
183 -0.36
184 -0.36
185 0.08
186 0.08
187 0.02
188 0.02
189 -0.25
190 -0.25
191 -0.09
192 -0.09
193 -0.46
194 -0.46
195 -0.40
196 -0.40
197 -0.12
198 -0.12
199 0.40
200 0.40
201 0.05
202 0.05
