1	0.01
2	-0.03
3	-0.05
4	0.00
5	0.15
6	0.11
7	0.05
8	0.00
9	-0.06
10	0.04
11	0.03
12	0.22
13	0.00
14	0.01
15	0.08
16	0.01
17	-0.01
18	0.03
19	0.09
20	0.13
21	0.12
22	-0.02
23	0.04
24	0.21
25	0.05
26	0.11
27	0.06
28	0.05
29	0.03
30	0.03
31	0.01
32	0.09
33	-0.04
34	-0.01
35	0.11
36	0.06
37	-0.02
38	0.03
39	-0.05
40	0.07
41	-0.03
42	0.03
43	0.06
44	0.04
45	0.00
46	0.02
47	0.02
48	-0.01
49	0.04
50	0.00
51	-0.09
52	0.00
53	-0.07
54	-0.04
55	0.08
56	0.08
57	0.16
58	0.00
59	-0.02
60	0.07
61	0.11
62	0.02
63	0.05
64	-0.01
65	0.01
66	0.04
67	0.07
68	0.06
69	-0.05
70	-0.01
71	0.00
72	0.04
73	0.08
74	0.00
75	0.04
76	0.08
77	0.11
78	0.15
79	0.04
80	0.06
81	0.10
82	0.03
83	0.10
84	0.14
85	0.12
86	0.00
87	0.04
88	0.00
89	0.01
90	0.06
91	0.14
92	0.12
93	-0.04
94	0.09
95	0.02
96	-0.06
97	0.06
98	0.07
99	0.08
100	0.09
101	0.07
