1	211.86
2	193.86
3	228.28
4	210.23
5	210.93
6	223.93
7	207.32
8	193.85
9	195.21
10	195.96
11	199.33
12	215.49
13	203.12
14	190.69
15	191.47
16	199.77
17	199.97
18	203.33
19	203.98
20	209.35
21	232.14
22	197.34
23	212.23
24	188.52
25	198.87
26	217.06
27	202.05
28	206.47
29	235.6
30	205.31
31	201.32
32	199.83
33	220.5
34	218.29
35	203.46
36	225.55
37	214.94
38	200.42
39	210.97
40	192.22
41	221.09
42	214.02
43	198.67
44	212.56
45	220.62
46	203.75
47	218.17
48	205.89
49	207.27
50	204.72
51	210.02
52	203.92
53	202.61
54	211.82
55	194.84
56	211.31
57	226.13
58	200.08
59	192.07
60	192.96
61	186.26
62	206.28
63	194.75
64	214.48
65	199.48
66	217.59
67	199.67
68	193.95
69	205.71
70	209.41
71	226.92
72	209.64
73	190.63
74	203.21
75	197.79
76	181.43
77	196.51
78	200.56
79	211
80	207.58
81	214.17
82	209.26
83	203.21
84	219.99
85	198.93
86	202.51
87	197.74
88	209.32
89	199.83
90	193.14
91	203.89
92	208.09
93	247.99
94	210.82
95	200.98
96	212.31
97	202.59
98	224.96
99	194.87
100	228.35
101	211.75
