1	154.94
2	145.84
3	137.50
4	152.04
5	147.47
6	139.94
7	135.01
8	116.93
9	146.65
10	155.82
11	150.77
12	141.49
13	150.30
14	147.61
15	141.26
16	144.98
17	138.09
18	137.95
19	141.19
20	132.83
21	142.80
22	133.06
23	147.92
24	137.31
25	140.51
26	140.04
27	155.43
28	147.47
29	132.50
30	150.81
31	143.11
32	139.59
33	139.82
34	152.14
35	138.88
36	156.90
37	147.48
38	155.89
39	151.78
40	158.95
41	149.80
42	152.51
43	144.55
44	142.61
45	140.53
46	144.41
47	155.06
48	154.08
49	144.17
50	139.88
51	152.01
52	155.76
53	142.78
54	148.40
55	146.79
56	148.68
57	132.58
58	147.28
59	153.11
60	145.16
61	148.75
62	148.82
63	154.00
64	152.28
65	142.98
66	146.07
67	148.80
68	137.71
69	147.17
70	155.46
71	147.65
72	124.90
73	166.47
74	151.95
75	152.44
76	147.63
77	149.10
78	133.31
79	152.99
80	151.10
81	131.75
82	143.72
83	149.79
84	149.37
85	140.21
86	154.44
87	147.14
88	144.86
89	137.64
90	147.70
91	120.29
92	148.79
93	132.93
94	144.52
95	153.49
96	156.77
97	136.99
98	137.67
99	163.42
100	146.63
101	156.07
