1	5.19
2	6.45
3	6.24
4	7.97
5	7.74
6	6.79
7	8.00
8	6.44
9	8.53
10	5.34
11	5.96
12	6.83
13	6.80
14	8.27
15	8.47
16	7.08
17	8.09
18	4.62
19	6.14
20	7.50
21	7.05
22	5.16
23	6.14
24	7.27
25	7.24
26	7.80
27	5.84
28	6.26
29	7.05
30	7.65
31	8.70
32	6.10
33	7.19
34	8.30
35	4.78
36	7.71
37	4.07
38	5.88
39	6.85
40	6.01
41	7.48
42	9.47
43	9.02
44	5.14
45	5.89
46	4.52
47	6.64
48	7.03
49	7.77
50	6.51
51	5.48
52	6.17
53	7.82
54	8.57
55	10.74
56	7.73
57	7.36
58	4.92
59	5.19
60	6.05
61	5.87
62	7.17
63	7.35
64	5.96
65	6.76
66	5.83
67	6.43
68	7.34
69	8.14
70	6.66
71	8.01
72	8.49
73	5.18
74	9.64
75	6.01
76	4.59
77	8.77
78	7.71
79	5.85
80	7.29
81	6.59
82	5.85
83	7.50
84	5.21
85	10.31
86	8.00
87	7.10
88	6.23
89	6.05
90	4.47
91	5.87
92	7.43
93	6.69
94	8.00
95	6.48
96	7.63
97	8.78
98	5.12
99	5.26
100	6.14
101	7.65
