1	-1.34
2	-4.78
3	2.23
4	-3.90
5	3.52
6	-0.79
7	3.66
8	0.23
9	4.47
10	-6.09
11	4.75
12	2.28
13	4.90
14	12.55
15	2.16
16	6.31
17	-2.13
18	-2.65
19	-2.46
20	2.73
21	6.44
22	7.88
23	-3.73
24	-4.26
25	1.56
26	1.38
27	-3.71
28	1.46
29	1.64
30	2.68
31	5.10
32	3.83
33	-1.86
34	2.28
35	0.25
36	4.74
37	-2.01
38	-6.99
39	-0.29
40	-3.39
41	-3.49
42	-4.94
43	2.53
44	-0.92
45	0.80
46	-0.68
47	-4.39
48	5.42
49	4.30
50	6.27
51	3.30
52	-2.99
53	15.59
54	7.82
55	4.85
56	0.22
57	4.01
58	0.23
59	7.72
60	-3.43
61	0.42
62	-7.46
63	-4.23
64	2.82
65	8.49
66	-2.01
67	-0.24
68	2.28
69	8.45
70	4.24
71	-0.49
72	1.60
73	9.33
74	2.18
75	3.82
76	-0.34
77	1.22
78	-1.35
79	-3.96
80	6.49
81	5.21
82	0.87
83	2.42
84	7.03
85	2.67
86	-2.51
87	-3.99
88	1.59
89	2.18
90	3.59
91	1.25
92	-1.43
93	4.45
94	-1.03
95	4.28
96	-2.50
97	-1.24
98	-3.08
99	-2.64
100	0.11
101	6.29
