1	0.01
2	0.15
3	-0.04
4	-0.07
5	-0.05
6	-0.06
7	0.03
8	0.03
9	0.07
10	0.09
11	0.03
12	-0.01
13	-0.03
14	0.03
15	-0.04
16	-0.04
17	-0.05
18	0.07
19	0.00
20	-0.01
21	0.03
22	-0.01
23	0.06
24	0.14
25	-0.02
26	0.10
27	-0.08
28	-0.09
29	0.06
30	-0.09
31	0.02
32	0.03
33	-0.01
34	0.05
35	-0.02
36	0.05
37	-0.03
38	-0.01
39	-0.04
40	-0.10
41	0.06
42	0.07
43	0.22
44	0.00
45	0.02
46	-0.01
47	-0.05
48	0.03
49	-0.01
50	-0.03
51	-0.01
52	0.12
53	0.05
54	-0.04
55	-0.04
56	-0.07
57	0.01
58	0.02
59	0.01
60	-0.06
61	0.02
62	-0.01
63	-0.08
64	-0.01
65	0.01
66	0.01
67	0.00
68	0.07
69	0.06
70	-0.09
71	-0.06
72	-0.04
73	-0.01
74	-0.03
75	-0.01
76	0.03
77	0.02
78	0.10
79	-0.01
80	-0.04
81	-0.01
82	0.01
83	0.01
84	-0.01
85	-0.15
86	-0.02
87	0.24
88	0.09
89	0.10
90	0.01
91	-0.04
92	-0.07
93	-0.11
94	-0.04
95	0.00
96	0.01
97	0.00
98	-0.05
99	0.05
100	-0.03
101	-0.02
