2	AT  -7.90   5.60
3	TA  -8.95   3.70
4	TA  -9.70   1.00
5	AT -11.42   0.70
6	CG  -8.08   0.60
7	AT  -5.98   0.60
8	TA  -5.88   0.50
9	AT  -6.26   0.70
10	CG  -8.46   0.90
11	AT  -8.98   1.00
12	TA  -9.51   0.90
13	AT  -5.96   0.90
14	CG  -5.24   1.30
15	AT  -4.59   3.50
16	GC  -6.32   3.70
17	AT -12.89   4.20
18	TA -12.68   4.00
19	TA  -5.89   4.50
20	AT -10.20   5.20
21	CG  -8.01   3.60
22	AT -11.31   4.80
23	TA  -5.05   5.90
24	AT -10.32   5.10
25	CG  -5.07   4.10
26	AT -10.44   4.80
27	TA  -5.42   5.60
28	AT -10.55   5.70
29	CG  -9.46   3.20
30	AT  -9.10   3.50
31	GC  -2.74   1.00
32	AT   8.49   1.10
33	TA  -3.38   0.70
34	TA -12.35   0.70
35	AT -13.27   1.00
36	CG  -6.54   1.20
37	AT -15.67   4.60
38	TA  -7.30   5.90
39	AT  -8.92   4.70
40	CG  -9.03   4.80
41	AT -13.09   4.20
42	TA  -6.04   5.50
43	AT  -7.89   4.40
44	CG  -6.74   5.00
45	AT  -8.56   5.20
46	GC  -7.62   3.50
47	AT -12.98   4.80
48	TA -12.98   5.40
49	TA  -4.15   4.80
50	AT  -8.97   4.00
51	CG  -6.32   4.40
52	AT -10.51   4.60
53	TA  -8.31   4.30
54	AT  -9.72   5.80
55	CG  -5.11   3.90
56	AT -12.18   5.20
57	TA  -7.98   6.00
58	AT  -9.65   5.10
59	CG  -7.05   4.10
60	AT -10.34   3.90
61	GC -15.00   0.50
62	AT  -9.93   0.40
63	TA -11.81   0.60
64	TA   0.37   0.50
65	AT  -7.86   0.40
66	CG  -2.69   1.00
67	AT -10.16   0.80
68	TA  -6.47   3.40
69	AT  -8.57   4.50
70	CG  -8.88   4.40
71	AT -13.07   4.80
72	TA  -6.96   5.20
73	AT  -8.09   4.90
74	CG  -6.36   4.70
75	AT  -8.00   4.40
76	GC  -7.83   4.30
77	AT -11.97   3.60
78	TA -13.34   4.80
79	TA  -6.71   3.70
80	AT -10.01   3.40
81	CG  -8.26   0.90
82	AT  -5.84   1.00
83	TA   8.04   0.80
84	AT  -5.71   0.60
85	CG -10.07   1.00
86	AT  -8.94   0.80
87	TA  -7.40   4.20
88	AT -10.02   5.10
89	CG  -1.87   6.00
