2	AT   0.11   0.10
3	TA   0.07   0.10
4	TA   0.10   0.00
5	AT   0.06   0.00
6	CG   0.20   0.00
7	AT   0.04   0.00
8	TA   0.07   0.00
9	AT   0.06   0.10
10	CG   0.25   0.00
11	AT   0.06   0.10
12	TA   0.11   0.10
13	AT   0.04   0.00
14	CG   0.20   0.00
15	AT   0.05   0.10
16	GC   0.21   0.10
17	AT   0.10   0.10
18	TA   0.09   0.10
19	TA   0.01   0.10
20	AT   0.18   0.10
21	CG   0.08   0.10
22	AT   0.09   0.10
23	TA   0.05   0.10
24	AT   0.03   0.10
25	CG   0.13   0.10
26	AT   0.12   0.10
27	TA   0.03   0.10
28	AT   0.06   0.10
29	CG   0.11   0.10
30	AT   0.14   0.10
31	GC   0.73   0.10
32	AT   0.10   0.10
33	TA   0.25   0.00
34	TA   0.15   0.10
35	AT   0.15   0.00
36	CG   0.36   0.10
37	AT   0.33   0.10
38	TA   0.21   0.10
39	AT  -0.01   0.10
40	CG   0.10   0.10
41	AT   0.08   0.10
42	TA   0.05   0.10
43	AT   0.05   0.10
44	CG   0.15   0.10
45	AT   0.12   0.10
46	GC   0.20   0.10
47	AT   0.08   0.10
48	TA   0.16   0.10
49	TA   0.01   0.10
50	AT   0.08   0.10
51	CG   0.12   0.20
52	AT   0.08   0.10
53	TA   0.10   0.10
54	AT   0.07   0.10
55	CG   0.08   0.10
56	AT   0.15   0.10
57	TA   0.06   0.10
58	AT   0.10   0.10
59	CG   0.06   0.10
60	AT   0.13   0.10
61	GC   0.08   0.00
62	AT   0.02   0.00
63	TA   0.24   0.00
64	TA   0.19   0.00
65	AT   0.14   0.00
66	CG   0.02   0.00
67	AT   0.15   0.00
68	TA   0.24   0.10
69	AT   0.14   0.10
70	CG   0.13   0.10
71	AT   0.07   0.10
72	TA   0.04   0.20
73	AT   0.03   0.10
74	CG   0.14   0.20
75	AT   0.13   0.10
76	GC   0.20   0.10
77	AT   0.07   0.10
78	TA   0.12   0.10
79	TA   0.05   0.10
80	AT   0.05   0.10
81	CG   0.66   0.10
82	AT   0.53   0.10
83	TA   0.06   0.00
84	AT   0.17   0.00
85	CG   0.25   0.10
86	AT   0.16   0.10
87	TA   0.10   0.10
88	AT   0.13   0.10
89	CG   0.06   0.10
