1	-48.05
2	-61.21
3	-83.42
4	-49.33
5	-29.94
6	-66.34
7	-40.68
8	-50.04
9	-45.09
10	-90.32
11	-65.29
12	39.05
13	-86.06
14	-72.04
15	-116.48
16	-72.47
17	-16.5
18	-56.31
19	-67.97
20	-69.94
21	-73.43
22	-26.79
23	-83.02
24	-88.89
25	-74.87
26	-96.07
27	-99.2
28	-38.51
29	-83.02
30	7.78999999999999
31	-82.09
32	-78.39
33	-36.53
34	-39.19
35	-59.66
36	-48.62
37	-86.96
38	-85.11
39	-53.19
40	-83.81
41	-76.13
42	-98.77
43	-64.01
44	-48.54
45	-73.98
46	2.29000000000002
47	-60.66
48	-84.15
49	13.74
50	-57.96
51	-51.21
