1 0.25
2 0.25
3 -0.09
4 -0.09
5 0.23
6 0.23
7 1.06
8 1.06
9 0.11
10 0.11
11 -0.07
12 -0.07
13 0.16
14 0.16
15 0.35
16 0.35
17 -0.09
18 -0.09
19 0.35
20 0.35
21 -0.02
22 -0.02
23 0.10
24 0.10
25 0.28
26 0.28
27 -0.02
28 -0.02
29 0.90
30 0.90
31 0.77
32 0.77
33 0.43
34 0.43
35 0.21
36 0.21
37 0.34
38 0.34
39 -0.08
40 -0.08
41 0.22
42 0.22
43 0.19
44 0.19
45 -0.28
46 -0.28
47 0.16
48 0.16
49 0.18
50 0.18
51 -0.16
52 -0.16
53 -0.15
54 -0.15
55 0.15
56 0.15
57 -0.67
58 -0.67
59 0.83
60 0.83
61 -0.09
62 -0.09
63 0.22
64 0.22
65 0.26
66 0.26
67 0.47
68 0.47
69 0.37
70 0.37
71 0.26
72 0.26
73 -0.19
74 -0.19
75 0.09
76 0.09
77 -0.59
78 -0.59
79 -0.47
80 -0.47
81 0.26
82 0.26
83 0.36
84 0.36
85 -0.13
86 -0.13
87 0.38
88 0.38
89 0.20
90 0.20
91 0.41
92 0.41
93 -0.13
94 -0.13
95 -0.15
96 -0.15
97 0.13
98 0.13
99 0.81
100 0.81
101 0.41
102 0.41
