1 3.28
2 3.28
3 3.27
4 3.27
5 3.32
6 3.32
7 3.35
8 3.35
9 3.26
10 3.26
11 3.27
12 3.27
13 3.17
14 3.17
15 3.24
16 3.24
17 3.24
18 3.24
19 3.21
20 3.21
21 3.17
22 3.17
23 3.33
24 3.33
25 3.24
26 3.24
27 3.22
28 3.22
29 3.28
30 3.28
31 3.36
32 3.36
33 3.36
34 3.36
35 3.20
36 3.20
37 3.23
38 3.23
39 3.23
40 3.23
41 3.16
42 3.16
43 3.32
44 3.32
45 3.25
46 3.25
47 3.25
48 3.25
49 3.27
50 3.27
51 3.33
52 3.33
53 3.33
54 3.33
55 3.27
56 3.27
57 3.20
58 3.20
59 3.25
60 3.25
61 3.21
62 3.21
63 3.29
64 3.29
65 3.31
66 3.31
67 3.22
68 3.22
69 3.29
70 3.29
71 3.31
72 3.31
73 3.27
74 3.27
75 3.44
76 3.44
77 3.34
78 3.34
79 3.15
80 3.15
81 3.28
82 3.28
83 3.32
84 3.32
85 3.21
86 3.21
87 3.29
88 3.29
89 3.30
90 3.30
91 3.25
92 3.25
93 3.35
94 3.35
95 3.29
96 3.29
97 3.36
98 3.36
99 3.24
100 3.24
101 3.28
102 3.28
