1 -1.25
2 -1.25
3 -0.75
4 -0.75
5 -2.22
6 -2.22
7 -3.46
8 -3.46
9 -0.38
10 -0.38
11 -0.95
12 -0.95
13 2.17
14 2.17
15 0.58
16 0.58
17 -1.02
18 -1.02
19 -1.38
20 -1.38
21 1.18
22 1.18
23 -2.57
24 -2.57
25 -1.18
26 -1.18
27 -1.79
28 -1.79
29 -1.39
30 -1.39
31 -1.81
32 -1.81
33 -0.50
34 -0.50
35 1.19
36 1.19
37 0.61
38 0.61
39 0.33
40 0.33
41 0.72
42 0.72
43 -0.93
44 -0.93
45 0.74
46 0.74
47 -2.13
48 -2.13
49 -0.42
50 -0.42
51 -0.83
52 -0.83
53 -0.94
54 -0.94
55 -1.19
56 -1.19
57 0.88
58 0.88
59 -0.78
60 -0.78
61 0.38
62 0.38
63 -1.05
64 -1.05
65 -3.09
66 -3.09
67 1.15
68 1.15
69 -1.50
70 -1.50
71 -0.71
72 -0.71
73 -0.55
74 -0.55
75 -1.07
76 -1.07
77 1.14
78 1.14
79 -1.73
80 -1.73
81 -0.32
82 -0.32
83 -3.43
84 -3.43
85 -1.99
86 -1.99
87 -0.23
88 -0.23
89 -2.94
90 -2.94
91 -2.31
92 -2.31
93 -0.49
94 -0.49
95 -0.75
96 -0.75
97 -2.51
98 -2.51
99 -0.26
100 -0.26
101 -1.03
102 -1.03
