1 0.07
2 0.07
3 0.05
4 0.05
5 0.02
6 0.02
7 0.06
8 0.06
9 0.03
10 0.03
11 0.03
12 0.03
13 0.11
14 0.11
15 0.05
16 0.05
17 0.07
18 0.07
19 0.09
20 0.09
21 0.00
22 0.00
23 0.01
24 0.01
25 0.06
26 0.06
27 0.00
28 0.00
29 0.03
30 0.03
31 0.01
32 0.01
33 0.06
34 0.06
35 0.06
36 0.06
37 0.03
38 0.03
39 0.05
40 0.05
41 0.02
42 0.02
43 0.13
44 0.13
45 0.09
46 0.09
47 0.04
48 0.04
49 0.06
50 0.06
51 0.03
52 0.03
53 0.02
54 0.02
55 0.05
56 0.05
57 0.04
58 0.04
59 0.04
60 0.04
61 0.05
62 0.05
63 -0.02
64 -0.02
65 0.09
66 0.09
67 0.09
68 0.09
69 0.04
70 0.04
71 0.08
72 0.08
73 0.04
74 0.04
75 0.04
76 0.04
77 -0.03
78 -0.03
79 0.07
80 0.07
81 0.12
82 0.12
83 0.04
84 0.04
85 0.09
86 0.09
87 0.04
88 0.04
89 0.05
90 0.05
91 0.03
92 0.03
93 0.09
94 0.09
95 0.05
96 0.05
97 0.04
98 0.04
99 0.05
100 0.05
101 0.04
102 0.04
