1 0.35
2 0.35
3 0.79
4 0.79
5 0.36
6 0.36
7 -0.23
8 -0.23
9 0.78
10 0.78
11 0.12
12 0.12
13 0.26
14 0.26
15 0.11
16 0.11
17 0.64
18 0.64
19 0.30
20 0.30
21 -0.29
22 -0.29
23 -0.06
24 -0.06
25 -0.32
26 -0.32
27 0.04
28 0.04
29 0.42
30 0.42
31 0.60
32 0.60
33 0.83
34 0.83
35 0.57
36 0.57
37 -0.26
38 -0.26
39 0.25
40 0.25
41 0.17
42 0.17
43 0.28
44 0.28
45 -0.55
46 -0.55
47 1.03
48 1.03
49 -0.04
50 -0.04
51 0.81
52 0.81
53 0.73
54 0.73
55 -0.03
56 -0.03
57 0.89
58 0.89
59 0.56
60 0.56
61 0.83
62 0.83
63 -0.21
64 -0.21
65 -0.29
66 -0.29
67 0.41
68 0.41
69 -0.30
70 -0.30
71 0.81
72 0.81
73 0.44
74 0.44
75 1.43
76 1.43
77 0.33
78 0.33
79 -0.47
80 -0.47
81 -0.47
82 -0.47
83 0.19
84 0.19
85 0.38
86 0.38
87 -1.06
88 -1.06
89 0.16
90 0.16
91 -0.24
92 -0.24
93 0.64
94 0.64
95 1.08
96 1.08
97 2.03
98 2.03
99 -0.57
100 -0.57
101 0.50
102 0.50
