1	175.81
2	164.99
3	151.93
4	158.82
5	160.40
6	165.77
7	155.95
8	163.22
9	168.67
10	171.69
11	160.27
12	171.47
13	161.73
14	156.61
15	168.08
16	173.04
17	156.31
18	166.17
19	168.97
20	165.46
21	161.36
22	164.14
23	166.32
24	191.49
25	169.79
26	168.33
27	169.24
28	178.55
29	182.19
30	159.92
31	154.25
32	165.00
33	169.88
34	168.29
35	166.34
36	162.66
37	165.96
38	162.14
39	171.18
40	156.07
41	169.07
42	156.18
43	172.51
44	170.92
45	157.74
46	161.27
47	155.00
48	173.71
49	175.44
50	161.37
51	169.28
