1	-4.79
2	3.68
3	9.40
4	-0.79
5	24.63
6	-16.47
7	-24.84
8	15.96
9	12.53
10	19.33
11	2.10
12	8.28
13	7.77
14	-14.43
15	35.28
16	-22.84
17	32.06
18	-11.00
19	13.10
20	8.01
21	-24.87
22	-45.40
23	8.34
24	-11.48
25	-19.90
26	-20.15
27	-18.94
28	-11.85
29	18.70
30	-14.71
31	33.11
32	-15.09
33	-5.85
34	-1.97
35	1.76
36	-9.93
37	-30.82
38	-21.09
39	10.13
40	11.31
41	0.61
42	11.88
43	-7.35
44	2.74
45	3.89
46	-15.08
47	-21.04
48	10.71
49	11.78
50	4.21
51	-6.01
52	-11.84
53	-11.21
54	-8.65
55	-15.82
56	21.97
57	11.77
58	-8.32
59	-12.28
60	-12.93
61	4.06
62	23.68
63	-11.30
64	16.07
65	-0.03
66	-10.72
67	2.51
68	-31.62
69	20.25
70	22.66
71	16.47
72	45.51
73	-18.35
74	22.27
75	-1.29
76	15.82
77	11.31
78	11.11
79	18.27
80	19.54
81	-8.60
82	2.18
83	-4.41
84	9.73
85	35.86
86	-3.62
87	-13.10
88	-35.84
89	-16.45
90	-12.64
91	-27.86
92	-15.19
93	14.87
94	13.04
95	22.96
96	-6.22
97	11.24
98	1.53
99	-9.40
100	-15.03
101	17.25
