1	-0.30
2	2.94
3	1.14
4	-1.82
5	-0.67
6	2.67
7	2.48
8	-1.21
9	-2.23
10	-1.66
11	1.87
12	2.11
13	-0.06
14	3.40
15	-2.36
16	4.93
17	-2.23
18	4.07
19	1.87
20	1.12
21	4.36
22	2.78
23	1.60
24	0.99
25	0.32
26	1.69
27	-1.11
28	1.61
29	-2.36
30	1.53
31	-0.81
32	1.98
33	0.41
34	0.23
35	0.87
36	1.88
37	2.12
38	1.36
39	-0.21
40	2.66
41	1.62
42	-0.27
43	-0.18
44	1.30
45	4.91
46	-1.21
47	2.63
48	0.48
49	0.40
50	-0.67
51	0.02
52	1.86
53	1.66
54	1.72
55	-2.68
56	2.14
57	0.91
58	0.75
59	2.74
60	2.00
61	0.95
62	-2.15
63	3.04
64	-1.04
65	0.80
66	2.65
67	1.63
68	-1.70
69	-0.84
70	1.33
71	0.40
72	2.01
73	1.37
74	-1.79
75	1.88
76	1.32
77	-1.96
78	-0.26
79	1.13
80	-1.72
81	-0.20
82	-0.52
83	0.35
84	-0.75
85	1.24
86	-0.63
87	-2.31
88	-0.84
89	-1.33
90	2.59
91	-1.10
92	-1.51
93	-1.22
94	0.32
95	1.72
96	1.06
97	-1.89
98	3.94
99	0.21
100	1.66
101	-0.80
