1	173.90
2	175.69
3	172.16
4	173.70
5	174.74
6	175.82
7	173.20
8	175.69
9	174.65
10	175.08
11	172.76
12	173.57
13	173.37
14	174.31
15	174.43
16	174.76
17	173.55
18	175.86
19	173.70
20	173.18
21	175.10
22	174.39
23	173.01
24	176.84
25	174.47
26	172.65
27	172.74
28	175.19
29	173.87
30	174.18
31	174.43
32	174.72
33	174.54
34	175.36
35	174.87
36	175.14
37	174.44
38	175.87
39	175.50
40	173.91
41	175.58
42	174.63
43	174.46
44	173.91
45	174.12
46	173.48
47	175.98
48	174.24
49	174.50
50	176.78
51	173.32
