1	155.56
2	155.28
3	155.70
4	154.49
5	156.21
6	153.05
7	153.76
8	155.45
9	155.04
10	153.67
11	154.02
12	154.49
13	154.59
14	155.66
15	152.86
16	152.41
17	153.63
18	154.42
19	153.88
20	156.07
21	155.20
22	153.45
23	154.05
24	153.66
25	155.93
26	150.96
27	154.69
28	154.58
29	154.93
30	156.63
31	154.79
32	155.05
33	156.25
34	155.71
35	156.82
36	154.55
37	151.34
38	155.06
39	156.91
40	155.84
41	155.20
42	154.96
43	153.64
44	156.34
45	153.40
46	155.66
47	156.49
48	154.73
49	153.84
50	154.86
51	153.73
