1 31.96
2 31.96
3 38.49
4 38.49
5 33.06
6 33.06
7 27.94
8 27.94
9 34.41
10 34.41
11 29.98
12 29.98
13 32.83
14 32.83
15 34.30
16 34.30
17 33.82
18 33.82
19 35.31
20 35.31
21 28.35
22 28.35
23 33.97
24 33.97
25 16.45
26 16.45
27 33.66
28 33.66
29 29.99
30 29.99
31 28.36
32 28.36
33 33.62
34 33.62
35 25.03
36 25.03
37 20.59
38 20.59
39 27.21
40 27.21
41 35.96
42 35.96
43 25.10
44 25.10
45 23.18
46 23.18
47 30.97
48 30.97
49 35.38
50 35.38
51 21.27
52 21.27
53 27.86
54 27.86
55 28.40
56 28.40
57 32.15
58 32.15
59 33.43
60 33.43
61 32.15
62 32.15
63 36.55
64 36.55
65 36.22
66 36.22
67 38.59
68 38.59
69 30.77
70 30.77
71 38.08
72 38.08
73 32.95
74 32.95
75 25.93
76 25.93
77 22.03
78 22.03
79 22.91
80 22.91
81 27.36
82 27.36
83 18.60
84 18.60
85 35.85
86 35.85
87 37.10
88 37.10
89 24.10
90 24.10
91 27.11
92 27.11
93 26.00
94 26.00
95 36.74
96 36.74
97 24.87
98 24.87
99 31.89
100 31.89
101 26.41
102 26.41
