1	163.41
2	162.70
3	162.12
4	162.10
5	165.80
6	162.65
7	163.32
8	161.12
9	163.36
10	160.78
11	160.32
12	163.13
13	163.84
14	160.08
15	162.18
16	163.64
17	161.34
18	162.79
19	161.91
20	157.75
21	161.47
22	162.45
23	162.82
24	163.67
25	162.40
26	160.98
27	160.43
28	163.33
29	161.76
30	161.88
31	159.09
32	161.00
33	163.13
34	163.21
35	160.48
36	162.04
37	162.57
38	161.94
39	165.15
40	159.10
41	161.22
42	163.38
43	162.91
44	163.32
45	161.92
46	162.36
47	156.18
48	161.81
49	159.52
50	162.86
51	160.78
