1	164.08
2	159.83
3	178.51
4	164.11
5	168.09
6	160.25
7	159.96
8	165.49
9	182.97
10	155.56
11	167.78
12	175.44
13	163.42
14	166.32
15	167.70
16	147.36
17	172.63
18	156.83
19	160.64
20	170.19
21	166.03
22	190.98
23	174.77
24	166.88
25	153.05
26	174.79
27	176.97
28	171.15
29	155.24
30	173.25
31	141.62
32	181.1
33	168.45
34	172.83
35	178.78
36	172.21
37	189.02
38	176.53
39	177.19
40	173.33
41	175.29
42	181.11
43	175.43
44	160.84
45	166.41
46	171.56
47	168.57
48	163.33
49	173.96
50	172.44
51	171.19
