1	-0.04
2	0.19
3	-0.06
4	-0.08
5	0.15
6	-0.33
7	-0.04
8	-0.11
9	0.25
10	-0.23
11	-0.16
12	0.17
13	0.06
14	-0.47
15	0.03
16	-0.14
17	0.46
18	-0.42
19	0.08
20	0.01
21	-0.23
22	-0.12
23	0.17
24	0.07
25	-0.29
26	0.02
27	-0.29
28	0.13
29	-0.30
30	0.00
31	-0.08
32	-0.14
33	-0.22
34	-0.05
35	-0.20
36	0.15
37	-0.26
38	-0.02
39	0.00
40	-0.15
41	-0.27
42	-0.09
43	0.42
44	0.18
45	-0.22
46	-0.57
47	-0.03
48	0.03
49	0.12
50	-0.33
51	0.27
52	-0.20
53	0.34
54	-0.13
55	0.05
56	-0.08
57	-0.09
58	-0.47
59	-0.45
60	-0.29
61	-0.15
62	-0.10
63	0.07
64	-0.19
65	-0.26
66	0.09
67	-0.16
68	-0.19
69	0.11
70	-0.09
71	-0.08
72	-0.05
73	-0.42
74	0.45
75	0.08
76	-0.19
77	-0.02
78	0.09
79	-0.62
80	0.01
81	-0.06
82	-0.09
83	0.18
84	-0.06
85	-0.12
86	0.01
87	0.10
88	-0.47
89	0.13
90	0.20
91	-0.10
92	0.11
93	0.26
94	-0.12
95	-0.12
96	-0.07
97	0.36
98	-0.42
99	-0.07
100	-0.07
101	0.22
