1 3.40
2 3.40
3 2.95
4 2.95
5 2.69
6 2.69
7 3.26
8 3.26
9 3.21
10 3.21
11 3.84
12 3.84
13 3.95
14 3.95
15 3.47
16 3.47
17 3.46
18 3.46
19 3.19
20 3.19
21 2.82
22 2.82
23 3.50
24 3.50
25 2.90
26 2.90
27 3.60
28 3.60
29 3.32
30 3.32
31 4.06
32 4.06
33 3.53
34 3.53
35 2.66
36 2.66
37 3.20
38 3.20
39 3.30
40 3.30
41 3.42
42 3.42
43 3.68
44 3.68
45 3.49
46 3.49
47 3.16
48 3.16
49 3.77
50 3.77
51 3.25
52 3.25
53 2.94
54 2.94
55 3.32
56 3.32
57 3.58
58 3.58
59 3.08
60 3.08
61 2.91
62 2.91
63 3.97
64 3.97
65 3.21
66 3.21
67 2.51
68 2.51
69 3.40
70 3.40
71 3.36
72 3.36
73 3.26
74 3.26
75 3.69
76 3.69
77 2.97
78 2.97
79 4.20
80 4.20
81 2.78
82 2.78
83 3.26
84 3.26
85 2.90
86 2.90
87 3.72
88 3.72
89 3.33
90 3.33
91 3.34
92 3.34
93 3.59
94 3.59
95 2.84
96 2.84
97 3.30
98 3.30
99 4.14
100 4.14
101 3.04
102 3.04
