1 -3.83
2 -3.83
3 27.82
4 27.82
5 26.68
6 26.68
7 6.28
8 6.28
9 17.38
10 17.38
11 0.73
12 0.73
13 -1.62
14 -1.62
15 2.54
16 2.54
17 15.24
18 15.24
19 2.11
20 2.11
21 9.76
22 9.76
23 -1.07
24 -1.07
25 14.95
26 14.95
27 1.99
28 1.99
29 13.51
30 13.51
31 -11.86
32 -11.86
33 1.70
34 1.70
35 23.15
36 23.15
37 15.03
38 15.03
39 19.77
40 19.77
41 5.28
42 5.28
43 4.31
44 4.31
45 5.63
46 5.63
47 -0.16
48 -0.16
49 -5.36
50 -5.36
51 15.31
52 15.31
53 20.36
54 20.36
55 14.24
56 14.24
57 -1.40
58 -1.40
59 12.62
60 12.62
61 24.45
62 24.45
63 -10.34
64 -10.34
65 4.32
66 4.32
67 18.34
68 18.34
69 8.40
70 8.40
71 15.44
72 15.44
73 6.19
74 6.19
75 -7.04
76 -7.04
77 20.40
78 20.40
79 -7.59
80 -7.59
81 15.27
82 15.27
83 13.82
84 13.82
85 13.97
86 13.97
87 -2.44
88 -2.44
89 11.63
90 11.63
91 12.44
92 12.44
93 12.71
94 12.71
95 17.95
96 17.95
97 13.72
98 13.72
99 -8.41
100 -8.41
101 3.09
102 3.09
