1 -1.25
2 -1.25
3 -0.39
4 -0.39
5 -0.90
6 -0.90
7 -2.87
8 -2.87
9 -3.24
10 -3.24
11 -4.00
12 -4.00
13 -4.05
14 -4.05
15 -1.04
16 -1.04
17 -1.11
18 -1.11
19 -3.16
20 -3.16
21 -0.36
22 -0.36
23 -2.88
24 -2.88
25 0.65
26 0.65
27 -0.86
28 -0.86
29 -0.28
30 -0.28
31 -2.36
32 -2.36
33 -2.64
34 -2.64
35 -0.40
36 -0.40
37 0.02
38 0.02
39 -1.43
40 -1.43
41 -0.70
42 -0.70
43 -3.86
44 -3.86
45 0.14
46 0.14
47 0.81
48 0.81
49 -2.81
50 -2.81
51 -1.91
52 -1.91
53 -3.45
54 -3.45
55 0.47
56 0.47
57 -1.35
58 -1.35
59 -3.34
60 -3.34
61 -1.15
62 -1.15
63 -2.95
64 -2.95
65 -3.79
66 -3.79
67 2.20
68 2.20
69 -1.30
70 -1.30
71 -2.12
72 -2.12
73 -2.66
74 -2.66
75 -2.04
76 -2.04
77 1.24
78 1.24
79 -2.11
80 -2.11
81 1.83
82 1.83
83 2.61
84 2.61
85 2.36
86 2.36
87 -1.93
88 -1.93
89 -3.14
90 -3.14
91 -2.43
92 -2.43
93 -1.36
94 -1.36
95 -2.08
96 -2.08
97 0.36
98 0.36
99 -3.68
100 -3.68
101 -0.77
102 -0.77
