1 38.49
2 38.49
3 34.34
4 34.34
5 26.33
6 26.33
7 32.57
8 32.57
9 35.43
10 35.43
11 38.95
12 38.95
13 40.80
14 40.80
15 37.44
16 37.44
17 35.13
18 35.13
19 30.16
20 30.16
21 27.30
22 27.30
23 34.82
24 34.82
25 29.46
26 29.46
27 33.31
28 33.31
29 35.45
30 35.45
31 36.90
32 36.90
33 31.68
34 31.68
35 24.73
36 24.73
37 36.20
38 36.20
39 33.33
40 33.33
41 33.32
42 33.32
43 37.10
44 37.10
45 40.94
46 40.94
47 31.72
48 31.72
49 36.84
50 36.84
51 27.77
52 27.77
53 33.36
54 33.36
55 35.18
56 35.18
57 33.59
58 33.59
59 29.17
60 29.17
61 35.22
62 35.22
63 38.34
64 38.34
65 36.20
66 36.20
67 25.27
68 25.27
69 34.55
70 34.55
71 38.23
72 38.23
73 34.05
74 34.05
75 36.50
76 36.50
77 31.08
78 31.08
79 41.41
80 41.41
81 28.47
82 28.47
83 30.24
84 30.24
85 24.59
86 24.59
87 36.65
88 36.65
89 33.03
90 33.03
91 27.25
92 27.25
93 30.01
94 30.01
95 29.21
96 29.21
97 34.56
98 34.56
99 40.07
100 40.07
101 28.47
102 28.47
