1	247.16
2	221.79
3	258.9
4	263.05
5	265.83
6	291.68
7	270.02
8	237.18
9	279.32
10	230.31
11	245.51
12	272.14
13	235.03
14	241.02
15	249.5
16	268.52
17	293.17
18	219.36
19	286.52
20	260.32
21	272.38
22	281.98
23	274.71
24	284
25	267.21
26	275.56
27	281.83
28	266.07
29	249.21
30	246.05
31	237.01
32	220.38
33	254.41
34	251.66
35	248.58
36	289.21
37	274.84
38	280.62
39	273.53
40	257.22
41	267.68
42	291.58
43	244.06
44	262.4
45	288.7
46	263.31
47	268.32
48	282.31
49	267.18
50	269.55
51	238.35
52	303.32
53	254.72
54	284.46
55	268.26
56	261.84
57	293.19
58	267.63
59	244.82
60	254.26
61	252
62	271.52
63	239.47
64	231.71
65	283.6
66	245.13
67	254.86
68	246.39
69	273.79
70	278.33
71	251.45
72	246.78
73	250.01
74	259.11
75	264.32
76	264.13
77	258.81
78	245.2
79	241.37
80	253.27
81	254.62
82	235.89
83	232.67
84	297.57
85	220.41
86	283.51
87	273.43
88	234.56
89	228.38
90	237.33
91	250.64
92	279.89
93	217.7
94	261.84
95	287.96
96	229.01
97	272.57
98	262.69
99	270.03
100	262.13
101	272.69
