1 -0.53
2 -0.53
3 -0.51
4 -0.51
5 -0.50
6 -0.50
7 -0.53
8 -0.53
9 -0.55
10 -0.55
11 -0.54
12 -0.54
13 -0.58
14 -0.58
15 -0.58
16 -0.58
17 -0.53
18 -0.53
19 -0.62
20 -0.62
21 -0.55
22 -0.55
23 -0.64
24 -0.64
25 -0.51
26 -0.51
27 -0.49
28 -0.49
29 -0.53
30 -0.53
31 -0.52
32 -0.52
33 -0.51
34 -0.51
35 -0.49
36 -0.49
37 -0.58
38 -0.58
39 -0.50
40 -0.50
41 -0.54
42 -0.54
43 -0.50
44 -0.50
45 -0.49
46 -0.49
47 -0.61
48 -0.61
49 -0.58
50 -0.58
51 -0.53
52 -0.53
53 -0.48
54 -0.48
55 -0.44
56 -0.44
57 -0.55
58 -0.55
59 -0.54
60 -0.54
61 -0.54
62 -0.54
63 -0.61
64 -0.61
65 -0.51
66 -0.51
67 -0.55
68 -0.55
69 -0.44
70 -0.44
71 -0.51
72 -0.51
73 -0.54
74 -0.54
75 -0.47
76 -0.47
77 -0.50
78 -0.50
79 -0.50
80 -0.50
81 -0.54
82 -0.54
83 -0.55
84 -0.55
85 -0.57
86 -0.57
87 -0.49
88 -0.49
89 -0.46
90 -0.46
91 -0.56
92 -0.56
93 -0.54
94 -0.54
95 -0.50
96 -0.50
97 -0.56
98 -0.56
99 -0.48
100 -0.48
101 -0.55
102 -0.55
