1 0.80
2 0.80
3 0.75
4 0.75
5 0.78
6 0.78
7 0.78
8 0.78
9 0.76
10 0.76
11 0.80
12 0.80
13 0.78
14 0.78
15 0.80
16 0.80
17 0.80
18 0.80
19 0.80
20 0.80
21 0.78
22 0.78
23 0.75
24 0.75
25 0.78
26 0.78
27 0.83
28 0.83
29 0.79
30 0.79
31 0.80
32 0.80
33 0.77
34 0.77
35 0.79
36 0.79
37 0.80
38 0.80
39 0.81
40 0.81
41 0.83
42 0.83
43 0.81
44 0.81
45 0.80
46 0.80
47 0.79
48 0.79
49 0.79
50 0.79
51 0.81
52 0.81
53 0.79
54 0.79
55 0.82
56 0.82
57 0.80
58 0.80
59 0.80
60 0.80
61 0.79
62 0.79
63 0.80
64 0.80
65 0.78
66 0.78
67 0.78
68 0.78
69 0.83
70 0.83
71 0.76
72 0.76
73 0.82
74 0.82
75 0.81
76 0.81
77 0.78
78 0.78
79 0.80
80 0.80
81 0.78
82 0.78
83 0.77
84 0.77
85 0.80
86 0.80
87 0.78
88 0.78
89 0.79
90 0.79
91 0.77
92 0.77
93 0.84
94 0.84
95 0.81
96 0.81
97 0.81
98 0.81
99 0.78
100 0.78
101 0.80
102 0.80
