1 38.93
2 38.93
3 38.12
4 38.12
5 39.14
6 39.14
7 38.95
8 38.95
9 38.17
10 38.17
11 39.01
12 39.01
13 38.88
14 38.88
15 38.81
16 38.81
17 38.73
18 38.73
19 38.40
20 38.40
21 38.63
22 38.63
23 37.79
24 37.79
25 38.61
26 38.61
27 39.41
28 39.41
29 38.87
30 38.87
31 39.37
32 39.37
33 38.47
34 38.47
35 38.98
36 38.98
37 38.30
38 38.30
39 39.69
40 39.69
41 38.95
42 38.95
43 39.38
44 39.38
45 39.50
46 39.50
47 38.27
48 38.27
49 38.60
50 38.60
51 38.96
52 38.96
53 39.14
54 39.14
55 39.22
56 39.22
57 38.89
58 38.89
59 39.12
60 39.12
61 38.92
62 38.92
63 37.89
64 37.89
65 38.86
66 38.86
67 38.70
68 38.70
69 38.60
70 38.60
71 38.59
72 38.59
73 39.49
74 39.49
75 38.76
76 38.76
77 38.24
78 38.24
79 39.18
80 39.18
81 39.03
82 39.03
83 37.89
84 37.89
85 39.07
86 39.07
87 38.86
88 38.86
89 38.48
90 38.48
91 38.06
92 38.06
93 39.20
94 39.20
95 39.60
96 39.60
97 39.13
98 39.13
99 38.71
100 38.71
101 38.14
102 38.14
