1	149.52
2	150.47
3	148.68
4	151.44
5	151.94
6	150.07
7	149.67
8	146.78
9	152.23
10	150.34
11	150.41
12	149.28
13	147.94
14	151.53
15	152.47
16	150.10
17	146.26
18	152.22
19	151.62
20	152.36
21	151.73
22	148.27
23	156.01
24	147.47
25	155.48
26	153.79
27	150.64
28	150.66
29	150.50
30	154.43
31	146.33
32	150.29
33	155.27
34	147.80
35	150.35
36	149.09
37	148.38
38	145.72
39	152.53
40	145.75
41	149.07
42	149.43
43	151.90
44	150.23
45	149.80
46	146.33
47	155.43
48	152.10
49	151.54
50	150.45
51	149.42
