1	251.46
2	252.25
3	241.37
4	244.86
5	268.01
6	272.27
7	264.16
8	260.84
9	251.21
10	277.98
11	310.07
12	265.71
13	279.52
14	286.24
15	258.62
16	259.45
17	283.77
18	287.82
19	279.66
20	244.21
21	275.54
22	271.94
23	239.87
24	220.63
25	269.01
26	262.92
27	276.54
28	293.03
29	224.7
30	252.55
31	278.27
32	230.45
33	241.54
34	249.87
35	238.83
36	272.96
37	267.44
38	250.58
39	280.42
40	263.91
41	250.65
42	259.73
43	251.68
44	266.39
45	287.35
46	281.78
47	270.57
48	255.56
49	259.92
50	259.01
51	284.22
