1	165.72
2	170.07
3	174.81
4	175.29
5	128.97
6	177.13
7	156.13
8	164.80
9	156.47
10	169.69
11	124.44
12	143.01
13	172.48
14	155.82
15	155.28
16	168.28
17	171.17
18	154.50
19	155.27
20	182.69
21	163.07
22	168.43
23	160.46
24	156.36
25	161.56
26	189.65
27	159.67
28	171.23
29	159.13
30	178.78
31	163.61
32	167.64
33	182.17
34	171.36
35	159.35
36	169.47
37	168.99
38	173.47
39	162.46
40	133.99
41	142.59
42	148.74
43	183.85
44	136.51
45	171.14
46	154.03
47	166.63
48	183.4
49	168.29
50	171.03
51	152.92
52	156.82
53	178.20
54	181.12
55	155.02
56	160.35
57	172.60
58	143.44
59	132.98
60	163.20
61	149.38
62	147.78
63	150.03
64	166.33
65	169.60
66	137.32
67	179.46
68	165.92
69	184.43
70	148.02
71	195.22
72	170.79
73	177.99
74	144.61
75	194.16
76	164.08
77	143.16
78	151.75
79	147.33
80	94.99
81	170.72
82	168.66
83	169.59
84	140.58
85	169.12
86	153.56
87	162.44
88	150.63
89	174.33
90	150.37
91	175.68
92	162.75
93	153.84
94	184.62
95	147.76
96	163.17
97	162.98
98	163.66
99	169.54
100	135.11
101	173.23
