1	243.97
2	261.17
3	285.77
4	302.29
5	292.49
6	284.78
7	283.57
8	278.33
9	260.47
10	308.4
11	248.48
12	283.29
13	313.07
14	341.54
15	286.27
16	313.56
17	254.99
18	288.95
19	247.54
20	256.69
21	290.83
22	272.05
23	266.59
24	259.46
25	306.81
26	239.31
27	249.08
28	272.49
29	297.11
30	299.43
31	308.99
32	268.54
33	278.71
34	265.55
35	288.66
36	263.85
37	251.77
38	305.43
39	261.78
40	259.79
41	299.14
42	270.74
43	213.49
44	264.73
45	280.77
46	283.9
47	323.11
48	240.16
49	247.19
50	202.66
51	NaN
52	325.08
53	295.01
54	248.88
55	313.46
56	256.24
57	281.38
58	303.01
59	293.78
60	268.63
61	309.88
62	279.71
63	312.22
64	293.05
65	333.39
66	294.55
67	326.51
68	312.08
69	293.4
70	274.88
71	275.42
72	320.54
73	251.76
74	229.12
75	335.02
76	295.38
77	287.13
78	260.44
79	299.44
80	262.42
81	261.87
82	306.58
83	300.11
84	298.03
85	299.69
86	267.94
87	307.28
88	290.94
89	294.88
90	235.47
91	307.58
92	282.52
93	285.88
94	261.18
95	259.18
96	160.91
97	291.45
98	272.74
99	249.51
100	278.45
101	286.91
