1 -0.32
2 -0.32
3 -0.85
4 -0.85
5 -0.53
6 -0.53
7 -0.81
8 -0.81
9 -0.48
10 -0.48
11 -0.40
12 -0.40
13 -0.69
14 -0.69
15 -0.66
16 -0.66
17 -0.64
18 -0.64
19 -0.58
20 -0.58
21 -0.62
22 -0.62
23 -1.01
24 -1.01
25 -1.77
26 -1.77
27 -0.76
28 -0.76
29 -0.64
30 -0.64
31 -1.05
32 -1.05
33 -0.75
34 -0.75
35 -1.23
36 -1.23
37 -0.88
38 -0.88
39 -0.74
40 -0.74
41 -0.84
42 -0.84
43 -0.67
44 -0.67
45 -1.38
46 -1.38
47 -1.14
48 -1.14
49 -0.60
50 -0.60
51 -1.22
52 -1.22
53 -0.96
54 -0.96
55 -0.50
56 -0.50
57 -0.85
58 -0.85
59 -0.90
60 -0.90
61 -0.62
62 -0.62
63 -0.60
64 -0.60
65 -0.82
66 -0.82
67 -0.83
68 -0.83
69 -0.70
70 -0.70
71 -1.19
72 -1.19
73 -0.35
74 -0.35
75 -0.69
76 -0.69
77 -0.77
78 -0.77
79 -0.46
80 -0.46
81 -0.49
82 -0.49
83 -0.82
84 -0.82
85 -0.35
86 -0.35
87 -0.80
88 -0.80
89 -0.46
90 -0.46
91 -0.78
92 -0.78
93 -0.90
94 -0.90
95 -0.54
96 -0.54
97 -1.16
98 -1.16
99 -0.58
100 -0.58
101 -0.65
102 -0.65
