1 -1.29
2 -1.29
3 -4.78
4 -4.78
5 -1.41
6 -1.41
7 -3.69
8 -3.69
9 -4.39
10 -4.39
11 -2.40
12 -2.40
13 -2.10
14 -2.10
15 -3.93
16 -3.93
17 -0.81
18 -0.81
19 1.01
20 1.01
21 -2.74
22 -2.74
23 -3.61
24 -3.61
25 -1.52
26 -1.52
27 -1.61
28 -1.61
29 -4.67
30 -4.67
31 -4.07
32 -4.07
33 -2.72
34 -2.72
35 -2.66
36 -2.66
37 -0.82
38 -0.82
39 -3.94
40 -3.94
41 -3.29
42 -3.29
43 -6.84
44 -6.84
45 -3.42
46 -3.42
47 -3.91
48 -3.91
49 -0.25
50 -0.25
51 -2.75
52 -2.75
53 -3.52
54 -3.52
55 -1.32
56 -1.32
57 -2.74
58 -2.74
59 -3.09
60 -3.09
61 1.64
62 1.64
63 -0.41
64 -0.41
65 -2.83
66 -2.83
67 -6.15
68 -6.15
69 -3.68
70 -3.68
71 -1.48
72 -1.48
73 -2.36
74 -2.36
75 -3.23
76 -3.23
77 -3.49
78 -3.49
79 -1.83
80 -1.83
81 -5.53
82 -5.53
83 -6.02
84 -6.02
85 -2.18
86 -2.18
87 -0.39
88 -0.39
89 -2.24
90 -2.24
91 -4.57
92 -4.57
93 -4.97
94 -4.97
95 -3.79
96 -3.79
97 -3.52
98 -3.52
99 -1.07
100 -1.07
101 -2.99
102 -2.99
