1 3.23
2 3.23
3 3.25
4 3.25
5 3.21
6 3.21
7 3.29
8 3.29
9 3.31
10 3.31
11 3.14
12 3.14
13 3.17
14 3.17
15 3.29
16 3.29
17 3.20
18 3.20
19 3.19
20 3.19
21 3.34
22 3.34
23 3.18
24 3.18
25 3.23
26 3.23
27 3.36
28 3.36
29 3.27
30 3.27
31 3.26
32 3.26
33 3.33
34 3.33
35 3.23
36 3.23
37 3.23
38 3.23
39 3.33
40 3.33
41 3.18
42 3.18
43 3.23
44 3.23
45 3.32
46 3.32
47 3.26
48 3.26
49 3.20
50 3.20
51 3.38
52 3.38
53 3.23
54 3.23
55 3.30
56 3.30
57 3.31
58 3.31
59 3.22
60 3.22
61 3.23
62 3.23
63 3.26
64 3.26
65 3.22
66 3.22
67 3.21
68 3.21
69 3.27
70 3.27
71 3.23
72 3.23
73 3.26
74 3.26
75 3.25
76 3.25
77 3.26
78 3.26
79 3.29
80 3.29
81 3.31
82 3.31
83 3.38
84 3.38
85 3.29
86 3.29
87 3.35
88 3.35
89 3.28
90 3.28
91 3.31
92 3.31
93 3.18
94 3.18
95 3.26
96 3.26
97 3.30
98 3.30
99 3.30
100 3.30
101 3.27
102 3.27
