1	0.01
2	-0.90
3	-0.93
4	-1.05
5	-1.50
6	-1.52
7	-1.66
8	-0.91
9	-1.05
10	-0.13
11	-1.17
12	-1.02
13	-0.50
14	-1.58
15	-1.36
16	-1.39
17	-1.39
18	-0.61
19	-1.03
20	-1.30
21	-2.19
22	-1.16
23	-1.84
24	-0.95
25	-1.92
26	-1.69
27	-0.78
28	-0.83
29	-1.49
30	-1.06
31	-0.36
32	-1.06
33	-1.86
34	-0.38
35	-1.27
36	-2.00
37	-1.76
38	-1.29
39	-0.78
40	-1.04
41	-1.23
42	-0.91
43	-0.52
44	-0.79
45	-1.59
46	-1.09
47	-1.90
48	-1.03
49	-1.37
50	-1.72
51	-1.39
52	-1.69
53	-1.92
54	-1.90
55	-1.36
56	-0.69
57	-1.49
58	-1.10
59	-0.68
60	-1.34
61	-1.37
62	-2.24
63	-0.38
64	-0.63
65	-1.20
66	-0.65
67	-1.20
68	-1.06
69	-0.69
70	-1.39
71	-1.20
72	-0.72
73	-0.91
74	-0.96
75	-0.76
76	-0.96
77	-0.89
78	-0.86
79	-1.17
80	-1.67
81	-0.31
82	-0.78
83	-0.81
84	-1.41
85	-1.11
86	-0.80
87	-0.57
88	-0.60
89	-1.27
90	-1.12
91	-1.15
92	-0.97
93	-1.48
94	-0.51
95	-1.44
96	-1.11
97	-0.22
98	-0.61
99	-1.61
100	-0.95
101	-0.56
