1	0.03
2	-0.80
3	-0.20
4	0.18
5	-0.21
6	0.30
7	-0.87
8	-0.11
9	0.26
10	0.28
11	-0.70
12	0.35
13	1.28
14	0.22
15	0.19
16	0.66
17	-0.43
18	-0.85
19	-0.68
20	-1.15
21	-0.78
22	-0.92
23	-0.74
24	-0.48
25	-1.08
26	-0.51
27	-0.42
28	-0.21
29	0.01
30	-0.83
31	-0.51
32	0.19
33	-0.47
34	-0.08
35	0.18
36	0.56
37	-0.75
38	-0.75
39	0.00
40	-0.32
41	-0.59
42	-0.10
43	0.01
44	0.01
45	-0.34
46	-0.21
47	-1.04
48	-0.74
49	0.21
50	-0.23
51	0.17
52	-0.39
53	-0.28
54	-1.12
55	-1.01
56	-0.30
57	-1.10
58	-0.41
59	-0.79
60	-0.87
61	-0.75
62	-0.54
63	-0.15
64	-0.29
65	-0.25
66	-0.48
67	-0.50
68	0.16
69	-0.38
70	-0.62
71	-0.90
72	0.07
73	-0.08
74	-0.31
75	-0.06
76	0.32
77	0.54
78	0.03
79	-0.04
80	-0.28
81	-0.15
82	-0.29
83	-0.18
84	-0.09
85	-0.43
86	-0.21
87	-0.07
88	-1.03
89	-0.47
90	0.46
91	-1.32
92	-0.15
93	0.53
94	-0.51
95	0.14
96	-0.77
97	0.10
98	-0.31
99	0.01
100	-0.26
101	-0.30
