1	146.68
2	148.27
3	147.17
4	150.20
5	149.01
6	145.94
7	148.79
8	149.15
9	145.63
10	149.42
11	147.61
12	148.79
13	146.53
14	147.04
15	147.29
16	149.11
17	148.46
18	146.18
19	148.76
20	147.53
21	147.29
22	148.58
23	148.57
24	146.96
25	149.90
26	146.80
27	147.57
28	147.76
29	147.22
30	145.82
31	149.18
32	147.50
33	147.01
34	147.18
35	147.48
36	147.26
37	148.47
38	148.24
39	148.36
40	146.00
41	148.07
42	148.58
43	149.76
44	147.17
45	147.20
46	147.00
47	147.57
48	148.18
49	146.28
50	147.31
51	147.11
