1 0.25
2 0.25
3 0.26
4 0.26
5 0.22
6 0.22
7 0.26
8 0.26
9 0.21
10 0.21
11 0.21
12 0.21
13 0.21
14 0.21
15 0.28
16 0.28
17 0.29
18 0.29
19 0.27
20 0.27
21 0.30
22 0.30
23 0.28
24 0.28
25 0.24
26 0.24
27 0.28
28 0.28
29 0.24
30 0.24
31 0.21
32 0.21
33 0.23
34 0.23
35 0.29
36 0.29
37 0.25
38 0.25
39 0.28
40 0.28
41 0.29
42 0.29
43 0.23
44 0.23
45 0.20
46 0.20
47 0.32
48 0.32
49 0.25
50 0.25
51 0.23
52 0.23
53 0.22
54 0.22
55 0.28
56 0.28
57 0.25
58 0.25
59 0.26
60 0.26
61 0.23
62 0.23
63 0.22
64 0.22
65 0.22
66 0.22
67 0.21
68 0.21
69 0.23
70 0.23
71 0.27
72 0.27
73 0.31
74 0.31
75 0.25
76 0.25
77 0.22
78 0.22
79 0.26
80 0.26
81 0.28
82 0.28
83 0.24
84 0.24
85 0.23
86 0.23
87 0.20
88 0.20
89 0.23
90 0.23
91 0.23
92 0.23
93 0.28
94 0.28
95 0.24
96 0.24
97 0.26
98 0.26
99 0.21
100 0.21
101 0.18
102 0.18
