1	161.78
2	156.35
3	163.45
4	152.37
5	180.64
6	151.14
7	173.84
8	166.73
9	160.72
10	170.46
11	157.28
12	165.16
13	169.25
14	150.86
15	163.03
16	156.53
17	169.68
18	177.49
19	171.73
20	159.13
21	165.43
22	162.70
23	166.42
24	184.38
25	169.92
26	175.27
27	169.07
28	171.61
29	175.65
30	167.52
31	167.29
32	172.92
33	168.28
34	181.73
35	159.08
36	160.18
37	164.12
38	174.22
39	158.73
40	158.27
41	174.61
42	182.94
43	161.10
44	175.14
45	178.85
46	172.71
47	163.83
48	164.99
49	174.25
50	165.89
51	171.89
