1	-25.15
2	-29.79
3	-37.74
4	-50.95
5	54.19
6	-80.08
7	-43.68
8	-59.7
9	-31.63
10	-51.95
11	-94.37
12	-78.66
13	-47.19
14	-51.25
15	-36.56
16	-21.8
17	0.259999999999991
18	-55.48
19	-75.65
20	-70.38
21	-66.24
22	-85.65
23	-22.3
24	-73.87
25	76.54
26	-67.94
27	42.39
28	56.29
29	4.31999999999999
30	-92.84
31	-63.04
32	-24.07
33	16.62
34	-56.62
35	10.94
36	-64.02
37	-73.69
38	48.87
39	-5.94999999999999
40	-34.71
41	-101.36
42	89.17
43	-76.44
44	-38.77
45	-2.71000000000001
46	-40.41
47	-50.53
48	-62.92
49	-52.49
50	-30.8
51	-28.72
52	-49.74
53	-74.45
54	-34.51
55	-64.74
56	-10.16
57	-6.82000000000002
58	-51.71
59	-38.66
60	-59.19
61	-68.64
62	-67.62
63	31.82
64	-48.78
65	-70.38
66	-9.49000000000001
67	-94.1
68	-41.91
69	-79.84
70	40.26
71	-65.13
72	71.37
73	-134.76
74	25.76
75	12.54
76	-30.31
77	-69.68
78	77.34
79	-71.49
80	-80.42
81	0.919999999999987
82	16.76
83	-25.28
84	-90.78
85	40.12
86	-57.14
87	-42.66
88	77.54
89	-69.21
90	-37.78
91	-107.93
92	-40.83
93	20.3
94	-4.38
95	-102.2
96	-77.92
97	-75.31
98	7.04999999999998
99	-62.7
100	-72.64
101	51.38
