1	157.27
2	159.21
3	140.28
4	131.61
5	134.93
6	110.61
7	170.11
8	124.58
9	145.39
10	126.03
11	129.05
12	127.55
13	110.97
14	135.76
15	137.26
16	169.67
17	148.65
18	158.90
19	149.69
20	134.66
21	118.53
22	130.93
23	125.35
24	129.96
25	144.80
26	131.96
27	138.16
28	138.24
29	157.03
30	141.61
31	131.99
32	107.02
33	144.16
34	119.73
35	147.54
36	152.24
37	141.36
38	132.01
39	157.32
40	138.30
41	146.14
42	127.92
43	120.82
44	156.37
45	129.01
46	144.99
47	123.22
48	139.42
49	132.33
50	140.63
51	160.49
52	113.73
53	132.81
54	137.55
55	153.48
56	152.74
57	155.88
58	139.63
59	147.38
60	145.29
61	138.72
62	130.89
63	142.16
64	142.76
65	154.91
66	147.30
67	138.05
68	148.22
69	135.95
70	129.10
71	142.87
72	125.91
73	115.50
74	143.02
75	133.38
76	153.79
77	151.55
78	129.79
79	135.35
80	129.97
81	121.41
82	141.89
83	141.46
84	135.28
85	135.32
86	131.09
87	148.77
88	137.58
89	155.77
90	153.61
91	150.37
92	142.84
93	145.49
94	152.25
95	123.44
96	137.36
97	116.18
98	125.75
99	107.28
100	157.21
101	132.62
