1	143.25
2	143.97
3	146.61
4	147.56
5	146.28
6	146.23
7	147.95
8	145.31
9	149.52
10	146.80
11	150.69
12	143.23
13	147.81
14	143.83
15	143.85
16	150.47
17	147.59
18	145.15
19	145.49
20	146.66
21	144.94
22	148.88
23	147.91
24	144.90
25	147.48
26	148.23
27	146.75
28	145.09
29	149.05
30	146.47
31	151.57
32	146.94
33	145.12
34	150.16
35	145.85
36	144.30
37	144.68
38	150.00
39	150.04
40	148.64
41	145.18
42	146.17
43	147.83
44	150.50
45	147.84
46	149.24
47	143.51
48	145.17
49	148.23
50	149.17
51	146.57
