1	153.14
2	161.24
3	133.31
4	127.24
5	144.38
6	131.70
7	126.48
8	124.91
9	139.70
10	145.03
11	150.71
12	122.78
13	145.61
14	133.12
15	133.86
16	143.45
17	150.40
18	142.72
19	151.97
20	148.87
21	143.94
22	116.45
23	131.01
24	128.28
25	124.50
26	142.17
27	134.58
28	139.49
29	142.72
30	128.96
31	126.61
32	143.01
33	152.33
34	150.68
35	144.47
36	124.67
37	149.25
38	139.91
39	121.71
40	146.27
41	142.72
42	143.55
43	124.36
44	140.26
45	108.55
46	162.70
47	144.10
48	162.94
49	128.29
50	131.49
51	155.87
