1	-93.29
2	-99.07
3	-104.89
4	-100.61
5	-95.83
6	-88.75
7	-94.28
8	-93.18
9	-114.06
10	-100.72
11	-102.14
12	-75.64
13	-90.43
14	-90.72
15	-102.56
16	-103.19
17	-100.41
18	-95.88
19	-98.6
20	-101.31
21	-93.36
22	-100.97
23	-103.46
24	-88.07
25	-101.94
26	-89.52
27	-87.87
28	-90.43
29	-90.89
30	-95.48
31	-97.03
32	-91
33	-85.92
34	-99.21
35	-82.94
36	-91.95
37	-97.75
38	-92.9
39	-100.24
40	-109.99
41	-104.41
42	-96.17
43	-96.75
44	-110.4
45	-96.86
46	-95.5
47	-84.87
48	-94.95
49	-108.38
50	-80.33
51	-93.9
