1	166.21
2	181.01
3	161.64
4	172.36
5	174.97
6	165.79
7	161.11
8	168.64
9	162.47
10	178.09
11	166.52
12	167.65
13	154.41
14	143.95
15	143.72
16	148.69
17	156.44
18	107.48
19	157.60
20	180.09
21	146.97
22	174.23
23	161.93
24	166.97
25	144.65
26	154.78
27	159.33
28	144.21
29	173.25
30	177.25
31	155.12
32	166.44
33	171.14
34	173.24
35	161.01
36	172.21
37	156.06
38	158.30
39	163.66
40	162.05
41	162.01
42	151.67
43	180.32
44	161.21
45	160.06
46	173.70
47	160.69
48	163.14
49	146.79
50	164.16
51	155.02
52	143.53
53	153.17
54	160.04
55	164.00
56	154.29
57	158.84
58	177.10
59	188.95
60	157.45
61	160.39
62	156.83
63	169.29
64	174.81
65	160.57
66	165.61
67	170.61
68	169.49
69	152.88
70	165.44
71	142.61
72	164.89
73	169.69
74	142.88
75	167.31
76	166.87
77	138.68
78	152.96
79	175.79
80	164.94
81	142.57
82	168.37
83	164.31
84	148.36
85	157.50
86	162.42
87	167.08
88	164.15
89	164.89
90	142.24
91	173.38
92	159.02
93	146.14
94	171.12
95	159.39
96	177.38
97	164.55
98	170.35
99	175.93
100	178.44
101	140.73
