1	249.07
2	236.71
3	247.86
4	237.15
5	247.23
6	250.42
7	246.12
8	226.66
9	249.66
10	249.4
11	248.32
12	253.51
13	255.26
14	229.26
15	248.86
16	250.97
17	238.62
18	234.74
19	238.94
20	248.34
21	231.35
22	251.6
23	237.73
24	238.24
25	227.05
26	232.22
27	250.37
28	252.2
29	254.45
30	251.73
31	240.13
32	233.33
33	243.62
34	245.92
35	258.47
36	248.52
37	226.97
38	251.78
39	233.18
40	242.28
41	226.18
42	234.77
43	251.62
44	253.32
45	233.01
46	232.98
47	247.8
48	240.24
49	231.16
50	237.04
51	241.01
52	238.16
53	241.96
54	232.31
55	240.99
56	251.12
57	240.4
58	256.32
59	259.06
60	251.51
61	230.23
62	238.48
63	253.11
64	251.21
65	241.9
66	258.39
67	246.04
68	237.94
69	231.77
70	256.79
71	217.93
72	246.55
73	241.33
74	227.72
75	261.46
76	248.47
77	228.92
78	252.08
79	236.84
80	250.9
81	244.13
82	245.22
83	245.05
84	230.01
85	247.03
86	239.79
87	248.47
88	234.02
89	253.91
90	247.47
91	230.59
92	220.2
93	255.54
94	248.09
95	225.68
96	242.78
97	237.17
98	235.77
99	246.54
100	260.63
101	244.18
