1	192.96
2	177.13
3	201.82
4	186.33
5	184.06
6	226.7
7	198.57
8	168.50
9	205.64
10	190.83
11	196.09
12	205.76
13	202.03
14	201.43
15	200.94
16	207.82
17	199.08
18	200.94
19	189.85
20	184.89
21	187.26
22	188.45
23	182.94
24	200.15
25	192.42
26	205.67
27	205.09
28	222.13
29	199.72
30	183.63
31	198.89
32	180.54
33	187
34	182.85
35	236.6
36	212.73
37	182.02
38	240.49
39	184.37
40	180.69
41	181.29
42	253.83
43	198.02
44	189.38
45	178.81
46	228.85
47	201.93
48	189.23
49	187.03
50	184.97
51	221.8
52	218.7
53	190.85
54	183.01
55	187.85
56	207.63
57	201.42
58	193.19
59	200.81
60	216.71
61	183.31
62	186.95
63	222.28
64	205.24
65	194.96
66	210.03
67	202.75
68	185.36
69	196.25
70	215.71
71	193.69
72	187.24
73	185
74	190.64
75	215.08
76	193.46
77	199
78	221.56
79	177.62
80	216.21
81	218.67
82	182.29
83	192.54
84	191.68
85	204.13
86	183.22
87	198.27
88	188.14
89	215.42
90	204.77
91	177.00
92	187.95
93	194.95
94	225.42
95	182.56
96	179.60
97	186.72
98	184.18
99	181.76
100	204.31
101	201.92
