1	57.64
2	56.81
3	75.95
4	52.46
5	48.96
6	57.71
7	67.73
8	59.88
9	62.91
10	57.23
11	47.49
12	58.50
13	53.12
14	51.23
15	77.39
16	61.28
17	72.89
18	80.48
19	65.45
20	53.77
21	68.78
22	58.51
23	66.69
24	48.34
25	61.24
26	76.29
27	55.78
28	72.88
29	53.91
30	43.97
31	64.82
32	67.11
33	56.82
34	42.07
35	37.39
36	50.40
37	63.67
38	62.31
39	57.39
40	56.65
41	59.77
42	52.01
43	43.68
44	54.80
45	60.33
46	47.01
47	59.69
48	55.86
49	63.71
50	65.14
51	61.31
52	64.38
53	55.44
54	66.53
55	57.30
56	49.15
57	68.92
58	50.17
59	46.12
60	61.59
61	51.85
62	49.27
63	49.05
64	49.56
65	64.84
66	55.77
67	62.13
68	58.41
69	65.49
70	57.19
71	66.76
72	64.04
73	58.50
74	67.35
75	55.24
76	53.26
77	74.56
78	59.61
79	53.38
80	59.29
81	74.02
82	61.36
83	61.69
84	64.42
85	59.32
86	73.47
87	64.93
88	54.34
89	56.46
90	55.67
91	62.19
92	66.70
93	62.67
94	58.74
95	65.21
96	56.06
97	61.35
98	56.60
99	58.56
100	55.86
101	65.83
