1 38.23
2 38.23
3 40.82
4 40.82
5 43.56
6 43.56
7 32.75
8 32.75
9 39.05
10 39.05
11 45.83
12 45.83
13 44.09
14 44.09
15 36.49
16 36.49
17 43.18
18 43.18
19 47.04
20 47.04
21 38.60
22 38.60
23 35.70
24 35.70
25 37.17
26 37.17
27 41.13
28 41.13
29 46.71
30 46.71
31 31.75
32 31.75
33 40.59
34 40.59
35 38.20
36 38.20
37 34.65
38 34.65
39 36.58
40 36.58
41 38.59
42 38.59
43 46.58
44 46.58
45 35.40
46 35.40
47 42.42
48 42.42
49 36.65
50 36.65
51 37.09
52 37.09
53 22.01
54 22.01
55 33.70
56 33.70
57 42.02
58 42.02
59 35.65
60 35.65
61 31.54
62 31.54
63 38.06
64 38.06
65 37.27
66 37.27
67 36.38
68 36.38
69 40.28
70 40.28
71 41.72
72 41.72
73 37.80
74 37.80
75 38.84
76 38.84
77 39.52
78 39.52
79 39.29
80 39.29
81 34.94
82 34.94
83 33.97
84 33.97
85 27.13
86 27.13
87 37.18
88 37.18
89 40.32
90 40.32
91 31.57
92 31.57
93 38.36
94 38.36
95 32.01
96 32.01
97 38.72
98 38.72
99 38.23
100 38.23
101 15.11
102 15.11
