1	157.25
2	175.26
3	185.07
4	174.61
5	147.43
6	150.48
7	170.90
8	173.41
9	166.72
10	180.72
11	170.69
12	181.85
13	158.26
14	164.16
15	174.51
16	170.36
17	171.59
18	186.22
19	174.11
20	162.26
21	125.61
22	176.45
23	174.22
24	173.64
25	172.39
26	165.99
27	154.80
28	156.31
29	176.40
30	157.78
31	164.60
32	153.17
33	179.15
34	164.57
35	170.78
36	170.58
37	169.71
38	162.04
39	180.12
40	172.59
41	162.01
42	140.00
43	154.49
44	178.48
45	162.53
46	176.71
47	152.48
48	170.16
49	160.45
50	173.47
51	150.11
