  -0.02   0.09   3.40  -1.22  -3.29  32.43
  -0.02   0.09   3.40  -1.22  -3.29  32.43
   0.58  -0.94   3.02   2.65  19.04  22.50
   0.58  -0.94   3.02   2.65  19.04  22.50
   0.85  -0.41   3.14   2.61   7.58  28.49
   0.85  -0.41   3.14   2.61   7.58  28.49
   1.28  -0.67   2.76   3.40   8.75  33.31
   1.28  -0.67   2.76   3.40   8.75  33.31
   0.93  -0.58   3.80  -1.24   0.86  34.41
   0.93  -0.58   3.80  -1.24   0.86  34.41
   1.17  -0.94   3.80   7.49   3.37  28.63
   1.17  -0.94   3.80   7.49   3.37  28.63
   0.98  -0.46   4.24  10.99 -13.62  33.38
   0.98  -0.46   4.24  10.99 -13.62  33.38
   0.82   0.19   4.55   3.36 -11.57  34.17
   0.82   0.19   4.55   3.36 -11.57  34.17
   0.59  -0.36   3.50   7.79   2.78  31.86
   0.59  -0.36   3.50   7.79   2.78  31.86
   1.36  -0.20   3.89   4.82   6.78  24.36
   1.36  -0.20   3.89   4.82   6.78  24.36
   0.51  -0.13   3.76   3.35   4.50  34.58
   0.51  -0.13   3.76   3.35   4.50  34.58
   2.02  -1.07   3.93   4.79  -2.84  30.32
   2.02  -1.07   3.93   4.79  -2.84  30.32
   2.20   0.49   4.60   9.15  -6.45  30.28
   2.20   0.49   4.60   9.15  -6.45  30.28
   1.68  -0.22   4.01   5.25  -2.80  29.37
   1.68  -0.22   4.01   5.25  -2.80  29.37
   1.05  -0.34   4.11   6.26  -1.91  28.76
   1.05  -0.34   4.11   6.26  -1.91  28.76
   0.99  -0.78   3.28   5.67   2.46  33.74
   0.99  -0.78   3.28   5.67   2.46  33.74
   1.69  -0.16   3.94   6.94  -4.95  26.67
   1.69  -0.16   3.94   6.94  -4.95  26.67
   1.75  -0.22   3.23   3.45  15.87  20.13
   1.75  -0.22   3.23   3.45  15.87  20.13
   1.21  -0.26   3.36   3.36  16.32  28.58
   1.21  -0.26   3.36   3.36  16.32  28.58
   0.65  -0.38   3.29   0.56   2.17  28.18
   0.65  -0.38   3.29   0.56   2.17  28.18
   1.07  -0.09   3.99  -3.62  -3.56  28.70
   1.07  -0.09   3.99  -3.62  -3.56  28.70
  -0.25  -0.76   2.65  -5.44  -0.35  33.68
  -0.25  -0.76   2.65  -5.44  -0.35  33.68
   0.59  -0.67   3.34   5.81  -4.67  34.79
   0.59  -0.67   3.34   5.81  -4.67  34.79
   0.40   0.03   4.08   1.68  -9.79  37.34
   0.40   0.03   4.08   1.68  -9.79  37.34
   0.72  -0.54   3.88   3.99   0.46  30.17
   0.72  -0.54   3.88   3.99   0.46  30.17
   0.74   0.02   3.45  -5.96 -14.45  33.26
   0.74   0.02   3.45  -5.96 -14.45  33.26
   1.48  -0.88   3.81  -1.98  -2.73  28.63
   1.48  -0.88   3.81  -1.98  -2.73  28.63
   1.03  -0.40   3.26   7.82   5.62  24.53
   1.03  -0.40   3.26   7.82   5.62  24.53
   0.52  -0.41   2.87   2.51   7.47  32.82
   0.52  -0.41   2.87   2.51   7.47  32.82
   1.22   0.05   4.45   3.40 -17.79  37.88
   1.22   0.05   4.45   3.40 -17.79  37.88
   0.95  -0.10   4.08   2.26  -4.18  32.51
   0.95  -0.10   4.08   2.26  -4.18  32.51
   0.76  -0.74   4.44   9.89 -11.66  27.76
   0.76  -0.74   4.44   9.89 -11.66  27.76
   1.13  -0.56   4.04   6.59   1.40  24.67
   1.13  -0.56   4.04   6.59   1.40  24.67
   1.55  -0.02   3.64  11.82  -2.95  31.85
   1.55  -0.02   3.64  11.82  -2.95  31.85
   1.93  -0.72   3.29   5.50  -1.33  28.76
   1.93  -0.72   3.29   5.50  -1.33  28.76
   1.16  -0.20   3.92   4.06 -15.61  34.87
   1.16  -0.20   3.92   4.06 -15.61  34.87
   1.59  -0.24   3.59   3.92   4.93  25.07
   1.59  -0.24   3.59   3.92   4.93  25.07
   0.90  -0.48   3.79   9.47  -2.05  27.70
   0.90  -0.48   3.79   9.47  -2.05  27.70
   1.74  -1.05   2.98   3.70   1.89  25.53
   1.74  -1.05   2.98   3.70   1.89  25.53
   0.33   0.09   3.68   1.29   2.52  36.32
   0.33   0.09   3.68   1.29   2.52  36.32
   0.99   0.44   3.88   5.13 -11.25  32.25
   0.99   0.44   3.88   5.13 -11.25  32.25
   1.80  -0.23   3.20  -0.42   6.83  24.56
   1.80  -0.23   3.20  -0.42   6.83  24.56
   1.71  -0.25   3.12   1.06  -4.41  22.74
   1.71  -0.25   3.12   1.06  -4.41  22.74
   1.22  -0.22   3.31   6.97  -3.57  31.66
   1.22  -0.22   3.31   6.97  -3.57  31.66
   1.28   0.07   3.96   6.60  -6.57  32.40
   1.28   0.07   3.96   6.60  -6.57  32.40
   1.75   0.34   4.49   0.46 -17.52  36.76
   1.75   0.34   4.49   0.46 -17.52  36.76
   0.48  -0.44   3.08  -1.81  17.33  28.98
   0.48  -0.44   3.08  -1.81  17.33  28.98
   0.97  -0.34   3.99   6.26   1.01  34.15
   0.97  -0.34   3.99   6.26   1.01  34.15
   0.74  -0.49   3.06  -0.74   4.93  26.80
   0.74  -0.49   3.06  -0.74   4.93  26.80
   1.05  -0.57   3.14   7.00   7.00  22.22
   1.05  -0.57   3.14   7.00   7.00  22.22
   1.75  -0.57   3.38   3.85   1.05  24.61
   1.75  -0.57   3.38   3.85   1.05  24.61
