  -0.43   0.29   3.24  -6.48   8.60  22.57
  -0.43   0.29   3.24  -6.48   8.60  22.57
  -0.88   0.37   3.86  -8.96   0.60  21.49
  -0.88   0.37   3.86  -8.96   0.60  21.49
  -1.30   0.34   3.93 -10.63 -10.48  22.26
  -1.30   0.34   3.93 -10.63 -10.48  22.26
  -1.23   0.34   4.55  -9.71 -14.10  22.09
  -1.23   0.34   4.55  -9.71 -14.10  22.09
  -1.06   0.16   4.22  -8.76 -10.44  21.91
  -1.06   0.16   4.22  -8.76 -10.44  21.91
  -1.29  -0.10   4.75  -9.69 -21.51  20.58
  -1.29  -0.10   4.75  -9.69 -21.51  20.58
  -0.89   0.31   4.09  -6.72  -1.85  22.38
  -0.89   0.31   4.09  -6.72  -1.85  22.38
  -1.04   0.19   4.19  -8.74  -8.31  21.61
  -1.04   0.19   4.19  -8.74  -8.31  21.61
  -0.51   0.23   3.59  -5.54   8.17  22.14
  -0.51   0.23   3.59  -5.54   8.17  22.14
  -0.40   0.05   3.44  -3.39   6.19  20.73
  -0.40   0.05   3.44  -3.39   6.19  20.73
  -0.30  -0.07   3.32  -3.54   7.61  22.01
  -0.30  -0.07   3.32  -3.54   7.61  22.01
  -0.86   0.01   3.76  -6.13   1.50  21.67
  -0.86   0.01   3.76  -6.13   1.50  21.67
  -0.98  -0.02   4.12  -3.83  -5.95  21.60
  -0.98  -0.02   4.12  -3.83  -5.95  21.60
  -0.64   0.20   3.55  -5.11   0.91  22.72
  -0.64   0.20   3.55  -5.11   0.91  22.72
  -0.96   0.20   3.91  -6.94  -1.31  22.39
  -0.96   0.20   3.91  -6.94  -1.31  22.39
  -0.77   0.30   3.38  -7.94   2.46  23.12
  -0.77   0.30   3.38  -7.94   2.46  23.12
  -0.86   0.29   3.91  -6.03   0.56  21.85
  -0.86   0.29   3.91  -6.03   0.56  21.85
  -0.93   0.22   3.87  -7.88  -3.89  21.19
  -0.93   0.22   3.87  -7.88  -3.89  21.19
  -0.88   0.55   3.72  -8.31   1.06  22.83
  -0.88   0.55   3.72  -8.31   1.06  22.83
  -0.67   0.11   3.47  -6.14   5.89  22.04
  -0.67   0.11   3.47  -6.14   5.89  22.04
  -1.20   0.36   4.21  -9.94 -13.82  22.35
  -1.20   0.36   4.21  -9.94 -13.82  22.35
  -0.91   0.28   3.97  -6.39  -0.13  23.24
  -0.91   0.28   3.97  -6.39  -0.13  23.24
  -0.86   0.26   3.99  -8.80  -4.11  22.00
  -0.86   0.26   3.99  -8.80  -4.11  22.00
  -1.29   0.49   4.50  -7.44  -8.28  23.08
  -1.29   0.49   4.50  -7.44  -8.28  23.08
  -1.04   0.39   4.33  -5.76  -1.37  22.25
  -1.04   0.39   4.33  -5.76  -1.37  22.25
  -1.26   0.34   4.36  -7.66 -10.12  22.61
  -1.26   0.34   4.36  -7.66 -10.12  22.61
  -0.93   0.22   4.47  -5.87  -3.99  21.28
  -0.93   0.22   4.47  -5.87  -3.99  21.28
  -1.48   0.24   4.99 -10.04 -24.06  22.07
  -1.48   0.24   4.99 -10.04 -24.06  22.07
  -1.30   0.04   4.91  -8.60 -19.07  21.61
  -1.30   0.04   4.91  -8.60 -19.07  21.61
  -1.32   0.02   5.07 -10.10 -27.77  20.37
  -1.32   0.02   5.07 -10.10 -27.77  20.37
  -1.36  -0.11   4.91  -9.67 -30.19  18.94
  -1.36  -0.11   4.91  -9.67 -30.19  18.94
  -0.94   0.21   4.22  -8.03  -4.55  21.41
  -0.94   0.21   4.22  -8.03  -4.55  21.41
  -1.09   0.20   4.24  -7.59 -11.72  22.17
  -1.09   0.20   4.24  -7.59 -11.72  22.17
  -1.00   0.14   3.80  -8.76  -1.12  21.95
  -1.00   0.14   3.80  -8.76  -1.12  21.95
  -1.36  -0.11   4.70  -7.95 -15.01  21.85
  -1.36  -0.11   4.70  -7.95 -15.01  21.85
  -1.29   0.21   4.53  -8.41 -17.23  22.07
  -1.29   0.21   4.53  -8.41 -17.23  22.07
  -1.05   0.33   3.85  -7.13  -1.63  22.14
  -1.05   0.33   3.85  -7.13  -1.63  22.14
  -1.38   0.49   4.22 -10.13 -12.82  21.43
  -1.38   0.49   4.22 -10.13 -12.82  21.43
  -1.30   0.25   4.21  -9.18  -9.20  22.12
  -1.30   0.25   4.21  -9.18  -9.20  22.12
  -0.94   0.11   4.10  -5.00  -1.38  21.68
  -0.94   0.11   4.10  -5.00  -1.38  21.68
  -1.35   0.46   4.66  -9.30 -13.55  22.46
  -1.35   0.46   4.66  -9.30 -13.55  22.46
  -0.67   0.24   3.87  -6.47   1.65  23.72
  -0.67   0.24   3.87  -6.47   1.65  23.72
  -1.27   0.20   4.42  -8.24  -6.86  21.29
  -1.27   0.20   4.42  -8.24  -6.86  21.29
  -0.56   0.06   4.01  -2.40   3.55  22.48
  -0.56   0.06   4.01  -2.40   3.55  22.48
  -1.30   0.29   4.23  -9.09 -10.48  22.34
  -1.30   0.29   4.23  -9.09 -10.48  22.34
  -1.05   0.45   4.13  -9.95  -4.99  21.05
  -1.05   0.45   4.13  -9.95  -4.99  21.05
  -0.55   0.31   3.46  -6.40   7.00  24.08
  -0.55   0.31   3.46  -6.40   7.00  24.08
  -0.88   0.14   3.88  -8.21  -9.00  22.50
  -0.88   0.14   3.88  -8.21  -9.00  22.50
  -0.93   0.24   3.87  -6.02  -0.69  21.44
  -0.93   0.24   3.87  -6.02  -0.69  21.44
  -0.42   0.34   3.30  -5.66  10.88  22.74
  -0.42   0.34   3.30  -5.66  10.88  22.74
  -0.63   0.23   3.59  -4.36   7.87  22.39
  -0.63   0.23   3.59  -4.36   7.87  22.39
