  -0.07  -1.15   3.93  -1.94   1.03  30.15
  -0.07  -1.15   3.93  -1.94   1.03  30.15
  -0.03  -1.13   3.83  -0.65   0.45  30.11
  -0.03  -1.13   3.83  -0.65   0.45  30.11
  -0.04  -1.11   3.95  -1.35   2.42  30.79
  -0.04  -1.11   3.95  -1.35   2.42  30.79
  -0.05  -1.13   3.78  -1.60   1.35  29.92
  -0.05  -1.13   3.78  -1.60   1.35  29.92
  -0.04  -1.13   3.86  -1.06   1.19  30.24
  -0.04  -1.13   3.86  -1.06   1.19  30.24
  -0.02  -1.15   3.90  -0.74   1.25  30.34
  -0.02  -1.15   3.90  -0.74   1.25  30.34
  -0.09  -1.10   3.89  -1.12   0.75  30.43
  -0.09  -1.10   3.89  -1.12   0.75  30.43
  -0.06  -1.15   3.83  -0.92   1.69  30.18
  -0.06  -1.15   3.83  -0.92   1.69  30.18
  -0.04  -1.12   3.90  -0.40   0.37  29.99
  -0.04  -1.12   3.90  -0.40   0.37  29.99
  -0.01  -1.13   3.99  -0.34  -0.81  30.33
  -0.01  -1.13   3.99  -0.34  -0.81  30.33
  -0.01  -1.11   3.82  -1.03   1.96  29.96
  -0.01  -1.11   3.82  -1.03   1.96  29.96
  -0.06  -1.12   3.81  -0.33   1.04  29.92
  -0.06  -1.12   3.81  -0.33   1.04  29.92
  -0.03  -1.12   3.86  -0.03   1.03  30.30
  -0.03  -1.12   3.86  -0.03   1.03  30.30
  -0.05  -1.12   3.79  -0.67   0.82  30.16
  -0.05  -1.12   3.79  -0.67   0.82  30.16
  -0.05  -1.13   3.86  -0.46   0.97  30.27
  -0.05  -1.13   3.86  -0.46   0.97  30.27
  -0.06  -1.17   3.81  -1.48   1.82  29.92
  -0.06  -1.17   3.81  -1.48   1.82  29.92
  -0.04  -1.15   3.85  -0.63   1.59  30.05
  -0.04  -1.15   3.85  -0.63   1.59  30.05
  -0.05  -1.15   3.80  -1.89   1.00  30.06
  -0.05  -1.15   3.80  -1.89   1.00  30.06
  -0.08  -1.11   3.88  -1.17   0.53  30.54
  -0.08  -1.11   3.88  -1.17   0.53  30.54
  -0.11  -1.10   3.86  -1.60  -1.30  30.24
  -0.11  -1.10   3.86  -1.60  -1.30  30.24
  -0.06  -1.14   3.88  -0.17   0.14  30.36
  -0.06  -1.14   3.88  -0.17   0.14  30.36
   0.00  -1.15   3.91  -1.54   1.68  30.27
   0.00  -1.15   3.91  -1.54   1.68  30.27
  -0.06  -1.14   3.84  -1.04   1.68  30.08
  -0.06  -1.14   3.84  -1.04   1.68  30.08
  -0.05  -1.14   3.92  -1.18   2.09  30.38
  -0.05  -1.14   3.92  -1.18   2.09  30.38
  -0.08  -1.11   3.86  -1.64  -0.56  30.38
  -0.08  -1.11   3.86  -1.64  -0.56  30.38
  -0.05  -1.15   4.04  -1.41   0.56  30.76
  -0.05  -1.15   4.04  -1.41   0.56  30.76
  -0.06  -1.11   3.93  -0.71   1.02  30.27
  -0.06  -1.11   3.93  -0.71   1.02  30.27
  -0.11  -1.13   3.97  -1.51  -0.06  30.32
  -0.11  -1.13   3.97  -1.51  -0.06  30.32
  -0.06  -1.13   3.89  -1.11   1.95  30.27
  -0.06  -1.13   3.89  -1.11   1.95  30.27
  -0.06  -1.13   3.80  -1.18   2.37  29.84
  -0.06  -1.13   3.80  -1.18   2.37  29.84
  -0.06  -1.10   3.87  -0.42   2.15  30.24
  -0.06  -1.10   3.87  -0.42   2.15  30.24
  -0.07  -1.12   3.82  -0.83   1.12  30.10
  -0.07  -1.12   3.82  -0.83   1.12  30.10
  -0.08  -1.14   3.85  -0.37   2.18  30.02
  -0.08  -1.14   3.85  -0.37   2.18  30.02
  -0.07  -1.13   3.83  -0.11   1.83  30.09
  -0.07  -1.13   3.83  -0.11   1.83  30.09
  -0.07  -1.14   3.89  -0.99   1.42  30.08
  -0.07  -1.14   3.89  -0.99   1.42  30.08
  -0.07  -1.12   3.86  -0.45   0.04  30.22
  -0.07  -1.12   3.86  -0.45   0.04  30.22
  -0.07  -1.12   3.72   0.24   0.22  30.05
  -0.07  -1.12   3.72   0.24   0.22  30.05
  -0.09  -1.12   3.92  -1.09   0.36  30.52
  -0.09  -1.12   3.92  -1.09   0.36  30.52
  -0.07  -1.14   3.96  -1.12  -0.50  30.64
  -0.07  -1.14   3.96  -1.12  -0.50  30.64
  -0.08  -1.11   3.95  -1.27  -0.72  30.28
  -0.08  -1.11   3.95  -1.27  -0.72  30.28
  -0.07  -1.12   3.99  -0.71   1.15  30.24
  -0.07  -1.12   3.99  -0.71   1.15  30.24
  -0.09  -1.13   3.81  -0.73   1.56  30.29
  -0.09  -1.13   3.81  -0.73   1.56  30.29
  -0.04  -1.12   3.76  -0.47   1.58  29.93
  -0.04  -1.12   3.76  -0.47   1.58  29.93
  -0.11  -1.09   3.95  -0.65  -0.44  30.48
  -0.11  -1.09   3.95  -0.65  -0.44  30.48
  -0.08  -1.14   3.88  -1.29  -0.17  30.15
  -0.08  -1.14   3.88  -1.29  -0.17  30.15
  -0.10  -1.11   3.96  -0.96  -1.31  30.51
  -0.10  -1.11   3.96  -0.96  -1.31  30.51
  -0.05  -1.12   3.85  -0.80   1.52  30.23
  -0.05  -1.12   3.85  -0.80   1.52  30.23
  -0.03  -1.15   3.92  -0.85   0.32  30.24
  -0.03  -1.15   3.92  -0.85   0.32  30.24
  -0.07  -1.15   3.81  -1.77   1.47  29.91
  -0.07  -1.15   3.81  -1.77   1.47  29.91
  -0.05  -1.14   3.83  -0.64   1.38  30.06
  -0.05  -1.14   3.83  -0.64   1.38  30.06
  -0.04  -1.12   3.92  -0.69   1.10  30.55
  -0.04  -1.12   3.92  -0.69   1.10  30.55
