   0.03  -0.53   3.74   1.07  -5.80  32.34
   0.03  -0.53   3.74   1.07  -5.80  32.34
  -0.87  -1.46   3.52   3.34  -1.67  28.77
  -0.87  -1.46   3.52   3.34  -1.67  28.77
   0.15  -0.84   2.96   2.25  -3.81  35.32
   0.15  -0.84   2.96   2.25  -3.81  35.32
  -0.48  -1.16   2.95  -0.83   9.84  33.01
  -0.48  -1.16   2.95  -0.83   9.84  33.01
   0.16  -1.23   3.63  -1.12  -5.51  32.49
   0.16  -1.23   3.63  -1.12  -5.51  32.49
  -0.03  -1.06   3.37   2.62 -10.17  35.79
  -0.03  -1.06   3.37   2.62 -10.17  35.79
   0.44  -1.28   3.86  -0.49 -15.99  36.97
   0.44  -1.28   3.86  -0.49 -15.99  36.97
  -0.06  -0.73   3.39  -0.48 -15.91  38.67
  -0.06  -0.73   3.39  -0.48 -15.91  38.67
  -0.40  -1.04   3.64   1.07   4.88  36.55
  -0.40  -1.04   3.64   1.07   4.88  36.55
   0.23  -1.37   3.32  -1.78   0.85  30.59
   0.23  -1.37   3.32  -1.78   0.85  30.59
   0.20  -1.22   3.17  -0.41  -2.71  32.92
   0.20  -1.22   3.17  -0.41  -2.71  32.92
  -0.04  -1.35   2.72   0.80  13.53  31.34
  -0.04  -1.35   2.72   0.80  13.53  31.34
  -0.63  -0.92   2.98  -1.34   0.71  32.85
  -0.63  -0.92   2.98  -1.34   0.71  32.85
  -0.34  -0.87   3.26   0.39   7.47  29.38
  -0.34  -0.87   3.26   0.39   7.47  29.38
  -0.20  -1.37   3.19  -3.47  -6.65  30.96
  -0.20  -1.37   3.19  -3.47  -6.65  30.96
  -0.40  -1.14   2.85   2.03  19.69  28.67
  -0.40  -1.14   2.85   2.03  19.69  28.67
  -0.31  -1.29   3.86  -0.04  -6.59  35.65
  -0.31  -1.29   3.86  -0.04  -6.59  35.65
  -0.37  -0.73   3.35   0.35  -0.98  36.02
  -0.37  -0.73   3.35   0.35  -0.98  36.02
   0.09  -1.05   3.22  -0.58  -9.89  35.04
   0.09  -1.05   3.22  -0.58  -9.89  35.04
   0.56  -0.95   3.01   0.04   2.62  28.07
   0.56  -0.95   3.01   0.04   2.62  28.07
  -0.08  -0.84   3.23  -0.66  -1.05  31.42
  -0.08  -0.84   3.23  -0.66  -1.05  31.42
  -0.86  -1.32   4.11   0.60 -22.91  38.86
  -0.86  -1.32   4.11   0.60 -22.91  38.86
  -0.52  -0.99   3.33  -0.94  -5.04  32.33
  -0.52  -0.99   3.33  -0.94  -5.04  32.33
   0.27  -1.22   3.23   0.41  -5.05  33.40
   0.27  -1.22   3.23   0.41  -5.05  33.40
  -0.91  -1.23   3.32   2.72  10.01  28.70
  -0.91  -1.23   3.32   2.72  10.01  28.70
  -0.02  -0.88   3.33  -0.54  11.58  28.68
  -0.02  -0.88   3.33  -0.54  11.58  28.68
  -0.17  -0.97   3.08  -0.32  20.51  25.73
  -0.17  -0.97   3.08  -0.32  20.51  25.73
  -0.10  -0.89   3.74  -1.37  -3.69  33.60
  -0.10  -0.89   3.74  -1.37  -3.69  33.60
   0.31  -1.15   3.60  -1.02 -12.55  34.03
   0.31  -1.15   3.60  -1.02 -12.55  34.03
  -0.05  -1.04   3.44  -0.39   8.53  30.80
  -0.05  -1.04   3.44  -0.39   8.53  30.80
   0.31  -1.03   3.98  -2.43 -12.96  30.78
   0.31  -1.03   3.98  -2.43 -12.96  30.78
   0.08  -1.24   3.14  -0.64  -6.33  30.61
   0.08  -1.24   3.14  -0.64  -6.33  30.61
  -0.64  -1.07   3.28   3.15   6.76  32.16
  -0.64  -1.07   3.28   3.15   6.76  32.16
  -0.15  -0.89   3.57  -1.48 -18.03  38.76
  -0.15  -0.89   3.57  -1.48 -18.03  38.76
  -0.43  -1.16   2.76   0.19  24.03  27.11
  -0.43  -1.16   2.76   0.19  24.03  27.11
   0.15  -0.90   4.16   2.46 -23.72  33.27
   0.15  -0.90   4.16   2.46 -23.72  33.27
   0.61  -1.14   3.02  -1.78   6.24  28.15
   0.61  -1.14   3.02  -1.78   6.24  28.15
  -0.22  -1.41   3.93   1.75 -15.59  36.87
  -0.22  -1.41   3.93   1.75 -15.59  36.87
   0.10  -0.81   3.15   1.17   6.44  25.95
   0.10  -0.81   3.15   1.17   6.44  25.95
   0.29  -0.77   2.98  -3.32  19.21  27.90
   0.29  -0.77   2.98  -3.32  19.21  27.90
  -0.60  -1.37   3.74   0.69 -12.89  34.36
  -0.60  -1.37   3.74   0.69 -12.89  34.36
  -0.54  -1.60   2.61   1.87   6.97  31.40
  -0.54  -1.60   2.61   1.87   6.97  31.40
  -0.64  -0.99   3.25  -0.67   6.08  31.84
  -0.64  -0.99   3.25  -0.67   6.08  31.84
  -0.18  -0.96   3.66   0.24 -13.77  31.36
  -0.18  -0.96   3.66   0.24 -13.77  31.36
  -0.20  -1.10   3.11   1.57   7.92  33.86
  -0.20  -1.10   3.11   1.57   7.92  33.86
  -0.03  -1.23   3.39  -0.81  -7.86  36.65
  -0.03  -1.23   3.39  -0.81  -7.86  36.65
  -0.84  -1.30   3.10   0.74   3.45  33.48
  -0.84  -1.30   3.10   0.74   3.45  33.48
  -0.08  -1.04   3.19   1.25   6.98  32.07
  -0.08  -1.04   3.19   1.25   6.98  32.07
  -0.25  -1.11   2.83  -0.61  12.16  25.64
  -0.25  -1.11   2.83  -0.61  12.16  25.64
  -0.21  -1.46   3.45   0.38  -3.76  35.79
  -0.21  -1.46   3.45   0.38  -3.76  35.79
  -0.22  -1.20   3.19  -0.59   8.44  30.94
  -0.22  -1.20   3.19  -0.59   8.44  30.94
