   0.08  -0.56   3.59   0.32  -3.95  31.06
   0.08  -0.56   3.59   0.32  -3.95  31.06
  -0.08  -0.84   2.52   2.17  14.14  30.47
  -0.08  -0.84   2.52   2.17  14.14  30.47
  -0.31  -0.91   3.54   1.02  11.51  29.79
  -0.31  -0.91   3.54   1.02  11.51  29.79
  -0.24  -1.27   3.08  -0.28   5.13  29.77
  -0.24  -1.27   3.08  -0.28   5.13  29.77
  -0.11  -1.09   3.30   2.91   4.23  32.14
  -0.11  -1.09   3.30   2.91   4.23  32.14
  -0.23  -0.82   4.23  -0.94  -6.28  33.74
  -0.23  -0.82   4.23  -0.94  -6.28  33.74
  -0.13  -0.89   4.10   0.08  -0.89  35.14
  -0.13  -0.89   4.10   0.08  -0.89  35.14
   0.01  -1.30   3.42  -0.03  -9.28  33.93
   0.01  -1.30   3.42  -0.03  -9.28  33.93
   0.07  -1.31   3.71  -0.17 -13.91  36.95
   0.07  -1.31   3.71  -0.17 -13.91  36.95
  -0.60  -0.69   4.72  -1.73 -12.37  29.24
  -0.60  -0.69   4.72  -1.73 -12.37  29.24
  -0.33  -1.10   3.17   2.64  13.76  32.11
  -0.33  -1.10   3.17   2.64  13.76  32.11
  -0.11  -0.82   3.50   0.91  19.21  28.44
  -0.11  -0.82   3.50   0.91  19.21  28.44
  -0.09  -0.89   3.59   0.53   8.05  32.05
  -0.09  -0.89   3.59   0.53   8.05  32.05
  -0.05  -0.82   3.50   0.56   0.72  30.21
  -0.05  -0.82   3.50   0.56   0.72  30.21
  -0.28  -0.84   3.76   0.35  -0.82  34.25
  -0.28  -0.84   3.76   0.35  -0.82  34.25
  -0.44  -1.06   3.60   1.21  -6.01  30.66
  -0.44  -1.06   3.60   1.21  -6.01  30.66
  -0.12  -1.43   3.25  -0.78   9.87  27.66
  -0.12  -1.43   3.25  -0.78   9.87  27.66
   0.29  -0.88   3.27   1.47  -0.69  35.29
   0.29  -0.88   3.27   1.47  -0.69  35.29
  -0.12  -0.62   3.66   0.63   2.88  32.15
  -0.12  -0.62   3.66   0.63   2.88  32.15
  -0.33  -1.33   2.33   3.61  10.59  27.99
  -0.33  -1.33   2.33   3.61  10.59  27.99
  -0.26  -0.73   4.21  -1.59 -13.07  36.41
  -0.26  -0.73   4.21  -1.59 -13.07  36.41
   0.00  -1.12   3.98  -1.53  -6.25  32.96
   0.00  -1.12   3.98  -1.53  -6.25  32.96
  -0.33  -1.11   3.29   1.34  16.64  23.35
  -0.33  -1.11   3.29   1.34  16.64  23.35
  -0.27  -0.85   4.41   0.04 -16.06  37.23
  -0.27  -0.85   4.41   0.04 -16.06  37.23
   0.14  -1.02   3.80  -1.36 -14.02  32.68
   0.14  -1.02   3.80  -1.36 -14.02  32.68
  -0.22  -0.86   4.68  -0.91  -0.81  27.96
  -0.22  -0.86   4.68  -0.91  -0.81  27.96
  -0.16  -0.90   4.26  -3.14  -4.86  27.01
  -0.16  -0.90   4.26  -3.14  -4.86  27.01
   0.23  -0.62   4.29   0.03 -19.92  37.01
   0.23  -0.62   4.29   0.03 -19.92  37.01
  -0.76  -0.55   3.84   1.36   1.27  28.64
  -0.76  -0.55   3.84   1.36   1.27  28.64
  -0.63  -1.02   3.22  -0.34  11.47  26.08
  -0.63  -1.02   3.22  -0.34  11.47  26.08
  -0.37  -1.21   3.84  -0.18  -8.45  37.50
  -0.37  -1.21   3.84  -0.18  -8.45  37.50
  -0.01  -1.15   2.64   0.97  14.39  27.59
  -0.01  -1.15   2.64   0.97  14.39  27.59
  -0.23  -0.86   3.88  -0.55  -6.65  27.26
  -0.23  -0.86   3.88  -0.55  -6.65  27.26
  -0.22  -1.04   3.65   0.21  -2.71  34.27
  -0.22  -1.04   3.65   0.21  -2.71  34.27
  -0.11  -0.86   2.92   1.37  11.70  28.21
  -0.11  -0.86   2.92   1.37  11.70  28.21
   0.11  -0.84   3.34  -0.79   8.60  32.18
   0.11  -0.84   3.34  -0.79   8.60  32.18
  -0.03  -1.29   3.50   0.04   1.11  34.28
  -0.03  -1.29   3.50   0.04   1.11  34.28
   0.03  -1.01   4.02   2.30  -9.20  36.92
   0.03  -1.01   4.02   2.30  -9.20  36.92
   0.37  -0.55   4.13  -2.00 -23.85  38.73
   0.37  -0.55   4.13  -2.00 -23.85  38.73
  -0.72  -0.50   4.32   0.70 -20.94  35.35
  -0.72  -0.50   4.32   0.70 -20.94  35.35
  -0.32  -1.05   4.24  -0.91 -11.87  31.70
  -0.32  -1.05   4.24  -0.91 -11.87  31.70
   0.03  -1.04   3.31  -0.34  21.57  24.66
   0.03  -1.04   3.31  -0.34  21.57  24.66
   0.26  -0.34   3.61  -0.71   0.49  32.81
   0.26  -0.34   3.61  -0.71   0.49  32.81
   0.34  -1.20   4.41  -1.49 -21.67  33.76
   0.34  -1.20   4.41  -1.49 -21.67  33.76
  -0.28  -1.29   3.67  -2.96  -2.96  30.57
  -0.28  -1.29   3.67  -2.96  -2.96  30.57
   0.10  -1.26   4.25  -0.94 -24.01  37.38
   0.10  -1.26   4.25  -0.94 -24.01  37.38
  -0.04  -0.99   3.76  -0.34 -10.12  34.81
  -0.04  -0.99   3.76  -0.34 -10.12  34.81
  -0.18  -1.06   3.76   0.29  -1.73  37.36
  -0.18  -1.06   3.76   0.29  -1.73  37.36
  -0.06  -1.15   3.36   0.23   4.61  29.66
  -0.06  -1.15   3.36   0.23   4.61  29.66
   0.25  -0.72   4.16   0.71 -17.16  37.79
   0.25  -0.72   4.16   0.71 -17.16  37.79
  -0.11  -1.11   4.23  -0.26  -9.33  35.58
  -0.11  -1.11   4.23  -0.26  -9.33  35.58
