  -0.53   0.20   3.20  -2.07  -1.91  31.83
  -0.53   0.20   3.20  -2.07  -1.91  31.83
  -0.57   0.20   2.99  -1.63   1.90  31.08
  -0.57   0.20   2.99  -1.63   1.90  31.08
  -0.58   0.23   2.83  -2.30   3.75  31.62
  -0.58   0.23   2.83  -2.30   3.75  31.62
  -0.43   0.21   3.24  -1.25  -4.80  31.48
  -0.43   0.21   3.24  -1.25  -4.80  31.48
  -0.69   0.13   2.86  -3.25   4.64  30.36
  -0.69   0.13   2.86  -3.25   4.64  30.36
  -0.60   0.21   2.92  -3.14   3.15  31.48
  -0.60   0.21   2.92  -3.14   3.15  31.48
  -0.42   0.18   3.58  -1.45  -9.34  31.27
  -0.42   0.18   3.58  -1.45  -9.34  31.27
  -0.52   0.19   3.16  -2.03  -3.33  31.22
  -0.52   0.19   3.16  -2.03  -3.33  31.22
  -0.66   0.16   3.15  -2.62   4.06  30.72
  -0.66   0.16   3.15  -2.62   4.06  30.72
  -0.25   0.16   3.88  -0.79 -21.33  31.17
  -0.25   0.16   3.88  -0.79 -21.33  31.17
  -0.72   0.09   2.70  -4.34   7.56  30.20
  -0.72   0.09   2.70  -4.34   7.56  30.20
  -0.81   0.05   2.77  -3.49  11.48  28.97
  -0.81   0.05   2.77  -3.49  11.48  28.97
  -0.69   0.19   2.86  -3.89   8.24  31.05
  -0.69   0.19   2.86  -3.89   8.24  31.05
  -0.62   0.10   2.87  -2.46   3.45  30.72
  -0.62   0.10   2.87  -2.46   3.45  30.72
  -0.68   0.17   2.73  -3.13   6.43  30.86
  -0.68   0.17   2.73  -3.13   6.43  30.86
  -0.65   0.24   2.75  -2.48   8.61  30.97
  -0.65   0.24   2.75  -2.48   8.61  30.97
  -0.57   0.19   2.95  -2.26   2.99  31.01
  -0.57   0.19   2.95  -2.26   2.99  31.01
  -0.55   0.19   2.94  -3.05   3.73  31.24
  -0.55   0.19   2.94  -3.05   3.73  31.24
  -0.70   0.19   2.77  -3.55   7.03  30.86
  -0.70   0.19   2.77  -3.55   7.03  30.86
  -0.70   0.16   2.74  -2.91   8.42  30.24
  -0.70   0.16   2.74  -2.91   8.42  30.24
  -0.74   0.11   2.56  -3.12  11.70  30.04
  -0.74   0.11   2.56  -3.12  11.70  30.04
  -0.69   0.14   2.96  -2.46   7.16  29.90
  -0.69   0.14   2.96  -2.46   7.16  29.90
  -0.61   0.14   2.93  -2.89   3.54  30.60
  -0.61   0.14   2.93  -2.89   3.54  30.60
  -0.69   0.12   2.95  -2.40   7.91  30.60
  -0.69   0.12   2.95  -2.40   7.91  30.60
  -0.33   0.14   3.82  -1.71 -14.45  30.60
  -0.33   0.14   3.82  -1.71 -14.45  30.60
  -0.63   0.14   2.89  -3.15   5.10  30.90
  -0.63   0.14   2.89  -3.15   5.10  30.90
  -0.78   0.07   2.75  -4.44  10.20  28.82
  -0.78   0.07   2.75  -4.44  10.20  28.82
  -0.60   0.17   3.15  -2.17  -0.07  30.90
  -0.60   0.17   3.15  -2.17  -0.07  30.90
  -0.47   0.13   3.35  -1.60  -7.72  30.90
  -0.47   0.13   3.35  -1.60  -7.72  30.90
  -0.61   0.13   3.27  -1.69   0.75  30.76
  -0.61   0.13   3.27  -1.69   0.75  30.76
  -0.51   0.25   3.15  -2.58  -2.11  31.87
  -0.51   0.25   3.15  -2.58  -2.11  31.87
  -0.66   0.28   2.99  -3.55   5.33  31.56
  -0.66   0.28   2.99  -3.55   5.33  31.56
  -0.63   0.17   2.93  -2.04   6.00  31.42
  -0.63   0.17   2.93  -2.04   6.00  31.42
  -0.68   0.10   2.71  -3.41   7.73  29.98
  -0.68   0.10   2.71  -3.41   7.73  29.98
  -0.56   0.12   3.00  -2.05   2.95  30.84
  -0.56   0.12   3.00  -2.05   2.95  30.84
  -0.69   0.23   2.79  -3.77   8.89  31.74
  -0.69   0.23   2.79  -3.77   8.89  31.74
  -0.51   0.24   3.08  -1.86   1.03  32.06
  -0.51   0.24   3.08  -1.86   1.03  32.06
  -0.43   0.22   3.30  -2.27  -5.74  31.67
  -0.43   0.22   3.30  -2.27  -5.74  31.67
  -0.74   0.17   2.82  -3.80   9.26  30.58
  -0.74   0.17   2.82  -3.80   9.26  30.58
  -0.45   0.18   3.58  -0.88  -7.80  31.16
  -0.45   0.18   3.58  -0.88  -7.80  31.16
  -0.70   0.14   2.80  -3.08   8.01  30.26
  -0.70   0.14   2.80  -3.08   8.01  30.26
  -0.62   0.17   2.97  -1.95   3.11  30.36
  -0.62   0.17   2.97  -1.95   3.11  30.36
  -0.46   0.26   3.41  -1.94  -4.50  31.80
  -0.46   0.26   3.41  -1.94  -4.50  31.80
  -0.62   0.26   3.14  -2.50   4.09  31.26
  -0.62   0.26   3.14  -2.50   4.09  31.26
  -0.60   0.19   2.80  -2.38   6.24  31.47
  -0.60   0.19   2.80  -2.38   6.24  31.47
  -0.63   0.16   2.95  -4.03   2.88  30.43
  -0.63   0.16   2.95  -4.03   2.88  30.43
  -0.64   0.15   2.89  -2.94   6.56  30.90
  -0.64   0.15   2.89  -2.94   6.56  30.90
  -0.31   0.23   3.37  -0.25 -10.37  32.05
  -0.31   0.23   3.37  -0.25 -10.37  32.05
  -0.40   0.22   3.12  -1.57  -3.55  31.71
  -0.40   0.22   3.12  -1.57  -3.55  31.71
  -0.58   0.22   3.03  -2.62   2.99  31.71
  -0.58   0.22   3.03  -2.62   2.99  31.71
  -0.66   0.22   2.89  -3.09   5.86  31.32
  -0.66   0.22   2.89  -3.09   5.86  31.32
