  -0.32   0.39   3.63  -1.52  -8.50  42.09
  -0.32   0.39   3.63  -1.52  -8.50  42.09
  -0.72  -0.25   3.29  -4.59  -2.12  35.08
  -0.72  -0.25   3.29  -4.59  -2.12  35.08
  -1.25  -0.08   3.59  -3.20  -7.49  40.95
  -1.25  -0.08   3.59  -3.20  -7.49  40.95
  -0.99   0.44   3.55  -3.31  -4.73  43.09
  -0.99   0.44   3.55  -3.31  -4.73  43.09
  -1.02   0.38   3.30  -1.23   1.27  40.85
  -1.02   0.38   3.30  -1.23   1.27  40.85
  -0.12   0.01   2.50   0.36  13.30  27.60
  -0.12   0.01   2.50   0.36  13.30  27.60
  -0.57  -0.16   4.07  -4.88  -0.78  42.19
  -0.57  -0.16   4.07  -4.88  -0.78  42.19
  -0.57   0.27   3.38  -1.05  -3.26  35.92
  -0.57   0.27   3.38  -1.05  -3.26  35.92
  -0.54  -0.41   3.50  -2.05  -2.19  36.43
  -0.54  -0.41   3.50  -2.05  -2.19  36.43
  -0.45  -1.09   3.50  -0.11   9.46  33.32
  -0.45  -1.09   3.50  -0.11   9.46  33.32
  -0.26  -0.46   3.83  -0.02  -3.27  36.22
  -0.26  -0.46   3.83  -0.02  -3.27  36.22
  -0.64  -0.21   3.91  -4.01  -9.03  37.52
  -0.64  -0.21   3.91  -4.01  -9.03  37.52
  -0.49  -0.09   2.92   2.91   8.97  30.20
  -0.49  -0.09   2.92   2.91   8.97  30.20
  -0.70  -0.43   3.21   0.08  11.70  37.47
  -0.70  -0.43   3.21   0.08  11.70  37.47
  -0.20   0.19   4.18  -2.57 -14.09  40.46
  -0.20   0.19   4.18  -2.57 -14.09  40.46
  -1.09   0.13   4.09  -4.93 -15.73  43.70
  -1.09   0.13   4.09  -4.93 -15.73  43.70
  -0.91   0.06   3.48  -0.61  -7.28  36.31
  -0.91   0.06   3.48  -0.61  -7.28  36.31
  -0.80  -0.55   3.23  -2.37   3.39  36.74
  -0.80  -0.55   3.23  -2.37   3.39  36.74
  -0.88   0.30   4.05  -4.76 -20.94  43.01
  -0.88   0.30   4.05  -4.76 -20.94  43.01
  -0.62  -0.12   3.39  -1.46   1.08  39.50
  -0.62  -0.12   3.39  -1.46   1.08  39.50
  -0.91   0.16   3.79  -2.51  -5.77  41.99
  -0.91   0.16   3.79  -2.51  -5.77  41.99
  -0.55  -0.11   3.99  -2.16 -11.64  41.93
  -0.55  -0.11   3.99  -2.16 -11.64  41.93
  -1.15   0.21   3.32  -2.55 -11.87  39.90
  -1.15   0.21   3.32  -2.55 -11.87  39.90
  -1.08   0.54   3.73  -2.94  -8.79  37.90
  -1.08   0.54   3.73  -2.94  -8.79  37.90
  -1.22   0.24   3.94  -4.20 -12.10  44.05
  -1.22   0.24   3.94  -4.20 -12.10  44.05
  -0.80   0.18   3.57  -2.21  -6.35  40.26
  -0.80   0.18   3.57  -2.21  -6.35  40.26
  -0.83   0.37   3.55  -0.62 -11.10  39.25
  -0.83   0.37   3.55  -0.62 -11.10  39.25
  -0.04   0.02   3.03   2.34  22.88  31.24
  -0.04   0.02   3.03   2.34  22.88  31.24
  -0.35   0.04   3.11   1.98  14.67  28.01
  -0.35   0.04   3.11   1.98  14.67  28.01
   0.12  -0.52   2.80   1.70  14.21  24.03
   0.12  -0.52   2.80   1.70  14.21  24.03
  -0.19  -0.12   2.69   5.59  11.31  31.85
  -0.19  -0.12   2.69   5.59  11.31  31.85
   0.06   0.03   4.45   0.82 -21.11  43.71
   0.06   0.03   4.45   0.82 -21.11  43.71
  -0.96   0.04   3.76  -1.30   3.34  42.80
  -0.96   0.04   3.76  -1.30   3.34  42.80
  -0.20  -0.16   3.81  -2.27 -11.68  41.80
  -0.20  -0.16   3.81  -2.27 -11.68  41.80
  -0.16  -0.03   2.95   2.58   5.14  31.13
  -0.16  -0.03   2.95   2.58   5.14  31.13
  -0.82   0.25   3.46  -1.18  -2.19  37.81
  -0.82   0.25   3.46  -1.18  -2.19  37.81
  -0.60  -0.40   3.97  -4.82 -11.04  41.70
  -0.60  -0.40   3.97  -4.82 -11.04  41.70
  -0.56   0.11   4.11  -5.50  -3.99  44.58
  -0.56   0.11   4.11  -5.50  -3.99  44.58
  -0.57   0.55   3.46   0.94  -4.07  43.87
  -0.57   0.55   3.46   0.94  -4.07  43.87
  -1.20   0.65   3.58  -0.86 -11.96  40.00
  -1.20   0.65   3.58  -0.86 -11.96  40.00
  -0.55   0.56   3.86  -2.57  -5.02  41.83
  -0.55   0.56   3.86  -2.57  -5.02  41.83
  -0.43  -0.07   3.76  -1.30   1.79  37.64
  -0.43  -0.07   3.76  -1.30   1.79  37.64
  -0.26  -0.29   3.62  -1.49   0.79  35.17
  -0.26  -0.29   3.62  -1.49   0.79  35.17
  -0.01   0.11   3.26   3.02   3.15  34.68
  -0.01   0.11   3.26   3.02   3.15  34.68
  -0.62   0.33   4.21  -2.88 -14.83  45.19
  -0.62   0.33   4.21  -2.88 -14.83  45.19
  -0.34   0.31   4.04  -3.12  -9.57  46.31
  -0.34   0.31   4.04  -3.12  -9.57  46.31
  -0.58  -0.26   4.06  -2.76  -9.79  39.32
  -0.58  -0.26   4.06  -2.76  -9.79  39.32
  -0.42  -0.74   4.01  -4.18   2.86  41.09
  -0.42  -0.74   4.01  -4.18   2.86  41.09
  -0.87  -0.25   3.30  -4.69   1.76  34.89
  -0.87  -0.25   3.30  -4.69   1.76  34.89
  -0.25  -0.36   4.19  -4.69 -16.09  41.38
  -0.25  -0.36   4.19  -4.69 -16.09  41.38
  -0.98  -0.35   3.42   1.86   4.36  33.69
  -0.98  -0.35   3.42   1.86   4.36  33.69
