  -0.90  -0.94   2.72   1.98  -1.78  34.04
  -0.90  -0.94   2.72   1.98  -1.78  34.04
  -0.90  -0.99   2.61   1.83  -0.37  33.78
  -0.90  -0.99   2.61   1.83  -0.37  33.78
  -0.93  -0.97   2.60   1.37  -1.69  34.01
  -0.93  -0.97   2.60   1.37  -1.69  34.01
  -0.86  -1.00   2.54   1.90  -0.67  33.55
  -0.86  -1.00   2.54   1.90  -0.67  33.55
  -0.91  -0.94   2.70   1.51  -1.73  34.37
  -0.91  -0.94   2.70   1.51  -1.73  34.37
  -0.95  -0.94   2.65   1.10  -1.61  34.38
  -0.95  -0.94   2.65   1.10  -1.61  34.38
  -0.92  -0.97   2.68   2.13  -2.20  34.22
  -0.92  -0.97   2.68   2.13  -2.20  34.22
  -0.89  -0.98   2.64   1.97  -1.10  34.03
  -0.89  -0.98   2.64   1.97  -1.10  34.03
  -0.92  -0.94   2.62   0.93  -1.43  34.19
  -0.92  -0.94   2.62   0.93  -1.43  34.19
  -0.88  -0.99   2.60   2.18  -0.59  33.51
  -0.88  -0.99   2.60   2.18  -0.59  33.51
  -0.86  -0.99   2.57   2.51  -0.64  33.20
  -0.86  -0.99   2.57   2.51  -0.64  33.20
  -0.90  -0.95   2.66   1.31  -1.44  34.59
  -0.90  -0.95   2.66   1.31  -1.44  34.59
  -0.90  -0.97   2.60   1.33   0.08  33.98
  -0.90  -0.97   2.60   1.33   0.08  33.98
  -0.90  -0.97   2.56   1.57  -0.82  33.72
  -0.90  -0.97   2.56   1.57  -0.82  33.72
  -0.91  -0.98   2.63   2.19  -1.44  33.71
  -0.91  -0.98   2.63   2.19  -1.44  33.71
  -0.94  -0.94   2.74   1.00  -2.36  34.56
  -0.94  -0.94   2.74   1.00  -2.36  34.56
  -0.90  -0.96   2.65   1.10  -2.80  34.34
  -0.90  -0.96   2.65   1.10  -2.80  34.34
  -0.92  -0.97   2.60   1.38   0.07  33.77
  -0.92  -0.97   2.60   1.38   0.07  33.77
  -0.89  -0.97   2.65   1.74  -2.12  33.86
  -0.89  -0.97   2.65   1.74  -2.12  33.86
  -0.87  -0.98   2.64   2.23  -0.61  33.28
  -0.87  -0.98   2.64   2.23  -0.61  33.28
  -0.91  -1.00   2.57   2.10  -0.78  33.65
  -0.91  -1.00   2.57   2.10  -0.78  33.65
  -0.89  -0.98   2.59   1.87  -0.75  33.69
  -0.89  -0.98   2.59   1.87  -0.75  33.69
  -0.93  -0.98   2.68   1.64  -2.17  33.69
  -0.93  -0.98   2.68   1.64  -2.17  33.69
  -0.93  -0.98   2.54   1.65   0.85  33.43
  -0.93  -0.98   2.54   1.65   0.85  33.43
  -0.94  -0.98   2.68   1.43  -3.50  33.85
  -0.94  -0.98   2.68   1.43  -3.50  33.85
  -0.90  -0.97   2.63   1.33  -1.93  34.11
  -0.90  -0.97   2.63   1.33  -1.93  34.11
  -0.87  -1.00   2.60   2.17  -0.16  33.52
  -0.87  -1.00   2.60   2.17  -0.16  33.52
  -0.94  -0.96   2.62   1.38  -0.67  33.80
  -0.94  -0.96   2.62   1.38  -0.67  33.80
  -0.90  -0.96   2.61   1.20  -1.21  33.94
  -0.90  -0.96   2.61   1.20  -1.21  33.94
  -0.86  -0.97   2.64   1.90  -1.29  33.87
  -0.86  -0.97   2.64   1.90  -1.29  33.87
  -0.84  -0.98   2.70   2.89  -0.29  33.46
  -0.84  -0.98   2.70   2.89  -0.29  33.46
  -0.85  -1.01   2.55   2.51  -1.10  33.46
  -0.85  -1.01   2.55   2.51  -1.10  33.46
  -0.87  -0.99   2.63   2.45  -0.28  33.39
  -0.87  -0.99   2.63   2.45  -0.28  33.39
  -0.92  -0.97   2.61   1.81  -1.66  33.98
  -0.92  -0.97   2.61   1.81  -1.66  33.98
  -0.90  -0.97   2.64   2.19  -0.44  33.97
  -0.90  -0.97   2.64   2.19  -0.44  33.97
  -0.90  -0.97   2.58   1.61  -0.57  33.88
  -0.90  -0.97   2.58   1.61  -0.57  33.88
  -0.88  -1.00   2.66   1.60  -2.30  34.02
  -0.88  -1.00   2.66   1.60  -2.30  34.02
  -0.92  -0.97   2.67   1.89  -1.18  33.68
  -0.92  -0.97   2.67   1.89  -1.18  33.68
  -0.94  -0.96   2.70   1.64  -2.44  33.60
  -0.94  -0.96   2.70   1.64  -2.44  33.60
  -0.87  -0.98   2.74   2.64  -2.62  33.84
  -0.87  -0.98   2.74   2.64  -2.62  33.84
  -0.93  -0.97   2.64   1.96  -1.38  34.09
  -0.93  -0.97   2.64   1.96  -1.38  34.09
  -0.90  -0.97   2.60   1.56  -0.44  33.97
  -0.90  -0.97   2.60   1.56  -0.44  33.97
  -0.92  -0.97   2.58   1.36  -1.26  33.92
  -0.92  -0.97   2.58   1.36  -1.26  33.92
  -0.89  -0.98   2.51   1.78   0.96  33.54
  -0.89  -0.98   2.51   1.78   0.96  33.54
  -0.90  -0.97   2.66   1.21  -1.95  34.20
  -0.90  -0.97   2.66   1.21  -1.95  34.20
  -0.90  -0.95   2.59   1.65  -0.60  34.24
  -0.90  -0.95   2.59   1.65  -0.60  34.24
  -0.84  -0.97   2.65   2.85  -1.13  33.39
  -0.84  -0.97   2.65   2.85  -1.13  33.39
  -0.94  -0.98   2.70   2.44  -1.30  33.67
  -0.94  -0.98   2.70   2.44  -1.30  33.67
  -0.89  -0.98   2.58   1.71  -0.63  33.52
  -0.89  -0.98   2.58   1.71  -0.63  33.52
  -0.92  -0.97   2.63   1.66  -1.59  33.88
  -0.92  -0.97   2.63   1.66  -1.59  33.88
  -0.91  -0.96   2.62   1.47  -1.52  33.75
  -0.91  -0.96   2.62   1.47  -1.52  33.75
