  -0.42   0.09   2.97   1.02   2.84  35.11
  -0.42   0.09   2.97   1.02   2.84  35.11
  -0.78   0.02   3.06  -3.14   1.65  37.40
  -0.78   0.02   3.06  -3.14   1.65  37.40
  -0.55  -0.16   3.07   0.19   8.31  42.50
  -0.55  -0.16   3.07   0.19   8.31  42.50
  -0.71  -0.06   2.93   1.73   5.33  41.87
  -0.71  -0.06   2.93   1.73   5.33  41.87
  -0.64  -0.30   3.17   0.31  -0.07  44.08
  -0.64  -0.30   3.17   0.31  -0.07  44.08
  -0.41  -0.40   3.68   2.00  -6.51  44.00
  -0.41  -0.40   3.68   2.00  -6.51  44.00
  -0.72   0.25   2.74   1.77  13.61  35.62
  -0.72   0.25   2.74   1.77  13.61  35.62
  -0.78  -0.17   3.06   3.58   9.67  37.61
  -0.78  -0.17   3.06   3.58   9.67  37.61
  -0.75  -0.22   2.45   1.06  10.25  38.34
  -0.75  -0.22   2.45   1.06  10.25  38.34
  -1.03  -0.07   2.62   0.03   5.06  42.49
  -1.03  -0.07   2.62   0.03   5.06  42.49
  -0.22   0.27   3.84   3.02 -18.22  43.66
  -0.22   0.27   3.84   3.02 -18.22  43.66
  -0.74   0.53   3.04  -1.35 -10.37  45.95
  -0.74   0.53   3.04  -1.35 -10.37  45.95
  -0.81   0.47   3.39   1.85 -14.14  44.91
  -0.81   0.47   3.39   1.85 -14.14  44.91
  -0.87   0.23   3.29   0.44 -18.32  43.85
  -0.87   0.23   3.29   0.44 -18.32  43.85
  -0.65  -0.50   2.81   0.57   7.22  39.15
  -0.65  -0.50   2.81   0.57   7.22  39.15
  -0.87  -0.10   3.79   2.39  -9.33  40.79
  -0.87  -0.10   3.79   2.39  -9.33  40.79
  -0.34  -0.06   3.57   1.01 -12.53  43.90
  -0.34  -0.06   3.57   1.01 -12.53  43.90
  -0.73   0.17   3.64   2.54 -15.70  43.04
  -0.73   0.17   3.64   2.54 -15.70  43.04
  -0.42   0.18   3.90  -1.91 -11.47  36.76
  -0.42   0.18   3.90  -1.91 -11.47  36.76
  -0.48   0.36   3.16   0.21  13.30  42.07
  -0.48   0.36   3.16   0.21  13.30  42.07
  -0.68  -0.01   2.85   1.51  21.53  39.03
  -0.68  -0.01   2.85   1.51  21.53  39.03
  -0.86   0.23   3.04   1.97  16.20  28.28
  -0.86   0.23   3.04   1.97  16.20  28.28
  -0.70   0.20   2.60   2.01  20.39  38.44
  -0.70   0.20   2.60   2.01  20.39  38.44
  -1.07   0.20   2.66   0.26  10.65  41.37
  -1.07   0.20   2.66   0.26  10.65  41.37
  -0.80  -0.08   3.28  -0.96   6.83  38.30
  -0.80  -0.08   3.28  -0.96   6.83  38.30
  -0.93   0.10   2.76   3.21  24.44  32.45
  -0.93   0.10   2.76   3.21  24.44  32.45
  -0.81  -0.52   3.23  -0.80  -3.83  41.60
  -0.81  -0.52   3.23  -0.80  -3.83  41.60
  -1.07  -0.51   3.72  -0.82 -10.67  42.61
  -1.07  -0.51   3.72  -0.82 -10.67  42.61
  -0.24   0.14   2.39   2.25  31.03  35.07
  -0.24   0.14   2.39   2.25  31.03  35.07
  -0.55  -0.20   2.53  -0.51  16.36  37.92
  -0.55  -0.20   2.53  -0.51  16.36  37.92
  -0.68  -0.40   2.76   1.42  21.16  34.48
  -0.68  -0.40   2.76   1.42  21.16  34.48
  -0.82  -0.02   2.69   0.93  16.13  38.77
  -0.82  -0.02   2.69   0.93  16.13  38.77
  -0.54  -0.02   2.30   2.58  16.98  34.93
  -0.54  -0.02   2.30   2.58  16.98  34.93
  -0.73   0.00   3.14   2.11   3.82  44.49
  -0.73   0.00   3.14   2.11   3.82  44.49
  -0.79  -0.30   2.53   2.32  14.08  39.35
  -0.79  -0.30   2.53   2.32  14.08  39.35
  -0.37   0.58   3.77  -0.28 -12.24  40.22
  -0.37   0.58   3.77  -0.28 -12.24  40.22
  -0.45  -0.14   3.14   0.00   3.22  40.72
  -0.45  -0.14   3.14   0.00   3.22  40.72
  -1.03  -0.14   3.10   1.29   9.64  42.27
  -1.03  -0.14   3.10   1.29   9.64  42.27
  -0.72   0.02   3.59   3.63  -4.23  43.06
  -0.72   0.02   3.59   3.63  -4.23  43.06
  -0.60  -0.10   2.77   0.48   6.82  36.20
  -0.60  -0.10   2.77   0.48   6.82  36.20
  -0.35   0.10   3.60   0.23  -2.84  45.89
  -0.35   0.10   3.60   0.23  -2.84  45.89
  -0.16   0.20   3.34   1.41   4.37  41.73
  -0.16   0.20   3.34   1.41   4.37  41.73
  -0.61   0.38   3.02   3.98   6.50  44.90
  -0.61   0.38   3.02   3.98   6.50  44.90
  -0.47  -0.62   2.94   1.95   5.31  35.68
  -0.47  -0.62   2.94   1.95   5.31  35.68
  -0.39  -0.45   3.69  -1.02  -6.79  39.26
  -0.39  -0.45   3.69  -1.02  -6.79  39.26
  -0.26   0.08   3.07   4.10  -1.26  43.14
  -0.26   0.08   3.07   4.10  -1.26  43.14
  -0.79   0.04   3.38   1.36  -4.30  40.84
  -0.79   0.04   3.38   1.36  -4.30  40.84
  -0.57  -0.32   3.62  -4.23  -4.41  43.35
  -0.57  -0.32   3.62  -4.23  -4.41  43.35
  -0.19  -0.64   2.83  -1.90   6.87  31.91
  -0.19  -0.64   2.83  -1.90   6.87  31.91
  -0.74  -0.37   2.05   4.30  14.61  35.74
  -0.74  -0.37   2.05   4.30  14.61  35.74
  -0.37  -0.10   3.34  -0.06   1.27  38.15
  -0.37  -0.10   3.34  -0.06   1.27  38.15
