  -0.02   0.02   3.28   1.54   4.59  36.86
  -0.02   0.02   3.28   1.54   4.59  36.86
   0.00   0.03   3.32   0.20   7.41  36.94
   0.00   0.03   3.32   0.20   7.41  36.94
  -0.04   0.02   3.26   0.81   5.11  36.98
  -0.04   0.02   3.26   0.81   5.11  36.98
   0.03   0.05   3.43   1.47   4.56  37.13
   0.03   0.05   3.43   1.47   4.56  37.13
   0.01   0.02   3.28   0.95   6.43  36.75
   0.01   0.02   3.28   0.95   6.43  36.75
   0.02   0.04   3.35   1.21   3.39  36.77
   0.02   0.04   3.35   1.21   3.39  36.77
   0.02   0.03   3.32   0.61   5.00  36.60
   0.02   0.03   3.32   0.61   5.00  36.60
   0.01   0.02   3.38   0.76   5.15  36.75
   0.01   0.02   3.38   0.76   5.15  36.75
   0.06   0.02   3.27   0.20   5.22  36.81
   0.06   0.02   3.27   0.20   5.22  36.81
   0.06   0.05   3.35   1.28   4.84  36.98
   0.06   0.05   3.35   1.28   4.84  36.98
   0.02   0.03   3.38   0.43   6.16  36.75
   0.02   0.03   3.38   0.43   6.16  36.75
   0.04   0.06   3.33   0.73   6.07  36.90
   0.04   0.06   3.33   0.73   6.07  36.90
   0.00   0.02   3.32  -0.14   6.46  36.92
   0.00   0.02   3.32  -0.14   6.46  36.92
   0.02   0.02   3.35   0.04   6.17  36.89
   0.02   0.02   3.35   0.04   6.17  36.89
   0.01   0.02   3.38   0.62   6.01  36.88
   0.01   0.02   3.38   0.62   6.01  36.88
   0.00   0.02   3.32   1.02   4.01  37.05
   0.00   0.02   3.32   1.02   4.01  37.05
   0.03   0.04   3.32   1.07   4.99  36.68
   0.03   0.04   3.32   1.07   4.99  36.68
   0.04   0.01   3.36   1.11   4.61  36.70
   0.04   0.01   3.36   1.11   4.61  36.70
   0.01   0.01   3.25   0.00   5.83  36.75
   0.01   0.01   3.25   0.00   5.83  36.75
   0.06   0.00   3.36   0.37   7.15  36.64
   0.06   0.00   3.36   0.37   7.15  36.64
   0.05   0.01   3.25  -0.12   4.14  36.72
   0.05   0.01   3.25  -0.12   4.14  36.72
   0.01   0.01   3.24   1.06   3.84  37.10
   0.01   0.01   3.24   1.06   3.84  37.10
   0.01   0.03   3.26   0.79   4.46  37.05
   0.01   0.03   3.26   0.79   4.46  37.05
   0.00   0.01   3.29   0.76   3.86  36.68
   0.00   0.01   3.29   0.76   3.86  36.68
   0.01   0.01   3.34   1.33   5.73  36.80
   0.01   0.01   3.34   1.33   5.73  36.80
  -0.02   0.01   3.16   1.39   3.45  36.60
  -0.02   0.01   3.16   1.39   3.45  36.60
   0.04   0.05   3.31   0.70   3.78  36.87
   0.04   0.05   3.31   0.70   3.78  36.87
   0.01   0.01   3.31   0.74   5.00  36.71
   0.01   0.01   3.31   0.74   5.00  36.71
   0.04   0.03   3.33   0.60   2.47  36.79
   0.04   0.03   3.33   0.60   2.47  36.79
   0.03   0.03   3.37   0.67   4.19  37.10
   0.03   0.03   3.37   0.67   4.19  37.10
  -0.01   0.04   3.37   0.22   4.64  36.69
  -0.01   0.04   3.37   0.22   4.64  36.69
   0.01   0.03   3.28   0.37   5.40  36.72
   0.01   0.03   3.28   0.37   5.40  36.72
   0.01   0.04   3.36   0.12   3.62  37.34
   0.01   0.04   3.36   0.12   3.62  37.34
   0.02   0.06   3.40   0.28   4.62  36.95
   0.02   0.06   3.40   0.28   4.62  36.95
   0.03   0.04   3.26   0.81   4.34  36.94
   0.03   0.04   3.26   0.81   4.34  36.94
   0.06   0.06   3.33   0.59   5.81  36.78
   0.06   0.06   3.33   0.59   5.81  36.78
   0.05   0.05   3.40   0.55   6.44  36.75
   0.05   0.05   3.40   0.55   6.44  36.75
   0.01   0.01   3.26   0.49   4.52  36.47
   0.01   0.01   3.26   0.49   4.52  36.47
   0.01  -0.01   3.23   0.65   5.38  36.63
   0.01  -0.01   3.23   0.65   5.38  36.63
   0.05   0.02   3.28   0.56   5.01  36.80
   0.05   0.02   3.28   0.56   5.01  36.80
   0.01   0.06   3.36   0.47   4.38  37.05
   0.01   0.06   3.36   0.47   4.38  37.05
   0.00   0.02   3.35   0.04   4.86  36.78
   0.00   0.02   3.35   0.04   4.86  36.78
   0.02   0.04   3.40   0.16   5.28  37.18
   0.02   0.04   3.40   0.16   5.28  37.18
   0.01   0.03   3.29   0.54   5.51  36.65
   0.01   0.03   3.29   0.54   5.51  36.65
   0.10   0.02   3.40   1.31   3.68  37.07
   0.10   0.02   3.40   1.31   3.68  37.07
   0.03   0.02   3.30   1.31   6.57  36.61
   0.03   0.02   3.30   1.31   6.57  36.61
   0.03  -0.01   3.31  -0.10   3.95  36.74
   0.03  -0.01   3.31  -0.10   3.95  36.74
   0.06   0.02   3.30   1.60   5.00  36.77
   0.06   0.02   3.30   1.60   5.00  36.77
   0.04   0.02   3.34   1.33   2.90  36.71
   0.04   0.02   3.34   1.33   2.90  36.71
   0.01   0.02   3.37   0.47   4.32  37.01
   0.01   0.02   3.37   0.47   4.32  37.01
   0.04   0.02   3.30   1.23   4.32  36.62
   0.04   0.02   3.30   1.23   4.32  36.62
