  -0.25   0.55   2.94   1.59   9.56  38.85
  -0.25   0.55   2.94   1.59   9.56  38.85
  -0.26   0.51   2.83   0.89  10.79  38.75
  -0.26   0.51   2.83   0.89  10.79  38.75
  -0.27   0.56   3.00   1.16   9.18  39.07
  -0.27   0.56   3.00   1.16   9.18  39.07
  -0.21   0.57   2.91   1.67  11.49  39.09
  -0.21   0.57   2.91   1.67  11.49  39.09
  -0.21   0.56   2.95   1.73  10.35  38.97
  -0.21   0.56   2.95   1.73  10.35  38.97
  -0.23   0.56   2.87   1.51  12.54  38.78
  -0.23   0.56   2.87   1.51  12.54  38.78
  -0.25   0.54   2.82   1.78  10.83  39.05
  -0.25   0.54   2.82   1.78  10.83  39.05
  -0.26   0.58   2.99   1.29   8.99  39.39
  -0.26   0.58   2.99   1.29   8.99  39.39
  -0.22   0.54   2.83   1.72   9.79  39.54
  -0.22   0.54   2.83   1.72   9.79  39.54
  -0.24   0.59   2.90   2.33  11.39  39.62
  -0.24   0.59   2.90   2.33  11.39  39.62
  -0.21   0.57   2.98   0.82  10.04  39.33
  -0.21   0.57   2.98   0.82  10.04  39.33
  -0.27   0.55   2.89   1.35  11.17  39.39
  -0.27   0.55   2.89   1.35  11.17  39.39
  -0.23   0.59   3.02   1.35   8.21  39.77
  -0.23   0.59   3.02   1.35   8.21  39.77
  -0.23   0.57   2.95   1.79   8.61  39.48
  -0.23   0.57   2.95   1.79   8.61  39.48
  -0.26   0.53   2.80   1.68  11.70  38.99
  -0.26   0.53   2.80   1.68  11.70  38.99
  -0.24   0.56   2.92   1.08  12.06  38.97
  -0.24   0.56   2.92   1.08  12.06  38.97
  -0.23   0.53   2.83   1.01  11.99  38.83
  -0.23   0.53   2.83   1.01  11.99  38.83
  -0.18   0.57   2.91   0.92   9.83  39.15
  -0.18   0.57   2.91   0.92   9.83  39.15
  -0.22   0.57   2.95   0.46   9.84  39.56
  -0.22   0.57   2.95   0.46   9.84  39.56
  -0.24   0.53   2.80   1.40  10.79  38.99
  -0.24   0.53   2.80   1.40  10.79  38.99
  -0.25   0.56   2.90   1.58  11.07  38.90
  -0.25   0.56   2.90   1.58  11.07  38.90
  -0.23   0.53   2.79   2.17  12.07  38.85
  -0.23   0.53   2.79   2.17  12.07  38.85
  -0.23   0.56   2.95   1.10   9.09  39.34
  -0.23   0.56   2.95   1.10   9.09  39.34
  -0.23   0.54   2.70   1.62  10.38  39.27
  -0.23   0.54   2.70   1.62  10.38  39.27
  -0.24   0.56   2.84   2.12   9.18  39.51
  -0.24   0.56   2.84   2.12   9.18  39.51
  -0.20   0.56   2.88   1.54   9.93  39.33
  -0.20   0.56   2.88   1.54   9.93  39.33
  -0.19   0.58   2.84   2.02  10.31  39.66
  -0.19   0.58   2.84   2.02  10.31  39.66
  -0.25   0.57   2.99   1.47   9.31  39.43
  -0.25   0.57   2.99   1.47   9.31  39.43
  -0.25   0.56   2.88   1.89   9.37  39.27
  -0.25   0.56   2.88   1.89   9.37  39.27
  -0.28   0.54   2.72   1.43  11.35  39.20
  -0.28   0.54   2.72   1.43  11.35  39.20
  -0.23   0.58   2.96   0.64  11.22  39.17
  -0.23   0.58   2.96   0.64  11.22  39.17
  -0.24   0.57   2.98   1.78   9.39  39.21
  -0.24   0.57   2.98   1.78   9.39  39.21
  -0.24   0.55   2.91   1.88  10.44  39.03
  -0.24   0.55   2.91   1.88  10.44  39.03
  -0.23   0.54   2.87   0.89  13.07  38.76
  -0.23   0.54   2.87   0.89  13.07  38.76
  -0.26   0.52   2.87   0.93  12.11  39.01
  -0.26   0.52   2.87   0.93  12.11  39.01
  -0.19   0.60   2.93   0.83   8.56  39.78
  -0.19   0.60   2.93   0.83   8.56  39.78
  -0.22   0.55   2.78   1.79  11.25  38.72
  -0.22   0.55   2.78   1.79  11.25  38.72
  -0.25   0.53   2.84   1.24  11.84  38.76
  -0.25   0.53   2.84   1.24  11.84  38.76
  -0.25   0.53   2.83   1.07   9.89  39.27
  -0.25   0.53   2.83   1.07   9.89  39.27
  -0.28   0.55   2.80   2.29  11.37  39.16
  -0.28   0.55   2.80   2.29  11.37  39.16
  -0.21   0.56   2.84   1.00  10.95  39.23
  -0.21   0.56   2.84   1.00  10.95  39.23
  -0.25   0.55   2.87   1.52  10.85  39.04
  -0.25   0.55   2.87   1.52  10.85  39.04
  -0.23   0.53   2.81   2.03  11.26  39.13
  -0.23   0.53   2.81   2.03  11.26  39.13
  -0.21   0.55   2.71   1.78  10.71  38.92
  -0.21   0.55   2.71   1.78  10.71  38.92
  -0.24   0.56   2.90   1.04  11.28  39.08
  -0.24   0.56   2.90   1.04  11.28  39.08
  -0.26   0.57   2.91   1.42  11.48  38.84
  -0.26   0.57   2.91   1.42  11.48  38.84
  -0.23   0.52   2.79   1.86  10.93  38.67
  -0.23   0.52   2.79   1.86  10.93  38.67
  -0.24   0.55   3.02   1.46  11.19  38.89
  -0.24   0.55   3.02   1.46  11.19  38.89
  -0.21   0.55   2.85   1.45  11.41  38.70
  -0.21   0.55   2.85   1.45  11.41  38.70
  -0.23   0.59   2.88   1.04  10.29  39.18
  -0.23   0.59   2.88   1.04  10.29  39.18
  -0.26   0.57   2.93   1.54  10.91  38.82
  -0.26   0.57   2.93   1.54  10.91  38.82
