   0.06   0.40   3.08  -0.40   3.43  41.17
   0.06   0.40   3.08  -0.40   3.43  41.17
   0.01   0.33   2.97  -0.31   1.95  41.17
   0.01   0.33   2.97  -0.31   1.95  41.17
   0.12   0.37   2.91   0.42   4.27  41.06
   0.12   0.37   2.91   0.42   4.27  41.06
   0.06   0.37   2.99  -0.33   3.10  40.73
   0.06   0.37   2.99  -0.33   3.10  40.73
   0.04   0.38   2.91   0.33   3.27  40.99
   0.04   0.38   2.91   0.33   3.27  40.99
   0.06   0.42   3.06  -0.41   3.20  41.63
   0.06   0.42   3.06  -0.41   3.20  41.63
   0.12   0.39   2.87   0.94   5.21  41.29
   0.12   0.39   2.87   0.94   5.21  41.29
   0.02   0.36   3.00  -0.87   3.24  40.78
   0.02   0.36   3.00  -0.87   3.24  40.78
   0.03   0.38   2.92  -0.85   4.49  41.02
   0.03   0.38   2.92  -0.85   4.49  41.02
   0.09   0.43   3.16   0.21   4.99  41.79
   0.09   0.43   3.16   0.21   4.99  41.79
   0.05   0.37   2.93   1.70   3.83  41.13
   0.05   0.37   2.93   1.70   3.83  41.13
   0.10   0.36   2.97   0.27   3.30  41.27
   0.10   0.36   2.97   0.27   3.30  41.27
   0.11   0.37   2.93   0.30   4.09  41.20
   0.11   0.37   2.93   0.30   4.09  41.20
   0.07   0.39   3.02  -0.80   3.02  41.29
   0.07   0.39   3.02  -0.80   3.02  41.29
   0.05   0.40   2.92   0.66   3.68  41.41
   0.05   0.40   2.92   0.66   3.68  41.41
   0.02   0.38   3.05  -1.28   2.18  41.40
   0.02   0.38   3.05  -1.28   2.18  41.40
   0.08   0.36   3.00   0.05   2.33  41.14
   0.08   0.36   3.00   0.05   2.33  41.14
   0.02   0.40   3.05  -0.77   2.94  41.43
   0.02   0.40   3.05  -0.77   2.94  41.43
   0.04   0.38   2.97   0.47   3.94  41.26
   0.04   0.38   2.97   0.47   3.94  41.26
   0.03   0.35   2.89   0.36   4.96  40.43
   0.03   0.35   2.89   0.36   4.96  40.43
   0.05   0.40   3.04   0.03   4.17  41.19
   0.05   0.40   3.04   0.03   4.17  41.19
   0.06   0.39   2.99  -0.03   2.55  41.15
   0.06   0.39   2.99  -0.03   2.55  41.15
   0.09   0.37   3.00   0.46   2.75  40.87
   0.09   0.37   3.00   0.46   2.75  40.87
   0.03   0.42   3.05  -0.88   2.80  41.13
   0.03   0.42   3.05  -0.88   2.80  41.13
   0.09   0.37   3.06  -0.18   6.10  41.14
   0.09   0.37   3.06  -0.18   6.10  41.14
   0.16   0.41   3.10   0.37   4.26  41.60
   0.16   0.41   3.10   0.37   4.26  41.60
   0.10   0.39   3.06   0.41   3.23  41.47
   0.10   0.39   3.06   0.41   3.23  41.47
   0.02   0.41   3.10  -0.21   3.77  41.13
   0.02   0.41   3.10  -0.21   3.77  41.13
   0.03   0.38   3.11   0.16   3.43  41.41
   0.03   0.38   3.11   0.16   3.43  41.41
   0.06   0.38   3.13  -0.30   3.37  41.17
   0.06   0.38   3.13  -0.30   3.37  41.17
   0.04   0.39   2.93  -0.36   3.50  41.06
   0.04   0.39   2.93  -0.36   3.50  41.06
   0.07   0.37   3.14  -0.48   3.21  41.24
   0.07   0.37   3.14  -0.48   3.21  41.24
   0.04   0.39   3.19  -0.83   2.66  41.45
   0.04   0.39   3.19  -0.83   2.66  41.45
   0.04   0.37   3.03   0.05   3.04  41.31
   0.04   0.37   3.03   0.05   3.04  41.31
   0.05   0.36   3.04   0.12   2.92  40.82
   0.05   0.36   3.04   0.12   2.92  40.82
   0.08   0.40   2.98   0.06   4.40  41.26
   0.08   0.40   2.98   0.06   4.40  41.26
   0.06   0.37   2.85   0.28   3.53  41.08
   0.06   0.37   2.85   0.28   3.53  41.08
   0.03   0.40   2.94  -1.00   4.05  41.30
   0.03   0.40   2.94  -1.00   4.05  41.30
   0.03   0.39   3.01  -0.16   4.38  41.27
   0.03   0.39   3.01  -0.16   4.38  41.27
   0.01   0.40   2.97  -0.72   4.54  41.15
   0.01   0.40   2.97  -0.72   4.54  41.15
   0.06   0.43   3.14  -0.98   4.51  41.06
   0.06   0.43   3.14  -0.98   4.51  41.06
   0.15   0.37   3.03   1.50   4.59  41.01
   0.15   0.37   3.03   1.50   4.59  41.01
   0.02   0.37   3.02   0.16   2.58  41.49
   0.02   0.37   3.02   0.16   2.58  41.49
   0.07   0.36   3.00   0.06   5.85  40.62
   0.07   0.36   3.00   0.06   5.85  40.62
   0.12   0.34   3.03   0.07   5.02  40.86
   0.12   0.34   3.03   0.07   5.02  40.86
   0.12   0.37   2.98  -0.76   6.78  40.82
   0.12   0.37   2.98  -0.76   6.78  40.82
   0.06   0.38   3.08   0.03   4.54  41.26
   0.06   0.38   3.08   0.03   4.54  41.26
   0.07   0.38   2.96  -0.48   5.06  40.90
   0.07   0.38   2.96  -0.48   5.06  40.90
   0.05   0.38   3.07   0.03   1.97  41.22
   0.05   0.38   3.07   0.03   1.97  41.22
  -0.02   0.43   3.13  -0.62   3.03  41.38
  -0.02   0.43   3.13  -0.62   3.03  41.38
   0.06   0.37   2.89  -0.30   4.55  41.02
   0.06   0.37   2.89  -0.30   4.55  41.02
