1	246.78
2	244.84
3	232.6
4	245.9
5	230.41
6	248.05
7	247.07
8	244.64
9	236.32
10	234.71
11	240.49
12	245.76
13	248.09
14	244.72
15	234.45
16	243.08
17	245.62
18	251.04
19	253.29
20	236.2
21	248.68
22	233.56
23	241.06
24	241.22
25	254.63
26	248.22
27	250.29
28	237.14
29	221.38
30	241.64
31	251.79
32	252.56
33	244.19
34	245.38
35	233.29
36	230.75
37	232.63
38	233.95
39	234.82
40	242.85
41	252.69
42	237.14
43	229.53
44	244.41
45	237.3
46	242.15
47	225.45
48	245.61
49	246.7
50	257.74
51	243.65
52	245.49
53	228.37
54	243.13
55	243.42
56	235.06
57	256.35
58	241.85
59	253.12
60	243.83
61	252.2
62	264.98
63	251.59
64	240.25
65	252.52
66	250.17
67	242.54
68	243.05
69	254.31
70	242.28
71	249.06
72	238.75
73	238.9
74	238.59
75	247.29
76	256.78
77	243.45
78	225.09
79	238.98
80	244.59
81	227.04
82	232.76
83	245.33
84	247.89
85	262.9
86	256.03
87	240.15
88	222.82
89	250.2
90	254.08
91	245.78
92	248.83
93	240.43
94	236.86
95	258.94
96	276.95
97	240.31
98	228.33
99	262.18
100	236.68
101	227.85
