1	0.42
2	-4.40
3	-4.55
4	-1.01
5	-4.29
6	0.76
7	7.66
8	-5.36
9	-3.36
10	2.53
11	-7.62
12	-10.37
13	-1.39
14	1.81
15	-1.24
16	9.89
17	-0.15
18	-4.54
19	-13.29
20	-4.66
21	7.83
22	1.61
23	-13.83
24	-2.49
25	5.64
26	7.06
27	-12.30
28	-11.50
29	-4.05
30	2.15
31	-0.23
32	-7.88
33	-7.08
34	-2.57
35	-5.92
36	4.59
37	-5.81
38	-4.80
39	-5.06
40	-9.76
41	-6.65
42	-5.83
43	0.60
44	-14.49
45	-7.47
46	-5.90
47	3.73
48	-5.71
49	-10.39
50	-7.81
51	-15.40
52	4.67
53	1.36
54	6.11
55	11.60
56	-12.89
57	-4.79
58	-3.80
59	-13.87
60	-1.07
61	-3.59
62	6.55
63	2.12
64	-1.12
65	-12.79
66	-3.15
67	3.25
68	2.74
69	-6.45
70	1.12
71	-2.88
72	-1.49
73	-6.52
74	-10.99
75	-5.31
76	-7.77
77	-5.29
78	-6.50
79	-4.62
80	-13.50
81	-3.92
82	-7.27
83	-4.63
84	-10.19
85	-0.52
86	-2.32
87	-4.44
88	-3.35
89	-2.80
90	-14.87
91	-1.63
92	-0.66
93	-9.85
94	2.89
95	-12.94
96	1.43
97	-8.38
98	-8.82
99	-13.21
100	-9.56
101	-6.31
