1 3.32
2 3.32
3 3.02
4 3.02
5 2.92
6 2.92
7 3.29
8 3.29
9 3.56
10 3.56
11 3.28
12 3.28
13 3.29
14 3.29
15 3.04
16 3.04
17 3.24
18 3.24
19 3.39
20 3.39
21 3.21
22 3.21
23 2.96
24 2.96
25 3.24
26 3.24
27 2.99
28 2.99
29 3.41
30 3.41
31 2.95
32 2.95
33 3.30
34 3.30
35 3.20
36 3.20
37 3.55
38 3.55
39 3.20
40 3.20
41 3.24
42 3.24
43 3.38
44 3.38
45 3.29
46 3.29
47 3.23
48 3.23
49 3.10
50 3.10
51 3.63
52 3.63
53 3.31
54 3.31
55 3.18
56 3.18
57 3.64
58 3.64
59 3.45
60 3.45
61 3.67
62 3.67
63 3.62
64 3.62
65 3.69
66 3.69
67 3.58
68 3.58
69 3.38
70 3.38
71 3.30
72 3.30
73 3.38
74 3.38
75 3.48
76 3.48
77 3.23
78 3.23
79 3.28
80 3.28
81 3.11
82 3.11
83 3.22
84 3.22
85 3.51
86 3.51
87 3.33
88 3.33
89 3.02
90 3.02
91 3.25
92 3.25
93 3.63
94 3.63
95 3.52
96 3.52
97 3.11
98 3.11
99 3.27
100 3.27
101 3.23
102 3.23
