1 -0.02
2 -0.02
3 0.00
4 0.00
5 -0.03
6 -0.03
7 -0.02
8 -0.02
9 -0.09
10 -0.09
11 0.01
12 0.01
13 -0.06
14 -0.06
15 -0.03
16 -0.03
17 0.02
18 0.02
19 -0.05
20 -0.05
21 -0.02
22 -0.02
23 -0.03
24 -0.03
25 0.02
26 0.02
27 0.01
28 0.01
29 -0.02
30 -0.02
31 0.00
32 0.00
33 0.02
34 0.02
35 0.03
36 0.03
37 -0.07
38 -0.07
39 0.05
40 0.05
41 0.08
42 0.08
43 0.04
44 0.04
45 -0.05
46 -0.05
47 -0.01
48 -0.01
49 -0.01
50 -0.01
51 -0.04
52 -0.04
53 -0.01
54 -0.01
55 0.04
56 0.04
57 -0.04
58 -0.04
59 0.03
60 0.03
61 -0.05
62 -0.05
63 -0.05
64 -0.05
65 -0.14
66 -0.14
67 0.04
68 0.04
69 0.00
70 0.00
71 -0.03
72 -0.03
73 0.01
74 0.01
75 -0.07
76 -0.07
77 0.04
78 0.04
79 0.10
80 0.10
81 -0.03
82 -0.03
83 -0.03
84 -0.03
85 0.13
86 0.13
87 0.02
88 0.02
89 -0.08
90 -0.08
91 0.03
92 0.03
93 -0.05
94 -0.05
95 0.00
96 0.00
97 0.07
98 0.07
99 0.00
100 0.00
101 -0.04
102 -0.04
