  -0.44  -0.09   3.13  -0.77   3.97  32.08
  -0.44  -0.09   3.13  -0.77   3.97  32.08
  -0.29  -0.63   3.39  -0.30   8.22  37.22
  -0.29  -0.63   3.39  -0.30   8.22  37.22
  -0.34   0.09   4.16  -4.33  -5.21  40.34
  -0.34   0.09   4.16  -4.33  -5.21  40.34
   0.12  -0.28   2.79   6.14  29.87  22.14
   0.12  -0.28   2.79   6.14  29.87  22.14
  -0.34  -0.71   3.17   2.08  23.29  32.96
  -0.34  -0.71   3.17   2.08  23.29  32.96
  -0.40  -0.52   2.72  -1.18  20.78  34.54
  -0.40  -0.52   2.72  -1.18  20.78  34.54
  -0.59  -0.16   3.14  -0.53   5.84  38.21
  -0.59  -0.16   3.14  -0.53   5.84  38.21
  -0.20  -0.87   3.06   1.10   4.77  33.64
  -0.20  -0.87   3.06   1.10   4.77  33.64
  -0.07  -0.32   2.94   2.75  20.41  27.84
  -0.07  -0.32   2.94   2.75  20.41  27.84
   0.41  -0.60   3.28  -3.15   1.74  39.50
   0.41  -0.60   3.28  -3.15   1.74  39.50
  -0.30  -0.67   3.47  -4.99  -0.18  44.69
  -0.30  -0.67   3.47  -4.99  -0.18  44.69
