  -0.76  -0.23   3.77   0.15  -7.72  31.08
  -0.76  -0.23   3.77   0.15  -7.72  31.08
  -1.10  -0.69   4.59  -2.42 -18.59  32.80
  -1.10  -0.69   4.59  -2.42 -18.59  32.80
  -0.53  -0.71   2.84  -2.09  23.63  28.61
  -0.53  -0.71   2.84  -2.09  23.63  28.61
  -0.02  -0.67   3.68  -2.78   9.10  34.57
  -0.02  -0.67   3.68  -2.78   9.10  34.57
  -0.19  -0.64   3.49  -0.46 -10.59  33.17
  -0.19  -0.64   3.49  -0.46 -10.59  33.17
  -0.38  -0.65   3.61   1.27  -9.99  36.63
  -0.38  -0.65   3.61   1.27  -9.99  36.63
  -0.41  -0.34   5.49   1.23 -50.54  47.27
  -0.41  -0.34   5.49   1.23 -50.54  47.27
  -0.36  -0.16   4.90   1.58 -20.45  40.73
  -0.36  -0.16   4.90   1.58 -20.45  40.73
  -0.01  -1.36   3.78   0.87  -4.81  35.35
  -0.01  -1.36   3.78   0.87  -4.81  35.35
  -0.40  -0.61   3.53  -0.73  -5.44  37.88
  -0.40  -0.61   3.53  -0.73  -5.44  37.88
  -0.34  -0.74   4.14  -0.96 -11.32  35.70
  -0.34  -0.74   4.14  -0.96 -11.32  35.70
