   0.32   0.03   2.37   1.19   5.54  29.52
   0.32   0.03   2.37   1.19   5.54  29.52
   0.57   0.82   2.69  -4.63  12.94  40.17
   0.57   0.82   2.69  -4.63  12.94  40.17
   0.48   0.24   3.14  -6.22   2.32  40.87
   0.48   0.24   3.14  -6.22   2.32  40.87
   0.30   0.81   2.85  -2.42  -1.64  40.45
   0.30   0.81   2.85  -2.42  -1.64  40.45
   0.37   0.62   2.47  -2.14  11.05  37.82
   0.37   0.62   2.47  -2.14  11.05  37.82
   0.19   0.71   2.57  -0.39  42.26  25.91
   0.19   0.71   2.57  -0.39  42.26  25.91
   0.09  -0.16   2.69  -0.64  23.53  33.42
   0.09  -0.16   2.69  -0.64  23.53  33.42
   0.62   0.11   3.31  -5.02  -1.22  43.52
   0.62   0.11   3.31  -5.02  -1.22  43.52
   0.15   0.60   3.07  -6.40  16.84  44.10
   0.15   0.60   3.07  -6.40  16.84  44.10
   0.33   0.77   2.58  -0.33  -0.79  39.89
   0.33   0.77   2.58  -0.33  -0.79  39.89
  -0.06   0.03   2.48  -3.65  11.16  32.15
  -0.06   0.03   2.48  -3.65  11.16  32.15
