   0.13   0.15   3.73  -0.62   1.67  31.65
   0.13   0.15   3.73  -0.62   1.67  31.65
   0.84  -0.35   3.41   3.14   8.04  28.01
   0.84  -0.35   3.41   3.14   8.04  28.01
   1.56  -0.26   4.35   4.01   2.54  30.79
   1.56  -0.26   4.35   4.01   2.54  30.79
   0.94   0.19   3.65   0.10   6.51  25.68
   0.94   0.19   3.65   0.10   6.51  25.68
   1.33   0.13   3.74   3.13   4.41  27.23
   1.33   0.13   3.74   3.13   4.41  27.23
   0.21  -0.29   3.18   2.64  10.34  24.76
   0.21  -0.29   3.18   2.64  10.34  24.76
   0.80  -0.11   3.65   1.09   0.75  26.34
   0.80  -0.11   3.65   1.09   0.75  26.34
   1.38   0.09   2.75  -6.21  17.81  13.11
   1.38   0.09   2.75  -6.21  17.81  13.11
   0.54   0.25   2.66   0.48  16.27  16.67
   0.54   0.25   2.66   0.48  16.27  16.67
   0.67  -0.35   3.35   4.03  -3.92  26.45
   0.67  -0.35   3.35   4.03  -3.92  26.45
   0.93   0.22   2.67  -1.90  29.03  16.43
   0.93   0.22   2.67  -1.90  29.03  16.43
