1 -19.846
2 -39.965
3 -47.410
4 -54.782
5 -71.900
6 -81.526
7 -108.895
8 -52.176
9 -49.260
10 -70.158
11 -47.452
12 26.731
13 87.266
14 115.670
15 119.130
16 93.647
17 63.788
18 62.413
19 38.951
20 17.922
21 36.994
22 49.621
23 53.059
24 16.462
25 19.779
26 0.619
27 -24.660
28 25.751
29 13.576
30 -22.332
31 12.316
32 36.899
33 60.200
34 51.612
35 18.814
36 36.903
37 17.808
38 -24.045
39 -57.159
40 -71.221
41 -73.617
42 -69.239
43 9.797
44 -42.022
45 -28.491
46 -64.291
47 -68.527
48 -33.720
49 -34.973
50 -32.502
51 -33.904
52 22.720
53 28.275
54 -16.814
55 20.078
56 54.568
57 31.700
58 20.846
59 51.474
60 47.426
61 52.759
62 41.537
63 16.565
64 8.301
65 10.859
66 18.160
67 29.296
68 4.648
69 -0.380
70 12.939
71 -9.991
72 29.996
73 -14.706
74 -27.735
75 -31.825
76 -28.865
77 11.732
78 26.900
79 30.560
80 4.487
81 -40.591
82 -19.804
83 36.175
84 15.755
85 -38.565
86 -77.838
87 -30.452
88 15.140
89 -2.906
90 -6.398
91 -19.090
92 -54.999
93 -47.023
94 42.435
95 30.511
96 -17.711
97 -19.617
98 10.324
99 46.356
100 28.579
101 50.945
