1	56.39
2	48.16
3	51.11
4	58.07
5	52.56
6	53.19
7	57.95
8	57.60
9	51.43
10	51.40
11	51.05
12	49.74
13	54.80
14	62.56
15	49.72
16	50.37
17	59.71
18	52.47
19	48.71
20	48.15
21	55.09
22	51.04
23	54.08
24	51.41
25	47.23
26	53.47
27	48.59
28	53.34
29	53.16
30	48.53
31	66.61
32	50.14
33	49.25
34	53.29
35	47.64
36	50.97
37	54.07
38	51.47
39	57.67
40	48.11
41	53.13
42	41.68
43	47.88
44	55.66
45	48.56
46	54.29
47	50.03
48	51.07
49	67.75
50	47.41
51	53.74
52	54.30
53	53.66
54	54.94
55	54.99
56	51.01
57	47.91
58	55.92
59	50.82
60	54.11
61	53.84
62	57.76
63	68.88
64	57.06
65	51.87
66	55.77
67	54.54
68	57.42
69	50.59
70	46.77
71	52.37
72	53.68
73	55.89
74	48.11
75	58.17
76	53.18
77	62.09
78	51.12
79	50.71
80	68.57
81	46.27
82	46.43
83	52.17
84	49.31
85	64.93
86	55.34
87	49.29
88	46.61
89	53.19
90	58.40
91	50.77
92	54.31
93	52.88
94	50.22
95	48.11
96	62.24
97	60.22
98	48.05
99	47.52
100	49.12
101	61.76
