1	-0.14
2	0.08
3	0.29
4	-0.26
5	0.15
6	-0.34
7	-0.16
8	-0.42
9	-0.34
10	-0.48
11	-0.23
12	-0.43
13	0.24
14	-0.06
15	-0.08
16	0.19
17	0.06
18	-0.25
19	0.22
20	-0.76
21	-0.17
22	-0.25
23	0.25
24	-0.43
25	-0.16
26	0.07
27	0.16
28	-0.20
29	-0.18
30	-0.25
31	0.44
32	0.15
33	-0.05
34	0.05
35	-0.21
36	-0.12
37	-0.32
38	0.00
39	0.18
40	0.01
41	-0.39
42	-0.08
43	-0.28
44	-0.25
45	0.02
46	-0.35
47	-0.17
48	0.15
49	0.00
50	-0.30
51	0.00
52	-0.04
53	-0.45
54	-0.47
55	-0.09
56	-0.50
57	-0.49
58	-0.33
59	0.02
60	0.07
61	-0.58
62	-0.05
63	-0.02
64	-0.37
65	-0.15
66	-0.51
67	-0.37
68	-0.20
69	0.08
70	-0.25
71	0.18
72	-0.50
73	-0.06
74	-0.03
75	-0.32
76	-0.41
77	-0.12
78	-0.55
79	0.02
80	0.02
81	-0.37
82	-0.47
83	-0.04
84	0.10
85	-0.29
86	0.04
87	-0.40
88	-0.82
89	-0.25
90	-0.57
91	-1.11
92	0.04
93	-0.12
94	-0.29
95	-0.51
96	-0.19
97	-0.16
98	-0.16
99	-0.32
100	-0.06
101	-0.21
