1	145.61
2	140.04
3	141.80
4	142.76
5	143.74
6	142.44
7	147.58
8	145.77
9	145.37
10	145.13
11	143.31
12	140.72
13	145.03
14	141.85
15	144.17
16	143.34
17	139.57
18	147.11
19	144.49
20	146.17
21	143.33
22	143.32
23	146.14
24	143.46
25	143.08
26	141.58
27	142.84
28	140.89
29	145.77
30	146.52
31	143.07
32	141.87
33	142.81
34	143.18
35	141.26
36	142.67
37	143.12
38	139.02
39	142.41
40	145.03
41	146.00
42	143.24
43	143.91
44	139.39
45	139.67
46	142.09
47	145.39
48	141.59
49	142.13
50	146.53
51	144.00
