1	1.28
2	-0.32
3	4.52
4	-0.85
5	7.00
6	-0.72
7	0.59
8	2.15
9	-4.98
10	-2.52
11	3.64
12	11.84
13	6.72
14	-4.26
15	9.86
16	-6.58
17	-2.92
18	-7.18
19	-7.83
20	-0.50
21	-3.59
22	0.55
23	7.59
24	4.04
25	2.96
26	6.55
27	2.80
28	2.11
29	1.33
30	-7.37
31	-1.43
32	5.67
33	-3.10
34	-2.79
35	-2.97
36	-0.51
37	0.84
38	2.33
39	-1.72
40	4.18
41	8.73
42	2.73
43	8.62
44	0.47
45	-10.73
46	6.12
47	3.53
48	-0.95
49	2.46
50	-1.11
51	6.37
52	-1.54
53	12.21
54	4.53
55	-5.17
56	4.29
57	3.30
58	11.24
59	-0.28
60	0.61
61	2.37
62	7.74
63	-5.70
64	5.61
65	2.56
66	11.10
67	0.05
68	12.20
69	-0.72
70	3.47
71	0.87
72	10.79
73	-0.14
74	-4.52
75	3.23
76	-1.54
77	-0.99
78	1.43
79	-1.97
80	5.15
81	4.66
82	-3.60
83	-1.53
84	6.95
85	2.56
86	14.08
87	7.44
88	2.61
89	2.03
90	0.24
91	6.59
92	-3.27
93	-0.01
94	0.03
95	2.98
96	13.99
97	-0.56
98	-0.19
99	0.56
100	0.69
101	-3.14
