1	302.72
2	279.19
3	261.87
4	274.09
5	266.9
6	265.53
7	291.61
8	310.39
9	261.76
10	288.75
11	313.68
12	290.99
13	292.84
14	258.9
15	272.58
16	284
17	318.52
18	265.62
19	311.16
20	312.58
21	247.63
22	263.22
23	283.52
24	294.26
25	311.44
26	270.2
27	297.29
28	316.55
29	287.23
30	283.25
31	265.65
32	282.78
33	300.88
34	269.26
35	292.88
36	292.81
37	278.57
38	292.59
39	303.19
40	277.97
41	295.81
42	257.04
43	269.74
44	298.52
45	276.3
46	260.72
47	243.95
48	282.29
49	274.23
50	267.1
51	259.15
52	245.52
53	290.95
54	303.28
55	297.9
56	299.96
57	276.33
58	271.16
59	252.85
60	269.84
61	273.22
62	304.22
63	280.69
64	260.45
65	257.54
66	304.53
67	290.11
68	260.57
69	290.03
70	289.31
71	260.3
72	291.2
73	298.22
74	300.44
75	245.95
76	255.82
77	280.76
78	301.76
79	280.67
80	274.65
81	247.22
82	283.34
83	290.3
84	287.4
85	264.71
86	256.89
87	289.49
88	264.62
89	292.61
90	240.68
91	304.77
92	236.89
93	234.19
94	308.14
95	313.13
96	267.59
97	285.98
98	312.97
99	280.16
100	301.98
101	267.81
