1	54.97
2	72.34
3	59.91
4	64.60
5	56.87
6	59.14
7	53.43
8	53.69
9	59.52
10	64.40
11	58.08
12	60.31
13	47.76
14	53.04
15	59.74
16	63.88
17	74.61
18	55.07
19	59.34
20	49.19
21	65.67
22	67.92
23	47.22
24	55.96
25	58.94
26	85.19
27	58.35
28	55.54
29	60.13
30	63.15
31	72.39
32	76.50
33	67.67
34	81.24
35	60.15
36	60.98
37	77.86
38	59.69
39	49.63
40	69.28
41	63.02
42	69.42
43	81.58
44	60.38
45	48.26
46	60.95
47	68.19
48	62.53
49	71.01
50	74.71
51	62.49
52	61.20
53	105.09
54	73.76
55	75.30
56	64.82
57	57.43
58	64.67
59	75.76
60	50.52
61	47.64
62	59.14
63	58.82
64	56.91
65	53.12
66	70.79
67	64.38
68	58.49
69	56.77
70	66.68
71	67.32
72	58.89
73	58.78
74	66.82
75	73.11
76	57.82
77	78.70
78	66.41
79	46.81
80	83.10
81	62.74
82	57.32
83	50.92
84	59.78
85	71.94
86	67.19
87	58.43
88	59.17
89	63.23
90	74.33
91	55.13
92	56.41
93	69.83
94	51.02
95	52.40
96	65.06
97	55.84
98	52.48
99	58.21
100	67.67
101	76.42
