1 -0.87
2 -0.87
3 2.17
4 2.17
5 -6.04
6 -6.04
7 0.99
8 0.99
9 -10.94
10 -10.94
11 9.12
12 9.12
13 -0.42
14 -0.42
15 -6.51
16 -6.51
17 -10.89
18 -10.89
19 -6.29
20 -6.29
21 -5.14
22 -5.14
23 -3.32
24 -3.32
25 0.77
26 0.77
27 -3.02
28 -3.02
29 -5.24
30 -5.24
31 0.03
32 0.03
33 -12.78
34 -12.78
35 2.84
36 2.84
37 -1.27
38 -1.27
39 -16.95
40 -16.95
41 2.84
42 2.84
43 -0.75
44 -0.75
45 -12.18
46 -12.18
47 -5.90
48 -5.90
49 -11.09
50 -11.09
51 -5.85
52 -5.85
53 -7.72
54 -7.72
55 -4.91
56 -4.91
57 1.56
58 1.56
59 2.14
60 2.14
61 -2.17
62 -2.17
63 -7.44
64 -7.44
65 -7.94
66 -7.94
67 -5.85
68 -5.85
69 -3.20
70 -3.20
71 1.40
72 1.40
73 -3.88
74 -3.88
75 -1.40
76 -1.40
77 -3.88
78 -3.88
79 -10.09
80 -10.09
81 -16.69
82 -16.69
83 -19.73
84 -19.73
85 -2.73
86 -2.73
87 -8.59
88 -8.59
89 -5.34
90 -5.34
91 -1.76
92 -1.76
93 -0.92
94 -0.92
95 -5.26
96 -5.26
97 -11.40
98 -11.40
99 -5.05
100 -5.05
101 1.56
102 1.56
