1	148.03
2	146.47
3	149.88
4	147.37
5	146.23
6	154.06
7	148.86
8	150.01
9	149.15
10	148.62
11	149.96
12	151.10
13	148.23
14	149.07
15	149.09
16	149.48
17	150.90
18	147.84
19	146.90
20	144.78
21	149.71
22	151.05
23	148.79
24	152.24
25	145.53
26	149.96
27	150.62
28	147.84
29	151.88
30	148.32
31	150.78
32	144.70
33	150.34
34	150.10
35	146.84
36	145.77
37	151.07
38	146.41
39	148.79
40	147.20
41	150.22
42	148.87
43	150.32
44	147.94
45	150.92
46	146.65
47	148.59
48	147.62
49	149.74
50	148.92
51	151.28
