1 -0.37
2 -0.37
3 -0.62
4 -0.62
5 -0.68
6 -0.68
7 -0.55
8 -0.55
9 -0.99
10 -0.99
11 -0.61
12 -0.61
13 0.02
14 0.02
15 -0.33
16 -0.33
17 -0.52
18 -0.52
19 -0.44
20 -0.44
21 -0.94
22 -0.94
23 -0.94
24 -0.94
25 -0.71
26 -0.71
27 0.08
28 0.08
29 -0.66
30 -0.66
31 -0.52
32 -0.52
33 -1.04
34 -1.04
35 -1.20
36 -1.20
37 -0.34
38 -0.34
39 -1.03
40 -1.03
41 -0.44
42 -0.44
43 -0.58
44 -0.58
45 -0.98
46 -0.98
47 -0.98
48 -0.98
49 -0.55
50 -0.55
51 -0.55
52 -0.55
53 -0.74
54 -0.74
55 -0.82
56 -0.82
57 -0.43
58 -0.43
59 -0.54
60 -0.54
61 -0.69
62 -0.69
63 -0.99
64 -0.99
65 -0.58
66 -0.58
67 -0.25
68 -0.25
69 -0.68
70 -0.68
71 -1.02
72 -1.02
73 -0.33
74 -0.33
75 -0.70
76 -0.70
77 -0.70
78 -0.70
79 -0.51
80 -0.51
81 -0.46
82 -0.46
83 -0.56
84 -0.56
85 -0.44
86 -0.44
87 -0.52
88 -0.52
89 -1.04
90 -1.04
91 -0.44
92 -0.44
93 -1.16
94 -1.16
95 -0.46
96 -0.46
97 -0.84
98 -0.84
99 -0.09
100 -0.09
101 -0.78
102 -0.78
