1 3.56
2 3.56
3 3.41
4 3.41
5 3.39
6 3.39
7 3.37
8 3.37
9 3.45
10 3.45
11 3.54
12 3.54
13 3.39
14 3.39
15 3.36
16 3.36
17 3.42
18 3.42
19 3.47
20 3.47
21 3.52
22 3.52
23 3.45
24 3.45
25 3.51
26 3.51
27 3.41
28 3.41
29 3.35
30 3.35
31 3.44
32 3.44
33 3.38
34 3.38
35 3.45
36 3.45
37 3.41
38 3.41
39 3.43
40 3.43
41 3.57
42 3.57
43 3.37
44 3.37
45 3.41
46 3.41
47 3.36
48 3.36
49 3.36
50 3.36
51 3.43
52 3.43
53 3.51
54 3.51
55 3.39
56 3.39
57 3.41
58 3.41
59 3.48
60 3.48
61 3.40
62 3.40
63 3.48
64 3.48
65 3.36
66 3.36
67 3.46
68 3.46
69 3.47
70 3.47
71 3.43
72 3.43
73 3.39
74 3.39
75 3.50
76 3.50
77 3.35
78 3.35
79 3.41
80 3.41
81 3.28
82 3.28
83 3.43
84 3.43
85 3.53
86 3.53
87 3.27
88 3.27
89 3.48
90 3.48
91 3.40
92 3.40
93 3.45
94 3.45
95 3.48
96 3.48
97 3.33
98 3.33
99 3.36
100 3.36
101 3.42
102 3.42
