1 7.33
2 7.33
3 7.47
4 7.47
5 9.28
6 9.28
7 8.90
8 8.90
9 7.34
10 7.34
11 5.38
12 5.38
13 7.70
14 7.70
15 9.91
16 9.91
17 9.32
18 9.32
19 7.09
20 7.09
21 7.43
22 7.43
23 7.53
24 7.53
25 5.45
26 5.45
27 9.08
28 9.08
29 8.09
30 8.09
31 8.63
32 8.63
33 8.77
34 8.77
35 8.59
36 8.59
37 8.44
38 8.44
39 9.89
40 9.89
41 7.28
42 7.28
43 8.96
44 8.96
45 8.90
46 8.90
47 8.43
48 8.43
49 8.25
50 8.25
51 7.59
52 7.59
53 7.79
54 7.79
55 9.79
56 9.79
57 8.41
58 8.41
59 7.74
60 7.74
61 9.32
62 9.32
63 9.25
64 9.25
65 9.78
66 9.78
67 9.04
68 9.04
69 8.68
70 8.68
71 7.62
72 7.62
73 7.78
74 7.78
75 6.83
76 6.83
77 9.40
78 9.40
79 8.34
80 8.34
81 10.82
82 10.82
83 9.37
84 9.37
85 7.44
86 7.44
87 10.04
88 10.04
89 6.48
90 6.48
91 8.82
92 8.82
93 7.22
94 7.22
95 8.04
96 8.04
97 7.84
98 7.84
99 9.09
100 9.09
101 9.07
102 9.07
