1 0.11
2 0.11
3 0.17
4 0.17
5 0.19
6 0.19
7 0.04
8 0.04
9 0.16
10 0.16
11 0.14
12 0.14
13 0.13
14 0.13
15 0.15
16 0.15
17 0.21
18 0.21
19 0.18
20 0.18
21 0.10
22 0.10
23 0.17
24 0.17
25 0.08
26 0.08
27 0.12
28 0.12
29 0.14
30 0.14
31 0.16
32 0.16
33 0.15
34 0.15
35 0.13
36 0.13
37 0.14
38 0.14
39 0.13
40 0.13
41 0.17
42 0.17
43 0.17
44 0.17
45 0.17
46 0.17
47 0.17
48 0.17
49 0.16
50 0.16
51 0.12
52 0.12
53 0.22
54 0.22
55 0.14
56 0.14
57 0.16
58 0.16
59 0.24
60 0.24
61 0.18
62 0.18
63 0.18
64 0.18
65 0.15
66 0.15
67 0.16
68 0.16
69 0.14
70 0.14
71 0.12
72 0.12
73 0.21
74 0.21
75 0.14
76 0.14
77 0.18
78 0.18
79 0.15
80 0.15
81 0.22
82 0.22
83 0.17
84 0.17
85 0.16
86 0.16
87 0.19
88 0.19
89 0.14
90 0.14
91 0.20
92 0.20
93 0.14
94 0.14
95 0.19
96 0.19
97 0.21
98 0.21
99 0.17
100 0.17
101 0.14
102 0.14
