DG-1   112.56 175.72 -63.16
DA-2    98.33 171.86 -73.53
DT-3    99.63 185.78 -86.15
DT-4    90.74 185.78 -95.04
DA-5    79.99 171.86 -91.87
DC-6    83.10 176.41 -93.31
DA-7    88.59 171.86 -83.27
DT-8   100.81 185.78 -84.97
DA-9   104.41 171.86 -67.45
DC-10   104.42 176.41 -71.99
DA-11   100.66 171.86 -71.2
DT-12    76.35 185.78 -109.43
DA-13   104.09 171.86 -67.77
DC-14   107.25 176.41 -69.16
DA-15   102.10 171.86 -69.76
DG-16   102.26 175.72 -73.46
DA-17   108.02 171.86 -63.84
DT-18   102.99 185.78 -82.79
DT-19   108.01 185.78 -77.77
DA-20   109.25 171.86 -62.61
DC-21   108.15 176.41 -68.26
DA-22   106.71 171.86 -65.15
DT-23    98.65 185.78 -87.13
DA-24    91.76 171.86 -80.1
DC-25    92.61 176.41 -83.8
DA-26    98.98 171.86 -72.88
DT-27    99.72 185.78 -86.06
DA-28    98.38 171.86 -73.48
DC-29   103.26 176.41 -73.15
DA-30   105.76 171.86 -66.1
DG-31    81.37 175.72 -94.35
DA-32    60.34 171.86 -111.52
DT-33    62.80 185.78 -122.98
DT-34    61.87 185.78 -123.91
DA-35    59.92 171.86 -111.94
DC-36    90.52 176.41 -85.89
DA-37    95.92 171.86 -75.94
DT-38   109.32 185.78 -76.46
DA-39   106.60 171.86 -65.26
DC-40   104.51 176.41 -71.9
DA-41   102.95 171.86 -68.91
DT-42   111.98 185.78 -73.8
DA-43   111.59 171.86 -60.27
DC-44   103.56 176.41 -72.85
DA-45    96.34 171.86 -75.52
DG-46    98.20 175.72 -77.52
DA-47   102.07 171.86 -69.79
DT-48    98.21 185.78 -87.57
DT-49   114.81 185.78 -70.97
DA-50   104.82 171.86 -67.04
DC-51    99.16 176.41 -77.25
DA-52   107.16 171.86 -64.7
DT-53   102.30 185.78 -83.48
DA-54    94.61 171.86 -77.25
DC-55    98.11 176.41 -78.3
DA-56   104.49 171.86 -67.37
DT-57   101.50 185.78 -84.28
DA-58   103.03 171.86 -68.83
DC-59   102.26 176.41 -74.15
DA-60    92.12 171.86 -79.74
DG-61    90.38 175.72 -85.34
DA-62    99.52 171.86 -72.34
DT-63   102.33 185.78 -83.45
DT-64   102.15 185.78 -83.63
DA-65    99.74 171.86 -72.12
DC-66   100.21 176.41 -76.2
DA-67    99.16 171.86 -72.7
DT-68   104.21 185.78 -81.57
DA-69   108.08 171.86 -63.78
DC-70   105.57 176.41 -70.84
DA-71   107.18 171.86 -64.68
DT-72   105.83 185.78 -79.95
DA-73    97.25 171.86 -74.61
DC-74    97.74 176.41 -78.67
DA-75   107.02 171.86 -64.84
DG-76   109.53 175.72 -66.19
DA-77   115.68 171.86 -56.18
DT-78   113.05 185.78 -72.73
DT-79   112.75 185.78 -73.03
DA-80   108.09 171.86 -63.77
DC-81    97.91 176.41 -78.5
DA-82    78.18 171.86 -93.68
DT-83    67.71 185.78 -118.07
DA-84    64.39 171.86 -107.47
DC-85    60.78 176.41 -115.63
DA-86    69.96 171.86 -101.9
DT-87   102.48 185.78 -83.3
DA-88   103.97 171.86 -67.89
DC-89   105.76 176.41 -70.65
DA-90   120.84 171.86 -51.02
DT-91   109.73 185.78 -76.05
DG-92    98.01 175.72 -77.71
DT-93   110.31 185.78 -75.47
DA-94   104.95 171.86 -66.91
DT-95    97.64 185.78 -88.14
DG-96    99.42 175.72 -76.3
DT-97    70.12 185.78 -115.66
DA-98    58.38 171.86 -113.48
DT-99    69.82 185.78 -115.96
DG-100    78.84 175.72 -96.88
DT-101    86.32 185.78 -99.46
DA-102    99.75 171.86 -72.11
DA-103   106.85 171.86 -65.01
DT-104   101.82 185.78 -83.96
DC-105   100.17 176.41 -76.24
DT-106   100.79 185.78 -84.99
DG-107   109.85 175.72 -65.87
DT-108   113.18 185.78 -72.6
DA-109   102.26 171.86 -69.6
DT-110    98.14 185.78 -87.64
DG-111   111.42 175.72 -64.3
DT-112   115.75 185.78 -70.03
DA-113   109.16 171.86 -62.7
DT-114    82.90 185.78 -102.88
DG-115    79.39 175.72 -96.33
DT-116    84.73 185.78 -101.05
DA-117   102.37 171.86 -69.49
DA-118    96.30 171.86 -75.56
DT-119    91.85 185.78 -93.93
DC-120    99.83 176.41 -76.58
DT-121   104.28 185.78 -81.5
DG-122   105.08 175.72 -70.64
DT-123   111.98 185.78 -73.8
DA-124   112.34 171.86 -59.52
DT-125   107.19 185.78 -78.59
DG-126   107.38 175.72 -68.34
DT-127   111.25 185.78 -74.53
DA-128   115.33 171.86 -56.53
DT-129   113.84 185.78 -71.94
DG-130   112.28 175.72 -63.44
DT-131   109.29 185.78 -76.49
DA-132   106.12 171.86 -65.74
DA-133   104.20 171.86 -67.66
DT-134    98.39 185.78 -87.39
DC-135   102.68 176.41 -73.73
DT-136   108.19 185.78 -77.59
DG-137   112.33 175.72 -63.39
DT-138   114.24 185.78 -71.54
DA-139   104.46 171.86 -67.4
DT-140   102.47 185.78 -83.31
DG-141   108.89 175.72 -66.83
DT-142   110.90 185.78 -74.88
DA-143   106.91 171.86 -64.95
DT-144    98.29 185.78 -87.49
DG-145   101.92 175.72 -73.8
DT-146   101.78 185.78 -84
DA-147    94.22 171.86 -77.64
DA-148    67.78 171.86 -104.08
DT-149    66.81 185.78 -118.97
DC-150    71.04 176.41 -105.37
DT-151    89.00 185.78 -96.78
DG-152   107.34 175.72 -68.38
DT-153   110.05 185.78 -75.73
DA-154   103.08 171.86 -68.78
DT-155   107.22 185.78 -78.56
DG-156   109.82 175.72 -65.9
DT-157   107.20 185.78 -78.58
DA-158   100.92 171.86 -70.94
DT-159    96.55 185.78 -89.23
DG-160    96.15 175.72 -79.57
DT-161    92.69 185.78 -93.09
DA-162   101.22 171.86 -70.64
DA-163   109.08 171.86 -62.78
DT-164   107.75 185.78 -78.03
DC-165   105.42 176.41 -70.99
DT-166   102.69 185.78 -83.09
DG-167   103.76 175.72 -71.96
DT-168   101.62 185.78 -84.16
DA-169   104.04 171.86 -67.82
DT-170    74.84 185.78 -110.94
DG-171    72.32 175.72 -103.4
DT-172    89.67 185.78 -96.11
DA-173   104.58 171.86 -67.28
DT-174   104.33 185.78 -81.45
DG-175   101.86 175.72 -73.86
DT-176   101.38 185.78 -84.4
DA-177   102.43 171.86 -69.43
DA-178   107.84 171.86 -64.02
DT-179   109.94 185.78 -75.84
DC-180   118.01 176.41 -58.4
