DG-1   115.00 175.72 -60.72
DA-2   104.39 171.86 -67.47
DT-3   103.18 185.78 -82.6
DT-4    91.01 185.78 -94.77
DA-5    79.94 171.86 -91.92
DC-6    84.09 176.41 -92.32
DA-7    88.98 171.86 -82.88
DT-8   100.60 185.78 -85.18
DA-9   104.43 171.86 -67.43
DC-10   104.61 176.41 -71.8
DA-11   100.88 171.86 -70.98
DT-12    77.42 185.78 -108.36
DA-13   104.72 171.86 -67.14
DC-14   107.08 176.41 -69.33
DA-15    95.33 171.86 -76.53
DG-16    96.80 175.72 -78.92
DA-17   108.39 171.86 -63.47
DT-18   102.08 185.78 -83.7
DT-19   105.05 185.78 -80.73
DA-20   103.44 171.86 -68.42
DC-21   104.06 176.41 -72.35
DA-22   108.15 171.86 -63.71
DT-23   101.76 185.78 -84.02
DA-24   100.16 171.86 -71.7
DC-25   101.68 176.41 -74.73
DA-26   106.78 171.86 -65.08
DT-27   105.12 185.78 -80.66
DA-28    97.49 171.86 -74.37
DC-29    95.56 176.41 -80.85
DA-30    98.23 171.86 -73.63
DG-31    81.72 175.72 -94
DA-32    60.32 171.86 -111.54
DT-33    63.08 185.78 -122.7
DT-34    62.44 185.78 -123.34
DA-35    60.39 171.86 -111.47
DC-36    90.88 176.41 -85.53
DA-37    86.01 171.86 -85.85
DT-38    88.82 185.78 -96.96
DA-39    92.15 171.86 -79.71
DC-40   102.03 176.41 -74.38
DA-41   107.82 171.86 -64.04
DT-42   111.44 185.78 -74.34
DA-43   106.92 171.86 -64.94
DC-44   104.15 176.41 -72.26
DA-45   109.63 171.86 -62.23
DG-46   104.86 175.72 -70.86
DA-47    99.90 171.86 -71.96
DT-48    97.42 185.78 -88.36
DT-49   102.37 185.78 -83.41
DA-50   100.35 171.86 -71.51
DC-51   104.61 176.41 -71.8
DA-52   104.77 171.86 -67.09
DT-53   102.32 185.78 -83.46
DA-54   104.98 171.86 -66.88
DC-55   104.60 176.41 -71.81
DA-56   109.62 171.86 -62.24
DT-57   109.63 185.78 -76.15
DA-58   100.78 171.86 -71.08
DC-59   109.27 176.41 -67.14
DA-60   104.40 171.86 -67.46
DG-61    91.18 175.72 -84.54
DA-62    99.62 171.86 -72.24
DT-63   103.05 185.78 -82.73
DT-64   103.41 185.78 -82.37
DA-65    99.92 171.86 -71.94
DC-66   100.03 176.41 -76.38
DA-67    99.28 171.86 -72.58
DT-68   100.22 185.78 -85.56
DA-69   101.94 171.86 -69.92
DC-70   104.03 176.41 -72.38
DA-71   110.32 171.86 -61.54
DT-72   103.97 185.78 -81.81
DA-73    95.85 171.86 -76.01
DC-74   103.62 176.41 -72.79
DA-75   104.74 171.86 -67.12
DG-76   102.56 175.72 -73.16
DA-77   107.10 171.86 -64.76
DT-78   102.88 185.78 -82.9
DT-79   105.70 185.78 -80.08
DA-80   104.75 171.86 -67.11
DC-81    97.93 176.41 -78.48
DA-82    78.31 171.86 -93.55
DT-83    67.60 185.78 -118.18
DA-84    63.92 171.86 -107.94
DC-85    60.47 176.41 -115.94
DA-86    70.85 171.86 -101.01
DT-87   102.09 185.78 -83.69
DA-88   101.20 171.86 -70.66
DC-89    96.44 176.41 -79.97
DA-90   113.90 171.86 -57.96
DT-91   116.33 185.78 -69.45
DG-92   104.82 175.72 -70.9
DT-93   104.56 185.78 -81.22
DA-94    98.79 171.86 -73.07
DT-95    97.34 185.78 -88.44
DG-96    99.57 175.72 -76.15
DT-97    69.53 185.78 -116.25
DA-98    58.94 171.86 -112.92
DT-99    70.11 185.78 -115.67
DG-100    78.64 175.72 -97.08
DT-101    91.86 185.78 -93.92
DA-102   100.47 171.86 -71.39
DA-103   105.37 171.86 -66.49
DT-104   102.10 185.78 -83.68
DC-105   105.61 176.41 -70.8
DT-106   109.63 185.78 -76.15
DG-107   116.56 175.72 -59.16
DT-108   118.88 185.78 -66.9
DA-109   107.22 171.86 -64.64
DT-110   101.04 185.78 -84.74
DG-111   104.12 175.72 -71.6
DT-112   108.45 185.78 -77.33
DA-113   105.91 171.86 -65.95
DT-114    83.67 185.78 -102.11
DG-115    79.01 175.72 -96.71
DT-116    84.84 185.78 -100.94
DA-117   103.00 171.86 -68.86
DA-118    97.14 171.86 -74.72
DT-119    92.29 185.78 -93.49
DC-120    99.74 176.41 -76.67
DT-121   103.50 185.78 -82.28
DG-122   110.44 175.72 -65.28
DT-123   117.16 185.78 -68.62
DA-124   114.17 171.86 -57.69
DT-125   110.42 185.78 -75.36
DG-126   106.16 175.72 -69.56
DT-127   106.76 185.78 -79.02
DA-128    98.89 171.86 -72.97
DT-129   109.12 185.78 -76.66
DG-130   123.98 175.72 -51.74
DT-131   113.73 185.78 -72.05
DA-132   107.69 171.86 -64.17
DA-133   105.55 171.86 -66.31
DT-134   103.81 185.78 -81.97
DC-135   106.95 176.41 -69.46
DT-136   100.28 185.78 -85.5
DG-137   102.05 175.72 -73.67
DT-138   106.86 185.78 -78.92
DA-139   105.04 171.86 -66.82
DT-140   103.46 185.78 -82.32
DG-141   100.62 175.72 -75.1
DT-142   109.30 185.78 -76.48
DA-143   105.25 171.86 -66.61
DT-144    94.79 185.78 -90.99
DG-145   101.61 175.72 -74.11
DT-146   101.78 185.78 -84
DA-147    94.25 171.86 -77.61
DA-148    67.42 171.86 -104.44
DT-149    67.35 185.78 -118.43
DC-150    71.65 176.41 -104.76
DT-151    85.03 185.78 -100.75
DG-152    72.73 175.72 -102.99
DT-153   102.63 185.78 -83.15
DA-154   108.66 171.86 -63.2
DT-155   104.09 185.78 -81.69
DG-156   103.76 175.72 -71.96
DT-157   102.14 185.78 -83.64
DA-158    94.67 171.86 -77.19
DT-159    97.87 185.78 -87.91
DG-160   105.70 175.72 -70.02
DT-161   106.85 185.78 -78.93
DA-162   108.77 171.86 -63.09
DA-163   106.04 171.86 -65.82
DT-164   101.98 185.78 -83.8
DC-165   108.38 176.41 -68.03
DT-166   107.68 185.78 -78.1
DG-167   104.41 175.72 -71.31
DT-168   102.44 185.78 -83.34
DA-169   104.18 171.86 -67.68
DT-170    74.45 185.78 -111.33
DG-171    72.41 175.72 -103.31
DT-172    89.46 185.78 -96.32
DA-173   105.74 171.86 -66.12
DT-174   105.11 185.78 -80.67
DG-175   102.58 175.72 -73.14
DT-176   101.59 185.78 -84.19
DA-177   102.06 171.86 -69.8
DA-178   103.17 171.86 -68.69
DT-179   105.91 185.78 -79.87
DC-180   118.48 176.41 -57.93
