DG-1   118.95 175.72 -56.77
DA-2   111.23 171.86 -60.63
DT-3   106.17 185.78 -79.61
DT-4    91.40 185.78 -94.38
DA-5    80.40 171.86 -91.46
DC-6    84.19 176.41 -92.22
DA-7    88.96 171.86 -82.9
DT-8   100.76 185.78 -85.02
DA-9   104.86 171.86 -67
DC-10   105.26 176.41 -71.15
DA-11   101.42 171.86 -70.44
DT-12    77.21 185.78 -108.57
DA-13   104.69 171.86 -67.17
DC-14   106.90 176.41 -69.51
DA-15   107.18 171.86 -64.68
DG-16   109.02 175.72 -66.7
DA-17   106.03 171.86 -65.83
DT-18   100.16 185.78 -85.62
DT-19   105.18 185.78 -80.6
DA-20   100.87 171.86 -70.99
DC-21    95.64 176.41 -80.77
DA-22    99.22 171.86 -72.64
DT-23    99.44 185.78 -86.34
DA-24   101.44 171.86 -70.42
DC-25   108.00 176.41 -68.41
DA-26   113.85 171.86 -58.01
DT-27   108.81 185.78 -76.97
DA-28    99.81 171.86 -72.05
DC-29   103.86 176.41 -72.55
DA-30   105.89 171.86 -65.97
DG-31    81.08 175.72 -94.64
DA-32    60.66 171.86 -111.2
DT-33    63.24 185.78 -122.54
DT-34    62.34 185.78 -123.44
DA-35    60.28 171.86 -111.58
DC-36    90.51 176.41 -85.9
DA-37    90.29 171.86 -81.57
DT-38   107.18 185.78 -78.6
DA-39   109.63 171.86 -62.23
DC-40   107.78 176.41 -68.63
DA-41   110.63 171.86 -61.23
DT-42   108.09 185.78 -77.69
DA-43   104.37 171.86 -67.49
DC-44    98.99 176.41 -77.42
DA-45    99.11 171.86 -72.75
DG-46   104.47 175.72 -71.25
DA-47   106.32 171.86 -65.54
DT-48   101.41 185.78 -84.37
DT-49   107.39 185.78 -78.39
DA-50   106.21 171.86 -65.65
DC-51   107.85 176.41 -68.56
DA-52   105.82 171.86 -66.04
DT-53   102.17 185.78 -83.61
DA-54    99.88 171.86 -71.98
DC-55   103.93 176.41 -72.48
DA-56   108.04 171.86 -63.82
DT-57   103.05 185.78 -82.73
DA-58    98.62 171.86 -73.24
DC-59   101.38 176.41 -75.03
DA-60    98.62 171.86 -73.24
DG-61    90.79 175.72 -84.93
DA-62    99.41 171.86 -72.45
DT-63   103.11 185.78 -82.67
DT-64   103.27 185.78 -82.51
DA-65    99.88 171.86 -71.98
DC-66   100.23 176.41 -76.18
DA-67    99.23 171.86 -72.63
DT-68    97.62 185.78 -88.16
DA-69   101.27 171.86 -70.59
DC-70   107.54 176.41 -68.87
DA-71   107.62 171.86 -64.24
DT-72   101.20 185.78 -84.58
DA-73    97.26 171.86 -74.6
DC-74    96.14 176.41 -80.27
DA-75   104.27 171.86 -67.59
DG-76   108.87 175.72 -66.85
DA-77   106.79 171.86 -65.07
DT-78    98.71 185.78 -87.07
DT-79   102.42 185.78 -83.36
DA-80   105.64 171.86 -66.22
DC-81    98.15 176.41 -78.26
DA-82    78.64 171.86 -93.22
DT-83    67.55 185.78 -118.23
DA-84    64.07 171.86 -107.79
DC-85    60.15 176.41 -116.26
DA-86    70.67 171.86 -101.19
DT-87   101.52 185.78 -84.26
DA-88    99.14 171.86 -72.72
DC-89   100.78 176.41 -75.63
DA-90   119.57 171.86 -52.29
DT-91   117.68 185.78 -68.1
DG-92   117.68 175.72 -58.04
DT-93   121.43 185.78 -64.35
DA-94   104.33 171.86 -67.53
DT-95    96.91 185.78 -88.87
DG-96    98.76 175.72 -76.96
DT-97    69.81 185.78 -115.97
DA-98    58.45 171.86 -113.41
DT-99    70.24 185.78 -115.54
DG-100    78.73 175.72 -96.99
DT-101    95.06 185.78 -90.72
DA-102   109.26 171.86 -62.6
DA-103   110.51 171.86 -61.35
DT-104   102.51 185.78 -83.27
DC-105   104.65 176.41 -71.76
DT-106   103.69 185.78 -82.09
DG-107   102.73 175.72 -72.99
DT-108   107.80 185.78 -77.98
DA-109   108.89 171.86 -62.97
DT-110   103.44 185.78 -82.34
DG-111   107.26 175.72 -68.46
DT-112   114.32 185.78 -71.46
DA-113   108.35 171.86 -63.51
DT-114    83.91 185.78 -101.87
DG-115    78.90 175.72 -96.82
DT-116    84.32 185.78 -101.46
DA-117   102.85 171.86 -69.01
DA-118    97.17 171.86 -74.69
DT-119    92.20 185.78 -93.58
DC-120    99.74 176.41 -76.67
DT-121    98.20 185.78 -87.58
DG-122   100.93 175.72 -74.79
DT-123   114.06 185.78 -71.72
DA-124   112.62 171.86 -59.24
DT-125   103.77 185.78 -82.01
DG-126   101.03 175.72 -74.69
DT-127   105.12 185.78 -80.66
DA-128   113.45 171.86 -58.41
DT-129   109.15 185.78 -76.63
DG-130   108.99 175.72 -66.73
DT-131   110.73 185.78 -75.05
DA-132   108.73 171.86 -63.13
DA-133   103.91 171.86 -67.95
DT-134    98.63 185.78 -87.15
DC-135   110.72 176.41 -65.69
DT-136   103.06 185.78 -82.72
DG-137    99.13 175.72 -76.59
DT-138   106.23 185.78 -79.55
DA-139   101.15 171.86 -70.71
DT-140   102.33 185.78 -83.45
DG-141   108.73 175.72 -66.99
DT-142   108.56 185.78 -77.22
DA-143   102.78 171.86 -69.08
DT-144    96.37 185.78 -89.41
DG-145   101.56 175.72 -74.16
DT-146   101.61 185.78 -84.17
DA-147    93.77 171.86 -78.09
DA-148    67.22 171.86 -104.64
DT-149    66.49 185.78 -119.29
DC-150    71.08 176.41 -105.33
DT-151    89.03 185.78 -96.75
DG-152    78.88 175.72 -96.84
DT-153    94.32 185.78 -91.46
DA-154    95.67 171.86 -76.19
DT-155    99.08 185.78 -86.7
DG-156   105.32 175.72 -70.4
DT-157   114.68 185.78 -71.1
DA-158   110.77 171.86 -61.09
DT-159    97.23 185.78 -88.55
DG-160    96.36 175.72 -79.36
DT-161   104.20 185.78 -81.58
DA-162   101.90 171.86 -69.96
DA-163    99.46 171.86 -72.4
DT-164   103.72 185.78 -82.06
DC-165   102.49 176.41 -73.92
DT-166   101.73 185.78 -84.05
DG-167   104.22 175.72 -71.5
DT-168   102.73 185.78 -83.05
DA-169   104.77 171.86 -67.09
DT-170    75.17 185.78 -110.61
DG-171    72.47 175.72 -103.25
DT-172    89.20 185.78 -96.58
DA-173   105.00 171.86 -66.86
DT-174   104.80 185.78 -80.98
DG-175   102.51 175.72 -73.21
DT-176   102.00 185.78 -83.78
DA-177   102.56 171.86 -69.3
DA-178    95.52 171.86 -76.34
DT-179    93.77 185.78 -92.01
DC-180   114.01 176.41 -62.4
