DG-1   117.74 175.72 -57.98
DA-2   107.43 171.86 -64.43
DT-3   104.22 185.78 -81.56
DT-4    91.89 185.78 -93.89
DA-5    80.76 171.86 -91.1
DC-6    83.06 176.41 -93.35
DA-7    88.60 171.86 -83.26
DT-8   101.12 185.78 -84.66
DA-9   105.08 171.86 -66.78
DC-10   104.66 176.41 -71.75
DA-11   100.58 171.86 -71.28
DT-12    76.48 185.78 -109.3
DA-13   104.17 171.86 -67.69
DC-14   107.19 176.41 -69.22
DA-15    96.79 171.86 -75.07
DG-16    96.23 175.72 -79.49
DA-17   103.99 171.86 -67.87
DT-18   101.84 185.78 -83.94
DT-19   107.35 185.78 -78.43
DA-20    99.97 171.86 -71.89
DC-21   101.70 176.41 -74.71
DA-22   110.75 171.86 -61.11
DT-23   106.00 185.78 -79.78
DA-24   102.40 171.86 -69.46
DC-25   101.59 176.41 -74.82
DA-26   100.96 171.86 -70.9
DT-27   105.05 185.78 -80.73
DA-28    96.90 171.86 -74.96
DC-29    93.37 176.41 -83.04
DA-30   101.88 171.86 -69.98
DG-31    81.09 175.72 -94.63
DA-32    59.95 171.86 -111.91
DT-33    62.21 185.78 -123.57
DT-34    62.42 185.78 -123.36
DA-35    59.64 171.86 -112.22
DC-36    90.40 176.41 -86.01
DA-37    85.10 171.86 -86.76
DT-38    96.56 185.78 -89.22
DA-39   102.15 171.86 -69.71
DC-40   106.12 176.41 -70.29
DA-41   109.08 171.86 -62.78
DT-42   105.20 185.78 -80.58
DA-43   101.59 171.86 -70.27
DC-44    93.69 176.41 -82.72
DA-45    97.61 171.86 -74.25
DG-46   103.45 175.72 -72.27
DA-47   107.99 171.86 -63.87
DT-48   108.40 185.78 -77.38
DT-49   112.45 185.78 -73.33
DA-50   102.38 171.86 -69.48
DC-51   102.32 176.41 -74.09
DA-52   112.55 171.86 -59.31
DT-53   106.93 185.78 -78.85
DA-54   100.59 171.86 -71.27
DC-55   102.12 176.41 -74.29
DA-56   106.67 171.86 -65.19
DT-57   103.08 185.78 -82.7
DA-58   102.01 171.86 -69.85
DC-59    97.79 176.41 -78.62
DA-60    89.65 171.86 -82.21
DG-61    90.92 175.72 -84.8
DA-62    99.63 171.86 -72.23
DT-63   102.81 185.78 -82.97
DT-64   103.11 185.78 -82.67
DA-65   100.53 171.86 -71.33
DC-66   100.41 176.41 -76
DA-67    99.48 171.86 -72.38
DT-68   101.67 185.78 -84.11
DA-69   100.69 171.86 -71.17
DC-70   101.94 176.41 -74.47
DA-71   108.28 171.86 -63.58
DT-72   102.98 185.78 -82.8
DA-73    93.74 171.86 -78.12
DC-74    95.54 176.41 -80.87
DA-75   102.62 171.86 -69.24
DG-76   107.67 175.72 -68.05
DA-77   108.79 171.86 -63.07
DT-78    98.51 185.78 -87.27
DT-79   104.29 185.78 -81.49
DA-80   106.51 171.86 -65.35
DC-81    97.67 176.41 -78.74
DA-82    77.50 171.86 -94.36
DT-83    67.59 185.78 -118.19
DA-84    63.99 171.86 -107.87
DC-85    60.17 176.41 -116.24
DA-86    70.55 171.86 -101.31
DT-87   102.67 185.78 -83.11
DA-88   103.49 171.86 -68.37
DC-89   105.06 176.41 -71.35
DA-90   120.89 171.86 -50.97
DT-91   115.70 185.78 -70.08
DG-92   108.77 175.72 -66.95
DT-93   106.32 185.78 -79.46
DA-94    96.07 171.86 -75.79
DT-95    97.09 185.78 -88.69
DG-96    99.50 175.72 -76.22
DT-97    69.84 185.78 -115.94
DA-98    58.56 171.86 -113.3
DT-99    71.20 185.78 -114.58
DG-100    80.21 175.72 -95.51
DT-101    98.70 185.78 -87.08
DA-102    99.71 171.86 -72.15
DA-103   102.05 171.86 -69.81
DT-104   105.77 185.78 -80.01
DC-105   105.41 176.41 -71
DT-106   106.91 185.78 -78.87
DG-107   109.86 175.72 -65.86
DT-108   109.36 185.78 -76.42
DA-109   100.76 171.86 -71.1
DT-110    97.15 185.78 -88.63
DG-111   106.05 175.72 -69.67
DT-112   113.51 185.78 -72.27
DA-113   106.58 171.86 -65.28
DT-114    82.48 185.78 -103.3
DG-115    79.33 175.72 -96.39
DT-116    85.30 185.78 -100.48
DA-117   103.35 171.86 -68.51
DA-118    96.74 171.86 -75.12
DT-119    91.37 185.78 -94.41
DC-120    99.33 176.41 -77.08
DT-121   100.21 185.78 -85.57
DG-122   101.81 175.72 -73.91
DT-123   112.56 185.78 -73.22
DA-124   102.70 171.86 -69.16
DT-125    94.35 185.78 -91.43
DG-126   101.72 175.72 -74
DT-127   106.84 185.78 -78.94
DA-128   108.05 171.86 -63.81
DT-129   104.86 185.78 -80.92
DG-130   106.97 175.72 -68.75
DT-131   104.24 185.78 -81.54
DA-132    98.19 171.86 -73.67
DA-133   103.29 171.86 -68.57
DT-134   106.92 185.78 -78.86
DC-135   101.03 176.41 -75.38
DT-136    97.80 185.78 -87.98
DG-137   104.06 175.72 -71.66
DT-138   107.13 185.78 -78.65
DA-139   107.81 171.86 -64.05
DT-140   105.23 185.78 -80.55
DG-141   104.86 175.72 -70.86
DT-142   118.55 185.78 -67.23
DA-143   118.74 171.86 -53.12
DT-144   102.03 185.78 -83.75
DG-145   102.03 175.72 -73.69
DT-146   101.55 185.78 -84.23
DA-147    94.34 171.86 -77.52
DA-148    67.11 171.86 -104.75
DT-149    66.66 185.78 -119.12
DC-150    70.15 176.41 -106.26
DT-151    85.26 185.78 -100.52
DG-152    72.30 175.72 -103.42
DT-153   107.29 185.78 -78.49
DA-154    95.81 171.86 -76.05
DT-155    94.25 185.78 -91.53
DG-156   100.67 175.72 -75.05
DT-157   106.29 185.78 -79.49
DA-158   105.26 171.86 -66.6
DT-159   105.82 185.78 -79.96
DG-160   115.69 175.72 -60.03
DT-161   107.14 185.78 -78.64
DA-162   106.62 171.86 -65.24
DA-163   111.64 171.86 -60.22
DT-164   100.98 185.78 -84.8
DC-165    95.26 176.41 -81.15
DT-166   100.20 185.78 -85.58
DG-167   104.25 175.72 -71.47
DT-168   102.34 185.78 -83.44
DA-169   104.84 171.86 -67.02
DT-170    75.42 185.78 -110.36
DG-171    72.09 175.72 -103.63
DT-172    89.22 185.78 -96.56
DA-173   104.74 171.86 -67.12
DT-174   104.72 185.78 -81.06
DG-175   102.28 175.72 -73.44
DT-176   101.36 185.78 -84.42
DA-177   102.31 171.86 -69.55
DA-178   103.65 171.86 -68.21
DT-179   102.90 185.78 -82.88
DC-180   115.25 176.41 -61.16
