DG-1   120.29 175.72 -55.43
DA-2   111.69 171.86 -60.17
DT-3   105.10 185.78 -80.68
DT-4    90.39 185.78 -95.39
DA-5    79.83 171.86 -92.03
DC-6    83.86 176.41 -92.55
DA-7    88.92 171.86 -82.94
DT-8   100.44 185.78 -85.34
DA-9   104.12 171.86 -67.74
DC-10   104.85 176.41 -71.56
DA-11   101.04 171.86 -70.82
DT-12    76.83 185.78 -108.95
DA-13   104.61 171.86 -67.25
DC-14   107.65 176.41 -68.76
DA-15   106.14 171.86 -65.72
DG-16   104.45 175.72 -71.27
DA-17   104.90 171.86 -66.96
DT-18   106.11 185.78 -79.67
DT-19   116.70 185.78 -69.08
DA-20   107.39 171.86 -64.47
DC-21   100.88 176.41 -75.53
DA-22   106.17 171.86 -65.69
DT-23   108.07 185.78 -77.71
DA-24   107.07 171.86 -64.79
DC-25   102.89 176.41 -73.52
DA-26   106.54 171.86 -65.32
DT-27   101.71 185.78 -84.07
DA-28    98.42 171.86 -73.44
DC-29   103.12 176.41 -73.29
DA-30   103.83 171.86 -68.03
DG-31    81.35 175.72 -94.37
DA-32    59.81 171.86 -112.05
DT-33    62.06 185.78 -123.72
DT-34    62.05 185.78 -123.73
DA-35    60.89 171.86 -110.97
DC-36    91.41 176.41 -85
DA-37    85.68 171.86 -86.18
DT-38    94.33 185.78 -91.45
DA-39    97.48 171.86 -74.38
DC-40    99.13 176.41 -77.28
DA-41   103.07 171.86 -68.79
DT-42   106.18 185.78 -79.6
DA-43   104.05 171.86 -67.81
DC-44   101.45 176.41 -74.96
DA-45   101.15 171.86 -70.71
DG-46    98.66 175.72 -77.06
DA-47   101.35 171.86 -70.51
DT-48    98.04 185.78 -87.74
DT-49   111.17 185.78 -74.61
DA-50   103.62 171.86 -68.24
DC-51    99.75 176.41 -76.66
DA-52   114.13 171.86 -57.73
DT-53   113.04 185.78 -72.74
DA-54   107.53 171.86 -64.33
DC-55   108.79 176.41 -67.62
DA-56   109.67 171.86 -62.19
DT-57   109.54 185.78 -76.24
DA-58   107.51 171.86 -64.35
DC-59   103.78 176.41 -72.63
DA-60    96.62 171.86 -75.24
DG-61    90.81 175.72 -84.91
DA-62    99.34 171.86 -72.52
DT-63   102.42 185.78 -83.36
DT-64   102.78 185.78 -83
DA-65    99.77 171.86 -72.09
DC-66   100.00 176.41 -76.41
DA-67    98.64 171.86 -73.22
DT-68   100.87 185.78 -84.91
DA-69   100.24 171.86 -71.62
DC-70   102.09 176.41 -74.32
DA-71   106.69 171.86 -65.17
DT-72    94.25 185.78 -91.53
DA-73    88.85 171.86 -83.01
DC-74    97.15 176.41 -79.26
DA-75   110.30 171.86 -61.56
DG-76   110.85 175.72 -64.87
DA-77   104.58 171.86 -67.28
DT-78   100.07 185.78 -85.71
DT-79   105.98 185.78 -79.8
DA-80   106.21 171.86 -65.65
DC-81    97.92 176.41 -78.49
DA-82    78.05 171.86 -93.81
DT-83    67.63 185.78 -118.15
DA-84    64.46 171.86 -107.4
DC-85    60.46 176.41 -115.95
DA-86    69.79 171.86 -102.07
DT-87   106.37 185.78 -79.41
DA-88   108.00 171.86 -63.86
DC-89   101.05 176.41 -75.36
DA-90   116.25 171.86 -55.61
DT-91   115.68 185.78 -70.1
DG-92   100.99 175.72 -74.73
DT-93   102.25 185.78 -83.53
DA-94   100.09 171.86 -71.77
DT-95    97.73 185.78 -88.05
DG-96    99.41 175.72 -76.31
DT-97    70.52 185.78 -115.26
DA-98    58.44 171.86 -113.42
DT-99    69.54 185.78 -116.24
DG-100    78.75 175.72 -96.97
DT-101    94.95 185.78 -90.83
DA-102   107.65 171.86 -64.21
DA-103   111.97 171.86 -59.89
DT-104   104.62 185.78 -81.16
DC-105   105.52 176.41 -70.89
DT-106   102.50 185.78 -83.28
DG-107   101.49 175.72 -74.23
DT-108   111.96 185.78 -73.82
DA-109   107.21 171.86 -64.65
DT-110    98.91 185.78 -86.87
DG-111    96.94 175.72 -78.78
DT-112    94.74 185.78 -91.04
DA-113    97.96 171.86 -73.9
DT-114    84.26 185.78 -101.52
DG-115    78.49 175.72 -97.23
DT-116    84.21 185.78 -101.57
DA-117   102.93 171.86 -68.93
DA-118    96.91 171.86 -74.95
DT-119    92.48 185.78 -93.3
DC-120   100.01 176.41 -76.4
DT-121   104.39 185.78 -81.39
DG-122   109.28 175.72 -66.44
DT-123   113.84 185.78 -71.94
DA-124   100.01 171.86 -71.85
DT-125   105.30 185.78 -80.48
DG-126   112.06 175.72 -63.66
DT-127   108.06 185.78 -77.72
DA-128   104.71 171.86 -67.15
DT-129   100.41 185.78 -85.37
DG-130   106.05 175.72 -69.67
DT-131   106.06 185.78 -79.72
DA-132   104.67 171.86 -67.19
DA-133   106.16 171.86 -65.7
DT-134   108.15 185.78 -77.63
DC-135   108.10 176.41 -68.31
DT-136   103.74 185.78 -82.04
DG-137   111.27 175.72 -64.45
DT-138   122.48 185.78 -63.3
DA-139   109.88 171.86 -61.98
DT-140   103.94 185.78 -81.84
DG-141   115.91 175.72 -59.81
DT-142   121.84 185.78 -63.94
DA-143   115.43 171.86 -56.43
DT-144   101.69 185.78 -84.09
DG-145   101.66 175.72 -74.06
DT-146   101.45 185.78 -84.33
DA-147    93.88 171.86 -77.98
DA-148    67.25 171.86 -104.61
DT-149    67.11 185.78 -118.67
DC-150    71.16 176.41 -105.25
DT-151    89.09 185.78 -96.69
DG-152    96.69 175.72 -79.03
DT-153    93.30 185.78 -92.48
DA-154   101.26 171.86 -70.6
DT-155   106.03 185.78 -79.75
DG-156   108.16 175.72 -67.56
DT-157   110.38 185.78 -75.4
DA-158   101.65 171.86 -70.21
DT-159    95.86 185.78 -89.92
DG-160   101.17 175.72 -74.55
DT-161    97.26 185.78 -88.52
DA-162   104.68 171.86 -67.18
DA-163   116.27 171.86 -55.59
DT-164   111.18 185.78 -74.6
DC-165   109.82 176.41 -66.59
DT-166   107.45 185.78 -78.33
DG-167   104.12 175.72 -71.6
DT-168   102.03 185.78 -83.75
DA-169   104.12 171.86 -67.74
DT-170    75.04 185.78 -110.74
DG-171    71.92 175.72 -103.8
DT-172    89.64 185.78 -96.14
DA-173   105.83 171.86 -66.03
DT-174   104.71 185.78 -81.07
DG-175   101.83 175.72 -73.89
DT-176   101.23 185.78 -84.55
DA-177   102.06 171.86 -69.8
DA-178   105.12 171.86 -66.74
DT-179   107.65 185.78 -78.13
DC-180   118.30 176.41 -58.11
