1	179.52
2	171.74
3	158.43
4	168.70
5	176.66
6	187.64
7	180.74
8	176.12
9	178.86
10	176.40
11	185.13
12	177.20
13	170.71
14	181.03
15	180.78
16	169.82
17	182.5
18	171.81
19	174.43
20	186
21	164.05
22	175.23
23	176.48
24	180.47
25	174.61
26	177.61
27	182.7
28	174.69
29	178.01
30	165.44
31	177.50
32	176.79
33	170.64
34	170.43
35	169.98
36	168.34
37	186.26
38	175.79
39	169.96
40	168.58
41	165.61
42	223.81
43	175.86
44	180.76
45	173.08
46	174.14
47	163.42
48	169.71
49	198.15
50	216.03
51	163.42
52	173.25
53	172.75
54	183.01
55	172.58
56	178.81
57	175.21
58	180.61
59	188.98
60	175.79
61	179.03
62	178.49
63	181.78
64	179.79
65	182.36
66	176.82
67	176.43
68	171.61
69	168.54
70	186.5
71	194.8
72	186.17
73	188.43
74	172.00
75	209.33
76	185.16
77	182.11
78	173.88
79	170.61
80	179.58
81	164.71
82	169.52
83	168.80
84	173.37
85	176.50
86	176.94
87	177.13
88	203.7
89	168.09
90	181.38
91	180.89
92	177.30
93	211.01
94	166.58
95	188.11
96	164.95
97	184.38
98	173.34
99	167.45
100	179.38
101	180.18
