1	58.95
2	54.10
3	59.29
4	55.44
5	68.63
6	68.91
7	52.06
8	63.52
9	67.25
10	55.12
11	55.09
12	56.27
13	59.86
14	69.83
15	61.17
16	53.00
17	55.59
18	56.49
19	54.48
20	54.90
21	54.06
22	62.13
23	60.41
24	52.48
25	50.20
26	58.02
27	50.61
28	47.83
29	49.65
30	62.52
31	64.11
32	57.03
33	59.88
34	59.58
35	54.04
36	67.49
37	58.24
38	57.91
39	49.66
40	51.03
41	51.44
42	76.97
43	52.26
44	57.17
45	57.36
46	57.20
47	58.83
48	62.29
49	58.57
50	65.45
51	55.97
52	53.17
53	69.77
54	54.38
55	50.47
56	77.31
57	59.41
58	66.94
59	63.16
60	50.14
61	60.59
62	58.59
63	68.19
64	51.95
65	57.10
66	55.52
67	58.86
68	58.56
69	55.97
70	51.55
71	68.88
72	62.08
73	53.15
74	53.58
75	66.84
76	56.44
77	60.05
78	59.95
79	56.30
80	63.29
81	66.58
82	53.43
83	54.75
84	57.77
85	56.84
86	54.29
87	57.18
88	111.34
89	62.48
90	51.86
91	63.09
92	56.52
93	62.99
94	51.73
95	59.27
96	55.77
97	70.41
98	55.07
99	58.09
100	73.50
101	66.07
