1 -0.20
2 -0.20
3 0.10
4 0.10
5 0.07
6 0.07
7 0.25
8 0.25
9 0.14
10 0.14
11 1.04
12 1.04
13 0.37
14 0.37
15 0.47
16 0.47
17 0.10
18 0.10
19 0.71
20 0.71
21 -0.31
22 -0.31
23 -0.29
24 -0.29
25 0.54
26 0.54
27 -0.06
28 -0.06
29 0.52
30 0.52
31 0.62
32 0.62
33 0.30
34 0.30
35 0.42
36 0.42
37 0.13
38 0.13
39 0.28
40 0.28
41 -0.41
42 -0.41
43 0.40
44 0.40
45 -0.02
46 -0.02
47 0.19
48 0.19
49 -0.29
50 -0.29
51 0.26
52 0.26
53 0.62
54 0.62
55 -0.24
56 -0.24
57 0.44
58 0.44
59 1.14
60 1.14
61 0.28
62 0.28
63 0.56
64 0.56
65 0.12
66 0.12
67 0.26
68 0.26
69 0.15
70 0.15
71 0.51
72 0.51
73 1.12
74 1.12
75 0.25
76 0.25
77 -0.06
78 -0.06
79 0.37
80 0.37
81 0.49
82 0.49
83 0.63
84 0.63
85 0.15
86 0.15
87 0.34
88 0.34
89 0.42
90 0.42
91 0.74
92 0.74
93 0.13
94 0.13
95 0.83
96 0.83
97 0.76
98 0.76
99 0.35
100 0.35
101 0.73
102 0.73
