1 10.00
2 10.00
3 9.24
4 9.24
5 9.79
6 9.79
7 10.78
8 10.78
9 10.63
10 10.63
11 9.02
12 9.02
13 11.03
14 11.03
15 11.09
16 11.09
17 8.85
18 8.85
19 10.57
20 10.57
21 10.73
22 10.73
23 9.98
24 9.98
25 8.83
26 8.83
27 10.02
28 10.02
29 9.78
30 9.78
31 9.93
32 9.93
33 10.88
34 10.88
35 8.99
36 8.99
37 10.27
38 10.27
39 11.25
40 11.25
41 9.33
42 9.33
43 10.66
44 10.66
45 11.40
46 11.40
47 9.14
48 9.14
49 11.26
50 11.26
51 9.80
52 9.80
53 10.02
54 10.02
55 9.91
56 9.91
57 10.53
58 10.53
59 11.46
60 11.46
61 11.46
62 11.46
63 10.32
64 10.32
65 9.03
66 9.03
67 10.17
68 10.17
69 8.75
70 8.75
71 9.42
72 9.42
73 11.74
74 11.74
75 10.58
76 10.58
77 10.33
78 10.33
79 12.50
80 12.50
81 10.14
82 10.14
83 10.68
84 10.68
85 10.85
86 10.85
87 9.03
88 9.03
89 10.25
90 10.25
91 9.03
92 9.03
93 12.85
94 12.85
95 10.82
96 10.82
97 10.14
98 10.14
99 10.06
100 10.06
101 11.07
102 11.07
