1 29.63
2 29.63
3 29.55
4 29.55
5 29.80
6 29.80
7 29.76
8 29.76
9 29.35
10 29.35
11 29.87
12 29.87
13 29.60
14 29.60
15 29.50
16 29.50
17 29.85
18 29.85
19 29.64
20 29.64
21 29.28
22 29.28
23 29.53
24 29.53
25 29.45
26 29.45
27 29.66
28 29.66
29 29.65
30 29.65
31 29.56
32 29.56
33 29.34
34 29.34
35 29.52
36 29.52
37 29.40
38 29.40
39 29.46
40 29.46
41 29.35
42 29.35
43 29.43
44 29.43
45 29.40
46 29.40
47 29.57
48 29.57
49 29.52
50 29.52
51 29.89
52 29.89
53 29.57
54 29.57
55 29.46
56 29.46
57 29.58
58 29.58
59 29.42
60 29.42
61 29.53
62 29.53
63 29.81
64 29.81
65 29.22
66 29.22
67 29.87
68 29.87
69 29.84
70 29.84
71 29.71
72 29.71
73 29.41
74 29.41
75 29.58
76 29.58
77 29.80
78 29.80
79 29.51
80 29.51
81 29.41
82 29.41
83 29.72
84 29.72
85 29.60
86 29.60
87 29.77
88 29.77
89 29.57
90 29.57
91 29.62
92 29.62
93 29.51
94 29.51
95 29.41
96 29.41
97 29.85
98 29.85
99 29.91
100 29.91
101 29.37
102 29.37
