1 3.59
2 3.59
3 3.46
4 3.46
5 3.29
6 3.29
7 2.61
8 2.61
9 3.57
10 3.57
11 2.99
12 2.99
13 3.17
14 3.17
15 3.70
16 3.70
17 4.23
18 4.23
19 3.22
20 3.22
21 2.59
22 2.59
23 3.52
24 3.52
25 3.55
26 3.55
27 3.15
28 3.15
29 2.61
30 2.61
31 3.76
32 3.76
33 3.77
34 3.77
35 3.55
36 3.55
37 3.43
38 3.43
39 4.62
40 4.62
41 4.40
42 4.40
43 4.52
44 4.52
45 3.13
46 3.13
47 3.77
48 3.77
49 3.27
50 3.27
51 3.43
52 3.43
53 3.90
54 3.90
55 4.50
56 4.50
57 3.51
58 3.51
59 4.38
60 4.38
61 3.19
62 3.19
63 2.85
64 2.85
65 2.68
66 2.68
67 4.28
68 4.28
69 4.16
70 4.16
71 3.39
72 3.39
73 3.51
74 3.51
75 3.64
76 3.64
77 3.98
78 3.98
79 4.90
80 4.90
81 3.42
82 3.42
83 3.62
84 3.62
85 4.98
86 4.98
87 4.82
88 4.82
89 3.04
90 3.04
91 3.41
92 3.41
93 3.57
94 3.57
95 4.24
96 4.24
97 3.90
98 3.90
99 4.20
100 4.20
101 3.15
102 3.15
