1 0.08
2 0.08
3 -0.15
4 -0.15
5 0.21
6 0.21
7 -0.47
8 -0.47
9 0.11
10 0.11
11 -0.21
12 -0.21
13 -0.17
14 -0.17
15 0.35
16 0.35
17 0.09
18 0.09
19 -0.53
20 -0.53
21 -0.28
22 -0.28
23 0.15
24 0.15
25 -0.44
26 -0.44
27 -0.58
28 -0.58
29 -0.45
30 -0.45
31 0.54
32 0.54
33 -0.14
34 -0.14
35 -0.28
36 -0.28
37 -0.08
38 -0.08
39 0.00
40 0.00
41 -0.35
42 -0.35
43 -0.36
44 -0.36
45 -0.20
46 -0.20
47 -0.17
48 -0.17
49 0.10
50 0.10
51 -0.45
52 -0.45
53 0.44
54 0.44
55 -0.30
56 -0.30
57 -0.55
58 -0.55
59 -0.35
60 -0.35
61 -0.30
62 -0.30
63 -0.44
64 -0.44
65 -0.30
66 -0.30
67 -0.33
68 -0.33
69 -0.05
70 -0.05
71 -0.42
72 -0.42
73 -0.24
74 -0.24
75 -0.14
76 -0.14
77 -0.11
78 -0.11
79 -0.79
80 -0.79
81 0.00
82 0.00
83 0.28
84 0.28
85 -1.05
86 -1.05
87 -0.36
88 -0.36
89 0.14
90 0.14
91 -0.27
92 -0.27
93 -0.28
94 -0.28
95 -0.50
96 -0.50
97 0.19
98 0.19
99 0.20
100 0.20
101 0.36
102 0.36
