1 -0.56
2 -0.56
3 -1.08
4 -1.08
5 -0.91
6 -0.91
7 -1.41
8 -1.41
9 -0.86
10 -0.86
11 -1.00
12 -1.00
13 -1.25
14 -1.25
15 -1.24
16 -1.24
17 -0.95
18 -0.95
19 -0.97
20 -0.97
21 -0.73
22 -0.73
23 -1.27
24 -1.27
25 -0.93
26 -0.93
27 -1.22
28 -1.22
29 -1.33
30 -1.33
31 -0.85
32 -0.85
33 -0.93
34 -0.93
35 -0.78
36 -0.78
37 -1.17
38 -1.17
39 -0.40
40 -0.40
41 -0.72
42 -0.72
43 -1.13
44 -1.13
45 -1.21
46 -1.21
47 -0.84
48 -0.84
49 -1.27
50 -1.27
51 -1.07
52 -1.07
53 -0.79
54 -0.79
55 -0.67
56 -0.67
57 -0.83
58 -0.83
59 -0.89
60 -0.89
61 -0.84
62 -0.84
63 -0.72
64 -0.72
65 -0.90
66 -0.90
67 -0.72
68 -0.72
69 -0.78
70 -0.78
71 -0.80
72 -0.80
73 -0.78
74 -0.78
75 -0.98
76 -0.98
77 -0.96
78 -0.96
79 -0.79
80 -0.79
81 -1.48
82 -1.48
83 -0.97
84 -0.97
85 -0.57
86 -0.57
87 -0.74
88 -0.74
89 -1.22
90 -1.22
91 -1.18
92 -1.18
93 -0.86
94 -0.86
95 -1.08
96 -1.08
97 -0.83
98 -0.83
99 -0.84
100 -0.84
101 -1.06
102 -1.06
