1 31.01
2 31.01
3 32.56
4 32.56
5 34.03
6 34.03
7 31.54
8 31.54
9 24.78
10 24.78
11 28.88
12 28.88
13 25.28
14 25.28
15 34.25
16 34.25
17 33.24
18 33.24
19 29.13
20 29.13
21 26.64
22 26.64
23 35.60
24 35.60
25 39.19
26 39.19
27 27.03
28 27.03
29 25.12
30 25.12
31 35.27
32 35.27
33 27.93
34 27.93
35 29.03
36 29.03
37 30.02
38 30.02
39 37.33
40 37.33
41 35.51
42 35.51
43 37.89
44 37.89
45 31.14
46 31.14
47 30.87
48 30.87
49 31.98
50 31.98
51 23.71
52 23.71
53 35.31
54 35.31
55 33.57
56 33.57
57 23.91
58 23.91
59 30.04
60 30.04
61 25.40
62 25.40
63 26.92
64 26.92
65 15.18
66 15.18
67 35.64
68 35.64
69 34.38
70 34.38
71 25.89
72 25.89
73 33.41
74 33.41
75 25.33
76 25.33
77 31.64
78 31.64
79 35.25
80 35.25
81 30.54
82 30.54
83 36.02
84 36.02
85 40.46
86 40.46
87 32.18
88 32.18
89 28.39
90 28.39
91 33.21
92 33.21
93 31.59
94 31.59
95 33.69
96 33.69
97 36.74
98 36.74
99 38.00
100 38.00
101 33.20
102 33.20
