1	3.26
2	2.81
3	5.40
4	4.33
5	6.14
6	6.00
7	2.99
8	1.37
9	4.33
10	4.99
11	4.19
12	6.67
13	7.47
14	6.90
15	-0.46
16	6.38
17	5.66
18	1.54
19	4.69
20	6.09
21	5.71
22	5.78
23	5.82
24	4.58
25	5.62
26	0.60
27	4.07
28	5.47
29	5.52
30	5.77
31	5.10
32	6.55
33	7.39
34	6.49
35	5.03
36	5.66
37	6.49
38	0.49
39	4.06
40	2.13
41	0.65
42	3.98
43	5.43
44	1.61
45	4.61
46	4.62
47	5.44
48	4.19
49	5.57
50	-0.97
51	2.03
52	6.17
53	6.36
54	7.02
55	6.06
56	6.51
57	5.95
58	5.28
59	5.62
60	-0.90
61	-0.61
62	6.28
63	1.56
64	-0.19
65	3.99
66	5.15
67	7.14
68	3.32
69	6.05
70	0.53
71	6.18
72	6.84
73	3.84
74	1.82
75	5.92
76	1.32
77	2.88
78	5.39
79	5.66
80	6.16
81	5.87
82	6.92
83	6.79
84	0.39
85	6.31
86	4.89
87	1.88
88	5.90
89	5.00
90	6.11
91	6.62
92	5.57
93	6.32
94	5.88
95	5.88
96	0.58
97	3.71
98	6.44
99	5.44
100	5.65
101	6.86
