1	4.19
2	4.73
3	4.01
4	6.50
5	6.69
6	5.44
7	3.88
8	4.01
9	3.75
10	4.16
11	4.03
12	5.50
13	5.66
14	6.10
15	6.17
16	5.35
17	5.51
18	4.56
19	5.91
20	5.19
21	4.87
22	5.88
23	5.13
24	6.64
25	7.13
26	9.17
27	4.56
28	6.60
29	5.82
30	5.33
31	4.54
32	7.04
33	7.57
34	6.01
35	4.58
36	7.39
37	5.27
38	4.84
39	3.91
40	6.73
41	4.94
42	4.28
43	6.85
44	5.57
45	4.89
46	5.12
47	4.25
48	3.42
49	3.76
50	5.21
51	4.61
52	5.04
53	5.40
54	5.89
55	5.26
56	7.71
57	3.77
58	5.07
59	4.85
60	4.83
61	4.17
62	3.68
63	3.49
64	4.61
65	4.42
66	7.27
67	6.20
68	5.75
69	5.77
70	4.07
71	4.94
72	9.16
73	4.64
74	8.55
75	5.45
76	6.02
77	4.54
78	7.66
79	5.51
80	3.37
81	5.15
82	5.01
83	5.22
84	6.55
85	6.74
86	4.73
87	1.89
88	3.53
89	4.83
90	4.47
91	7.17
92	4.29
93	5.32
94	5.59
95	6.49
96	3.80
97	4.38
98	6.61
99	6.50
100	5.36
101	5.61
