1	216.56
2	190.58
3	237.57
4	230.39
5	244.51
6	201.57
7	192.05
8	199.79
9	205.85
10	246.12
11	192.37
12	202.7
13	250.43
14	218.18
15	223.78
16	181.92
17	219.88
18	213.89
19	237.25
20	198.98
21	210.57
22	197.73
23	226.79
24	221.32
25	205.75
26	199.13
27	215.69
28	209.22
29	225.38
30	242.39
31	213.57
32	249.53
33	183.58
34	259.58
35	231.65
36	219.74
37	198.92
38	201.94
39	238.19
40	229.87
41	186.7
42	215.76
43	188.1
44	188.63
45	218.3
46	209.68
47	211.09
48	216.08
49	264.63
50	216.23
51	190.66
52	197.25
53	219.99
54	190.54
55	197.04
56	202.45
57	176.02
58	189.65
59	223.23
60	188.52
61	200.27
62	184.36
63	210.34
64	188.97
65	216.99
66	191.82
67	195.85
68	217.55
69	193.75
70	193.62
71	205.62
72	195.99
73	251.61
74	197.22
75	179.27
76	225.08
77	225.76
78	233.11
79	247.27
80	244.9
81	169.70
82	265.82
83	255.86
84	254.48
85	190.17
86	219.4
87	242.67
88	225.99
89	211.71
90	179.38
91	245.12
92	268.96
93	264.83
94	217.47
95	207.71
96	199.54
97	236.81
98	208.3
99	230.5
100	214.84
101	208.91
