2	ATAT  -0.85   1.70
3	TTAA   2.70   1.90
4	TATA  -1.45   1.60
5	ACGT  -0.59   1.80
6	CATG  -3.04   2.00
7	ATAT   1.54   1.60
8	TATA  -1.02   2.10
9	ACGT  -0.79   1.70
10	CATG  -5.07   5.80
11	ATAT   0.18   1.80
12	TATA  -1.08   2.50
13	ACGT  -2.58   2.30
14	CATG  -1.14   2.10
15	AGCT   1.29   2.10
16	GATC   0.80   2.10
17	ATAT  -0.88   1.70
18	TTAA   3.29   1.90
19	TATA  -1.00   2.00
20	ACGT   3.70   4.40
21	CATG  -1.37   2.00
22	ATAT   0.43   2.00
23	TATA  -0.67   2.40
24	ACGT  -1.99   1.80
25	CATG  -2.52   2.10
26	ATAT   1.37   1.70
27	TATA  -1.21   2.40
28	ACGT  -0.97   2.40
