DG-1   245.15 175.72 69.43
DA-2   186.67 171.86 14.81
DT-3   175.50 185.78 -10.28
DT-4   150.95 185.78 -34.83
DA-5    59.34 171.86 -112.52
DC-6    80.47 176.41 -95.94
DA-7   148.29 171.86 -23.57
DT-8   142.88 185.78 -42.9
DA-9   171.81 171.86 -0.0500000000000114
DC-10   185.36 176.41 8.95000000000002
DA-11   170.31 171.86 -1.55000000000001
DT-12   148.62 185.78 -37.16
DA-13   117.95 171.86 -53.91
DC-14   186.80 176.41 10.39
DA-15   185.25 171.86 13.39
DG-16   192.64 175.72 16.92
DA-17   169.72 171.86 -2.14000000000001
DT-18   188.64 185.78 2.85999999999999
DT-19   199.81 185.78 14.03
DA-20   183.36 171.86 11.5
DC-21   197.26 176.41 20.85
DA-22   184.92 171.86 13.06
DT-23   206.70 185.78 20.92
DA-24   158.89 171.86 -12.97
DC-25   183.11 176.41 6.70000000000002
DA-26   168.53 171.86 -3.33000000000001
DT-27   194.44 185.78 8.66
DA-28   167.58 171.86 -4.28
DC-29   179.77 176.41 3.36000000000001
DA-30   166.16 171.86 -5.70000000000002
DG-31   203.86 175.72 28.14
DA-32   110.94 171.86 -60.92
DT-33   127.29 185.78 -58.49
DT-34    95.15 185.78 -90.63
DA-35    48.08 171.86 -123.78
DC-36   148.72 176.41 -27.69
DA-37   165.66 171.86 -6.20000000000002
DT-38   178.61 185.78 -7.16999999999999
DA-39   167.44 171.86 -4.42000000000002
DC-40   182.73 176.41 6.31999999999999
DA-41   170.49 171.86 -1.37
DT-42   202.88 185.78 17.1
DA-43   151.40 171.86 -20.46
DC-44   176.55 176.41 0.140000000000015
DA-45   168.40 171.86 -3.46000000000001
DG-46   188.48 175.72 12.76
DA-47   180.64 171.86 8.77999999999997
DT-48   156.92 185.78 -28.86
DT-49   197.26 185.78 11.48
DA-50   182.09 171.86 10.23
DC-51   201.91 176.41 25.5
DA-52   184.29 171.86 12.43
DT-53   178.91 185.78 -6.87
DA-54   154.00 171.86 -17.86
DC-55   193.99 176.41 17.58
DA-56   196.86 171.86 25
DT-57   202.34 185.78 16.56
DA-58   168.70 171.86 -3.16000000000003
DC-59   165.52 176.41 -10.89
DA-60   108.44 171.86 -63.42
DG-61    48.73 175.72 -126.99
DA-62    95.00 171.86 -76.86
DT-63   128.12 185.78 -57.66
DT-64   166.92 185.78 -18.86
DA-65   169.99 171.86 -1.87
DC-66   178.97 176.41 2.56
DA-67   173.65 171.86 1.78999999999999
DT-68   185.24 185.78 -0.539999999999992
DA-69   170.78 171.86 -1.08000000000001
DC-70   205.79 176.41 29.38
DA-71   197.72 171.86 25.86
DT-72   188.27 185.78 2.49000000000001
DA-73   192.41 171.86 20.55
DC-74   183.02 176.41 6.61000000000001
DA-75   179.58 171.86 7.72
DG-76   188.22 175.72 12.5
DA-77   160.81 171.86 -11.05
DT-78   196.59 185.78 10.81
DT-79   197.95 185.78 12.17
DA-80   171.57 171.86 -0.29000000000002
DC-81   269.97 176.41 93.56
DA-82   142.79 171.86 -29.07
DT-83   140.53 185.78 -45.25
DA-84    96.81 171.86 -75.05
DC-85    93.53 176.41 -82.88
DA-86    67.40 171.86 -104.46
DT-87   183.34 185.78 -2.44
DA-88   183.76 171.86 11.9
DC-89   181.59 176.41 5.18000000000001
DA-90   318.13 171.86 146.27
DT-91   234.45 185.78 48.67
DG-92   164.16 175.72 -11.56
DT-93   194.70 185.78 8.91999999999999
DA-94   176.23 171.86 4.36999999999998
DT-95   182.82 185.78 -2.96000000000001
DG-96   153.98 175.72 -21.74
DT-97   120.23 185.78 -65.55
DA-98    38.15 171.86 -133.71
DT-99   124.08 185.78 -61.7
DG-100   121.66 175.72 -54.06
DT-101   117.21 185.78 -68.57
DA-102   175.75 171.86 3.88999999999999
DA-103   164.07 171.86 -7.79000000000002
DT-104   174.26 185.78 -11.52
DC-105   163.05 176.41 -13.36
DT-106   187.59 185.78 1.81
DG-107   196.27 175.72 20.55
DT-108   187.50 185.78 1.72
DA-109   171.79 171.86 -0.0700000000000216
DT-110   185.07 185.78 -0.710000000000008
DG-111   168.94 175.72 -6.78
DT-112   198.28 185.78 12.5
DA-113   172.68 171.86 0.819999999999993
DT-114   120.15 185.78 -65.63
DG-115    49.78 175.72 -125.94
DT-116    66.09 185.78 -119.69
DA-117   151.16 171.86 -20.7
DA-118   168.37 171.86 -3.49000000000001
DT-119   176.77 185.78 -9.00999999999999
DC-120   138.63 176.41 -37.78
DT-121   176.24 185.78 -9.53999999999999
DG-122   178.80 175.72 3.08000000000001
DT-123   176.60 185.78 -9.18000000000001
DA-124   182.19 171.86 10.33
DT-125   207.76 185.78 21.98
DG-126   176.71 175.72 0.990000000000009
DT-127   184.51 185.78 -1.27000000000001
DA-128   165.45 171.86 -6.41000000000003
DT-129   192.77 185.78 6.99000000000001
DG-130   169.65 175.72 -6.06999999999999
DT-131   189.49 185.78 3.71000000000001
DA-132   169.56 171.86 -2.30000000000001
DA-133   175.09 171.86 3.22999999999999
DT-134   181.92 185.78 -3.86000000000001
DC-135   171.79 176.41 -4.62
DT-136   194.52 185.78 8.74000000000001
DG-137   181.59 175.72 5.87
DT-138   204.69 185.78 18.91
DA-139   176.28 171.86 4.41999999999999
DT-140   226.78 185.78 41
DG-141   193.78 175.72 18.06
DT-142   198.12 185.78 12.34
DA-143   189.34 171.86 17.48
DT-144   195.73 185.78 9.94999999999999
DG-145   166.05 175.72 -9.66999999999999
DT-146   182.08 185.78 -3.69999999999999
DA-147   162.31 171.86 -9.55000000000001
DA-148    99.78 171.86 -72.08
DT-149    71.83 185.78 -113.95
DC-150    56.60 176.41 -119.81
DT-151   192.79 185.78 7.00999999999999
DG-152   124.67 175.72 -51.05
DT-153   191.46 185.78 5.68000000000001
DA-154   183.42 171.86 11.56
DT-155   194.85 185.78 9.06999999999999
DG-156   179.79 175.72 4.06999999999999
DT-157   184.57 185.78 -1.21000000000001
DA-158   180.74 171.86 8.88
DT-159   198.65 185.78 12.87
DG-160   142.16 175.72 -33.56
DT-161   178.19 185.78 -7.59
DA-162   194.47 171.86 22.61
DA-163   173.29 171.86 1.42999999999998
DT-164   190.30 185.78 4.52000000000001
DC-165   165.75 176.41 -10.66
DT-166   195.97 185.78 10.19
DG-167   174.61 175.72 -1.10999999999999
DT-168   190.05 185.78 4.27000000000001
DA-169   125.61 171.86 -46.25
DT-170    99.32 185.78 -86.46
DG-171    21.36 175.72 -154.36
DT-172    62.29 185.78 -123.49
DA-173   155.43 171.86 -16.43
DT-174   179.15 185.78 -6.63
DG-175   162.82 175.72 -12.9
DT-176   184.98 185.78 -0.800000000000011
DA-177   169.48 171.86 -2.38000000000002
DA-178   178.54 171.86 6.67999999999998
DT-179   178.20 185.78 -7.58000000000001
DC-180   273.87 176.41 97.46
