DG-1   233.64 175.72 57.92
DA-2   162.51 171.86 -9.35000000000002
DT-3   172.22 185.78 -13.56
DT-4   145.31 185.78 -40.47
DA-5    59.49 171.86 -112.37
DC-6    79.06 176.41 -97.35
DA-7   153.60 171.86 -18.26
DT-8   142.94 185.78 -42.84
DA-9   172.27 171.86 0.409999999999997
DC-10   185.49 176.41 9.08000000000001
DA-11   171.48 171.86 -0.380000000000024
DT-12   149.04 185.78 -36.74
DA-13   117.06 171.86 -54.8
DC-14   182.88 176.41 6.47
DA-15   196.07 171.86 24.21
DG-16   202.05 175.72 26.33
DA-17   187.52 171.86 15.66
DT-18   186.33 185.78 0.550000000000011
DT-19   188.90 185.78 3.12
DA-20   180.97 171.86 9.10999999999999
DC-21   197.18 176.41 20.77
DA-22   192.77 171.86 20.91
DT-23   201.26 185.78 15.48
DA-24   166.10 171.86 -5.76000000000002
DC-25   184.20 176.41 7.78999999999999
DA-26   197.90 171.86 26.04
DT-27   208.17 185.78 22.39
DA-28   178.64 171.86 6.77999999999997
DC-29   173.55 176.41 -2.85999999999999
DA-30   176.88 171.86 5.01999999999998
DG-31   201.23 175.72 25.51
DA-32   111.39 171.86 -60.47
DT-33   126.04 185.78 -59.74
DT-34    98.96 185.78 -86.82
DA-35    47.14 171.86 -124.72
DC-36   148.36 176.41 -28.05
DA-37   155.62 171.86 -16.24
DT-38   171.82 185.78 -13.96
DA-39   168.05 171.86 -3.81
DC-40   184.09 176.41 7.68000000000001
DA-41   209.52 171.86 37.66
DT-42   198.25 185.78 12.47
DA-43   156.37 171.86 -15.49
DC-44   201.03 176.41 24.62
DA-45   171.33 171.86 -0.530000000000001
DG-46   179.86 175.72 4.14000000000001
DA-47   180.98 171.86 9.11999999999998
DT-48   190.69 185.78 4.91
DT-49   186.23 185.78 0.449999999999989
DA-50   170.42 171.86 -1.44000000000003
DC-51   184.42 176.41 8.00999999999999
DA-52   183.36 171.86 11.5
DT-53   200.37 185.78 14.59
DA-54   173.17 171.86 1.30999999999997
DC-55   190.96 176.41 14.55
DA-56   171.19 171.86 -0.670000000000016
DT-57   194.91 185.78 9.13
DA-58   179.28 171.86 7.41999999999999
DC-59   196.16 176.41 19.75
DA-60   117.28 171.86 -54.58
DG-61    45.86 175.72 -129.86
DA-62    91.01 171.86 -80.85
DT-63   125.15 185.78 -60.63
DT-64   164.50 185.78 -21.28
DA-65   173.20 171.86 1.33999999999997
DC-66   176.46 176.41 0.0500000000000114
DA-67   178.62 171.86 6.75999999999999
DT-68   191.27 185.78 5.49000000000001
DA-69   158.04 171.86 -13.82
DC-70   203.09 176.41 26.68
DA-71   197.84 171.86 25.98
DT-72   191.11 185.78 5.33000000000001
DA-73   184.49 171.86 12.63
DC-74   189.89 176.41 13.48
DA-75   192.91 171.86 21.05
DG-76   196.83 175.72 21.11
DA-77   178.75 171.86 6.88999999999999
DT-78   191.95 185.78 6.16999999999999
DT-79   185.38 185.78 -0.400000000000006
DA-80   147.31 171.86 -24.55
DC-81   253.95 176.41 77.54
DA-82   148.40 171.86 -23.46
DT-83   138.40 185.78 -47.38
DA-84    98.36 171.86 -73.5
DC-85    88.60 176.41 -87.81
DA-86    70.57 171.86 -101.29
DT-87   184.55 185.78 -1.22999999999999
DA-88   168.33 171.86 -3.53
DC-89   180.54 176.41 4.13
DA-90   318.06 171.86 146.2
DT-91   224.71 185.78 38.93
DG-92   200.84 175.72 25.12
DT-93   184.80 185.78 -0.97999999999999
DA-94   179.49 171.86 7.63
DT-95   186.06 185.78 0.280000000000001
DG-96   153.32 175.72 -22.4
DT-97   119.61 185.78 -66.17
DA-98    36.96 171.86 -134.9
DT-99   122.88 185.78 -62.9
DG-100   122.43 175.72 -53.29
DT-101   154.35 185.78 -31.43
DA-102   173.49 171.86 1.63
DA-103   158.57 171.86 -13.29
DT-104   197.30 185.78 11.52
DC-105   167.03 176.41 -9.38
DT-106   191.19 185.78 5.41
DG-107   188.03 175.72 12.31
DT-108   199.16 185.78 13.38
DA-109   169.18 171.86 -2.68000000000001
DT-110   178.16 185.78 -7.62
DG-111   190.81 175.72 15.09
DT-112   193.66 185.78 7.88
DA-113   180.91 171.86 9.04999999999998
DT-114   123.01 185.78 -62.77
DG-115    51.36 175.72 -124.36
DT-116    68.28 185.78 -117.5
DA-117   149.89 171.86 -21.97
DA-118   167.84 171.86 -4.02000000000001
DT-119   178.77 185.78 -7.00999999999999
DC-120   147.21 176.41 -29.2
DT-121   192.54 185.78 6.75999999999999
DG-122   177.94 175.72 2.22
DT-123   200.87 185.78 15.09
DA-124   176.38 171.86 4.51999999999998
DT-125   195.10 185.78 9.31999999999999
DG-126   172.34 175.72 -3.38
DT-127   197.23 185.78 11.45
DA-128   197.29 171.86 25.43
DT-129   211.22 185.78 25.44
DG-130   194.56 175.72 18.84
DT-131   198.78 185.78 13
DA-132   176.87 171.86 5.00999999999999
DA-133   182.76 171.86 10.9
DT-134   183.60 185.78 -2.18000000000001
DC-135   146.18 176.41 -30.23
DT-136   217.82 185.78 32.04
DG-137   173.09 175.72 -2.63
DT-138   185.24 185.78 -0.539999999999992
DA-139   170.51 171.86 -1.35000000000002
DT-140   219.53 185.78 33.75
DG-141   190.63 175.72 14.91
DT-142   195.49 185.78 9.71000000000001
DA-143   186.11 171.86 14.25
DT-144   192.01 185.78 6.22999999999999
DG-145   159.09 175.72 -16.63
DT-146   177.79 185.78 -7.99000000000001
DA-147   163.98 171.86 -7.88000000000002
DA-148   102.21 171.86 -69.65
DT-149    71.35 185.78 -114.43
DC-150    52.55 176.41 -123.86
DT-151   164.12 185.78 -21.66
DG-152   111.32 175.72 -64.4
DT-153   173.42 185.78 -12.36
DA-154   171.38 171.86 -0.480000000000018
DT-155   185.23 185.78 -0.550000000000011
DG-156   179.50 175.72 3.78
DT-157   192.43 185.78 6.65000000000001
DA-158   168.97 171.86 -2.89000000000001
DT-159   197.62 185.78 11.84
DG-160   187.07 175.72 11.35
DT-161   195.14 185.78 9.35999999999999
DA-162   177.83 171.86 5.97
DA-163   161.66 171.86 -10.2
DT-164   193.34 185.78 7.56
DC-165   171.07 176.41 -5.34
DT-166   199.28 185.78 13.5
DG-167   177.82 175.72 2.09999999999999
DT-168   191.38 185.78 5.59999999999999
DA-169   119.58 171.86 -52.28
DT-170    97.13 185.78 -88.65
DG-171    22.38 175.72 -153.34
DT-172    62.75 185.78 -123.03
DA-173   155.86 171.86 -16
DT-174   177.21 185.78 -8.56999999999999
DG-175   163.02 175.72 -12.7
DT-176   184.08 185.78 -1.69999999999999
DA-177   175.35 171.86 3.48999999999998
DA-178   161.75 171.86 -10.11
DT-179   171.62 185.78 -14.16
DC-180   261.57 176.41 85.16
