1	285.02
2	279.96
3	283.49
4	289.44
5	284.93
6	285.13
7	284.88
8	284.25
9	284.62
10	285.25
11	288.27
12	276.72
13	281.18
14	277.97
15	270.77
16	281.69
17	278.53
18	284.87
19	285.52
20	286.88
21	274.3
22	273.54
23	273.48
24	263.09
25	287.05
26	266.67
27	294.55
28	283.85
29	286.89
30	284.51
31	287.31
32	282.94
33	256.65
34	265.25
35	269.14
36	276.51
37	265.68
38	278.73
39	286.75
40	282.12
41	288.26
42	288.01
43	280.66
44	280.33
45	289.02
46	274.98
47	258.48
48	267.49
49	286.14
50	288.78
51	283.39
