1	-3.31
2	7.38
3	-0.12
4	2.65
5	4.92
6	1.57
7	2.71
8	2.50
9	7.34
10	5.08
11	4.18
12	8.51
13	1.79
14	5.87
15	11.36
16	1.13
17	4.44
18	4.71
19	8.84
20	6.18
21	-0.16
22	3.66
23	3.24
24	7.84
25	4.39
26	8.52
27	7.20
28	5.38
29	4.62
30	1.34
31	3.03
32	4.46
33	2.28
34	3.85
35	2.90
36	8.21
37	7.74
38	-3.67
39	-3.81
40	6.27
41	6.22
42	4.10
43	10.81
44	6.59
45	0.39
46	-0.14
47	-5.36
48	-0.12
49	7.43
50	7.92
51	10.92
52	-0.09
53	6.06
54	6.24
55	11.31
56	12.49
57	8.37
58	9.05
59	9.74
60	11.57
61	7.71
62	18.70
63	10.75
64	12.43
65	11.75
66	1.08
67	1.74
68	4.71
69	-1.57
70	2.28
71	9.65
72	7.50
73	7.81
74	9.66
75	8.16
76	6.30
77	14.24
78	13.43
79	3.62
80	8.46
81	-0.84
82	5.09
83	8.57
84	7.22
85	6.00
86	8.78
87	5.25
88	7.17
89	3.85
90	-1.92
91	4.60
92	6.84
93	7.54
94	12.18
95	12.22
96	10.30
97	9.33
98	2.47
99	6.66
100	1.01
101	7.51
