1	246.7
2	257.82
3	226.98
4	249.18
5	250.82
6	244.97
7	235.22
8	226.09
9	237.89
10	220.34
11	250.62
12	259.13
13	247.93
14	240.77
15	251.54
16	216.23
17	221.96
18	247.07
19	259.02
20	247.31
21	229.56
22	253.62
23	248.07
24	245.04
25	250.6
26	256.62
27	263.23
28	244.98
29	229.52
30	241.13
31	249.79
32	245.23
33	252.56
34	251.92
35	236.98
36	255.82
37	229.98
38	236.08
39	247.91
40	248.89
41	246.32
42	246.72
43	250.37
44	260.06
45	248.81
46	241.14
47	231.2
48	248.66
49	254.15
50	248.68
51	252.52
52	220.14
53	230.84
54	253.12
55	247.18
56	250.45
57	246.31
58	216.77
59	264.42
60	220.43
61	239.1
62	243.25
63	251.63
64	244
65	236.77
66	248.9
67	228.63
68	239.68
69	245.34
70	247.61
71	245.73
72	237.89
73	256.08
74	256.85
75	246.43
76	245.6
77	237.46
78	266.53
79	232.79
80	255.55
81	249.26
82	248.57
83	253.09
84	241.12
85	251.17
86	236.89
87	259.77
88	230.4
89	256.81
90	261.36
91	241
92	243.85
93	252.65
94	246.32
95	253.7
96	259.39
97	240.19
98	256.44
99	259.85
100	258.26
101	251.73
