1	-59.37
2	-29.08
3	-58.38
4	-18.84
5	6.53
6	-43.35
7	-111.39
8	-53.37
9	-64.1
10	-108.89
11	-15.3
12	7.16
13	0.830000000000013
14	-34.76
15	-48.57
16	-98.67
17	-85.07
18	-8.95000000000002
19	48.77
20	-25.02
21	-92.28
22	-14.28
23	-54.33
24	-41.98
25	-60.55
26	-23.84
27	-28.54
28	-20.06
29	-56.25
30	-50.65
31	-44.96
32	-24.5
33	78.51
34	5.73000000000002
35	-82.06
36	-51.57
37	-75.92
38	-58.16
39	-59.86
40	-35.9
41	-45.86
42	-42.49
43	-12.33
44	-22.34
45	-10.36
46	-58.09
47	-74.77
48	-36.68
49	-58.38
50	-25.74
51	12.2
52	-73.26
53	-89.44
54	-40.98
55	-27.88
56	27.97
57	-53.86
58	-64.8
59	-16.44
60	-35
61	-60.44
62	-124.43
63	-37.68
64	-41.67
65	-88.37
66	-72.18
67	-85.96
68	-71.76
69	-7.08000000000001
70	-45.69
71	-9.40000000000001
72	-78.05
73	-33.8
74	-9.05000000000001
75	-69.05
76	-48.64
77	-83.69
78	-4.12
79	-44.65
80	13.47
81	16.29
82	-45.1
83	-38.72
84	-68.11
85	10.16
86	-28.12
87	-34.09
88	-44.81
89	-24.49
90	8.03999999999999
91	-66
92	-74.54
93	-11.13
94	-31.92
95	14.41
96	29.87
97	-38.71
98	-6.16
99	-17.69
100	-18.73
101	1.34
