1	251.2
2	231.59
3	247.9
4	216.28
5	206.65
6	237.95
7	286.94
8	243.08
9	253.91
10	293.25
11	207.71
12	197.69
13	204.91
14	232.76
15	234.76
16	282.73
17	275.48
18	224.34
19	170.85
20	225.67
21	270.4
22	214.03
23	240.09
24	231.68
25	258.95
26	215.48
27	215.93
28	217.2
29	245.09
30	250.9
31	231.96
32	219.52
33	158.85
34	195.04
35	255.28
36	246.07
37	267.95
38	247.52
39	255.56
40	218.65
41	229.85
42	233.57
43	217.24
44	209.41
45	212.5
46	245.06
47	251.27
48	234.14
49	247.62
50	224.17
51	204.46
52	252.64
53	272.58
54	231.71
55	213.75
56	199.49
57	238.26
58	255.01
59	207.94
60	245.88
61	251.35
62	297.07
63	221
64	227.89
65	271.26
66	260.55
67	268.49
68	258.92
69	216.8
70	234.15
71	209.6
72	263.59
73	228.65
74	211
75	252.78
76	237.17
77	269.91
78	205.53
79	239.44
80	192.78
81	197.37
82	234.71
83	225.8
84	272.63
85	193.32
86	229.02
87	225.7
88	241.06
89	216.65
90	197.88
91	262.05
92	261.07
93	208.84
94	239.34
95	189.15
96	188.04
97	227.54
98	206.73
99	210.76
100	210.02
101	205
