1 0.44
2 0.44
3 0.40
4 0.40
5 0.41
6 0.41
7 0.41
8 0.41
9 0.46
10 0.46
11 0.42
12 0.42
13 0.43
14 0.43
15 0.40
16 0.40
17 0.48
18 0.48
19 0.43
20 0.43
21 0.46
22 0.46
23 0.46
24 0.46
25 0.44
26 0.44
27 0.42
28 0.42
29 0.49
30 0.49
31 0.41
32 0.41
33 0.41
34 0.41
35 0.45
36 0.45
37 0.44
38 0.44
39 0.40
40 0.40
41 0.44
42 0.44
43 0.41
44 0.41
45 0.38
46 0.38
47 0.42
48 0.42
49 0.42
50 0.42
51 0.42
52 0.42
53 0.41
54 0.41
55 0.45
56 0.45
57 0.43
58 0.43
59 0.40
60 0.40
61 0.44
62 0.44
63 0.44
64 0.44
65 0.48
66 0.48
67 0.42
68 0.42
69 0.44
70 0.44
71 0.43
72 0.43
73 0.37
74 0.37
75 0.44
76 0.44
77 0.48
78 0.48
79 0.42
80 0.42
81 0.39
82 0.39
83 0.39
84 0.39
85 0.40
86 0.40
87 0.47
88 0.47
89 0.42
90 0.42
91 0.45
92 0.45
93 0.41
94 0.41
95 0.44
96 0.44
97 0.44
98 0.44
99 0.44
100 0.44
101 0.38
102 0.38
