1 2.23
2 2.23
3 2.49
4 2.49
5 2.03
6 2.03
7 1.70
8 1.70
9 1.98
10 1.98
11 2.13
12 2.13
13 2.02
14 2.02
15 1.20
16 1.20
17 2.45
18 2.45
19 2.00
20 2.00
21 1.92
22 1.92
23 1.98
24 1.98
25 2.91
26 2.91
27 2.19
28 2.19
29 1.94
30 1.94
31 1.32
32 1.32
33 1.34
34 1.34
35 2.73
36 2.73
37 2.49
38 2.49
39 2.32
40 2.32
41 2.85
42 2.85
43 3.28
44 3.28
45 2.11
46 2.11
47 3.03
48 3.03
49 2.64
50 2.64
51 1.09
52 1.09
53 2.28
54 2.28
55 2.41
56 2.41
57 1.97
58 1.97
59 1.22
60 1.22
61 2.34
62 2.34
63 2.42
64 2.42
65 3.90
66 3.90
67 1.70
68 1.70
69 1.70
70 1.70
71 1.80
72 1.80
73 1.34
74 1.34
75 2.74
76 2.74
77 2.55
78 2.55
79 1.75
80 1.75
81 1.54
82 1.54
83 1.68
84 1.68
85 1.90
86 1.90
87 2.30
88 2.30
89 1.50
90 1.50
91 2.77
92 2.77
93 1.71
94 1.71
95 2.36
96 2.36
97 1.61
98 1.61
99 2.81
100 2.81
101 1.83
102 1.83
