1	2.22
2	15.41
3	7.76
4	8.32
5	20.63
6	1.98
7	16.92
8	-10.78
9	-3.57
10	5.08
11	0.73
12	-3.80
13	0.88
14	5.43
15	8.34
16	13.33
17	0.51
18	8.20
19	-1.23
20	2.10
21	15.31
22	4.04
23	-3.33
24	-8.15
25	33.53
26	8.05
27	13.39
28	20.83
29	0.79
30	-12.49
31	-8.13
32	11.16
33	26.06
34	18.89
35	12.91
36	14.20
37	-10.42
38	14.39
39	7.39
40	12.81
41	10.41
42	16.01
43	28.00
44	8.88
45	1.96
46	5.60
47	0.82
48	-2.32
49	0.50
50	2.16
51	2.82
52	-3.49
53	19.50
54	15.62
55	4.18
56	-0.30
57	15.83
58	14.52
59	4.84
60	1.85
61	-0.83
62	10.24
63	14.05
64	8.24
65	16.36
66	13.18
67	0.48
68	-4.55
69	5.27
70	4.79
71	11.19
72	20.80
73	-14.53
74	8.15
75	9.13
76	15.66
77	-8.93
78	26.33
79	8.39
80	-8.44
81	3.44
82	14.07
83	22.64
84	4.43
85	9.86
86	-12.72
87	6.56
88	16.54
89	5.49
90	18.89
91	0.65
92	-7.43
93	10.94
94	21.58
95	-1.69
96	-0.36
97	4.66
98	1.89
99	-0.92
100	6.40
101	26.65
