1 -3.19
2 -3.19
3 9.73
4 9.73
5 7.57
6 7.57
7 8.13
8 8.13
9 24.09
10 24.09
11 24.63
12 24.63
13 -16.55
14 -16.55
15 12.18
16 12.18
17 -29.25
18 -29.25
19 -10.96
20 -10.96
21 20.56
22 20.56
23 7.43
24 7.43
25 11.63
26 11.63
27 13.96
28 13.96
29 22.12
30 22.12
31 14.99
32 14.99
33 13.27
34 13.27
35 23.58
36 23.58
37 8.79
38 8.79
39 28.22
40 28.22
41 13.49
42 13.49
43 16.86
44 16.86
45 20.88
46 20.88
47 0.02
48 0.02
49 -18.40
50 -18.40
51 24.16
52 24.16
53 19.26
54 19.26
55 -9.50
56 -9.50
57 1.50
58 1.50
59 -25.59
60 -25.59
61 21.82
62 21.82
63 -7.49
64 -7.49
65 -9.40
66 -9.40
67 28.18
68 28.18
69 17.92
70 17.92
71 16.99
72 16.99
73 -3.38
74 -3.38
75 -19.45
76 -19.45
77 -0.96
78 -0.96
79 -30.98
80 -30.98
81 25.16
82 25.16
83 15.01
84 15.01
85 -3.74
86 -3.74
87 -30.76
88 -30.76
89 22.78
90 22.78
91 34.52
92 34.52
93 14.67
94 14.67
95 17.17
96 17.17
97 30.60
98 30.60
99 -1.61
100 -1.61
101 3.26
102 3.26
