1	-12.87
2	11.94
3	-49.71
4	-28.54
5	-5.72999999999999
6	-43.66
7	-31.11
8	-1.5
9	21.03
10	18.2
11	-44.37
12	-25.84
13	11.88
14	-19.19
15	44.39
16	-59.19
17	-35.41
18	63.89
19	18.14
20	-13.04
21	-7.72999999999999
22	5.86000000000001
23	-4.25999999999999
24	26.24
25	-31.84
26	-18.64
27	14.68
28	3.19
29	42.2
30	-14.5
31	29.83
32	6.66
33	-21.04
34	-31.43
35	-8.25999999999999
36	-11.8
37	10.85
38	0.769999999999982
39	-43.8
40	14.68
41	8.43000000000001
42	61.79
43	12.6
44	23.26
45	-3.44
46	7.40000000000001
47	-16.56
48	56.3
49	0.990000000000009
50	54
51	12.53
