1	164.91
2	173.43
3	156.31
4	154.61
5	163.23
6	148.48
7	193.5
8	157.40
9	161.45
10	174.32
11	171.84
12	161.62
13	175.33
14	152.63
15	163.33
16	171.71
17	157.89
18	161.49
19	140.26
20	165.34
21	162.07
22	159.81
23	168.14
24	176.16
25	172.78
26	148.18
27	177.00
28	166.30
29	168.23
30	163.19
31	156.69
32	162.35
33	144.40
34	170.44
35	169.57
36	170.68
37	146.25
38	120.30
39	179.21
40	157.51
41	161.42
42	156.01
43	158.67
44	152.88
45	168.03
46	152.64
47	163.67
48	171.18
49	188.98
50	172.77
51	149.80
