1	149.14
2	153.45
3	149.78
4	163.70
5	152.31
6	153.11
7	165.35
8	158.26
9	140.07
10	163.67
11	144.29
12	145.93
13	136.48
14	157.54
15	161.06
16	162.07
17	142.80
18	150.68
19	149.14
20	167.64
21	163.67
22	156.64
23	137.28
24	152.40
25	137.18
26	143.08
27	139.59
28	149.32
29	140.95
30	163.55
31	121.20
32	125.97
33	159.17
34	135.60
35	133.20
36	132.51
37	149.93
38	142.50
39	135.00
40	135.76
41	137.84
42	152.85
43	125.60
44	154.05
45	153.55
46	142.39
47	147.72
48	148.67
49	144.05
50	161.55
51	143.87
