1	-30.54
2	-20.39
3	3.47999999999999
4	-20.68
5	-33.12
6	-34.44
7	-27.61
8	-21.95
9	-5.91
10	-6.86999999999998
11	-9.86000000000001
12	-26.99
13	-12.13
14	-37.43
15	-17.95
16	-25.64
17	-19.64
18	-16.48
19	-30.09
20	-38.14
21	-31.09
22	-18.08
23	-31.42
24	-19.97
25	-34.6
26	-31.31
27	-32.19
28	-42.36
29	-31.2
30	-39.15
31	-41.39
32	-40.62
33	-16.19
34	-33.2
35	-30.18
36	-31.71
37	-29.87
38	-35.93
39	-23.09
40	-14.57
41	-28.92
42	-30.98
43	-20.42
44	-22.56
45	-16.9
46	-26.52
47	-21.34
48	-26.33
49	-13.38
50	-36.3
51	-22.2
