1	0.27
2	-0.11
3	0.20
4	0.57
5	0.38
6	0.74
7	0.28
8	0.04
9	-0.25
10	0.36
11	0.30
12	0.18
13	0.27
14	0.82
15	0.00
16	1.03
17	0.05
18	-0.09
19	-0.03
20	0.36
21	0.59
22	-0.07
23	-0.15
24	0.32
25	0.30
26	0.50
27	-0.06
28	-0.42
29	-0.06
30	0.36
31	-0.29
32	0.18
33	0.24
34	0.80
35	-0.34
36	0.52
37	-0.07
38	0.33
39	0.05
40	-0.19
41	-0.02
42	-0.18
43	0.28
44	-0.23
45	-0.09
46	-0.21
47	-0.18
48	0.24
49	-0.24
50	-0.14
51	0.22
52	0.41
53	0.06
54	0.46
55	0.93
56	-0.17
57	-0.14
58	-0.14
59	-0.67
60	-0.11
61	0.36
62	0.67
63	0.22
64	0.40
65	-0.50
66	0.17
67	0.39
68	0.01
69	0.78
70	0.30
71	0.02
72	0.39
73	-0.09
74	-0.24
75	0.01
76	-0.13
77	-0.12
78	-0.04
79	-0.18
80	-0.25
81	0.03
82	-0.31
83	0.08
84	-0.82
85	-0.11
86	0.53
87	0.64
88	0.01
89	0.15
90	-0.18
91	0.63
92	0.57
93	-0.13
94	0.66
95	0.09
96	0.24
97	-0.06
98	-0.13
99	0.25
100	0.10
101	-0.28
