1	-69.42
2	-56.66
3	-51.78
4	-75.48
5	-65.79
6	-57.61
7	-54.47
8	-151.23
9	-68.61
10	-92.94
11	-81.41
12	-95.03
13	-102.7
14	-36.58
15	-92.58
16	-76.53
17	-71.97
18	-141.39
19	-104.2
20	-48.56
21	-40.1
22	-131.58
23	-95.19
24	-21.19
25	-153.24
26	-39.42
27	-94.35
28	-130.7
29	-62.52
30	-130.74
31	-16.81
32	-76.09
33	-121.75
34	-95.55
35	-72.07
36	-82.08
37	-68.11
38	-111.36
39	-94.73
40	-107.73
41	-25.78
42	-69.96
43	-58.77
44	-6.09999999999999
45	-80.46
46	-110.77
47	-10.2
48	-95.86
49	-65.95
50	-80.5
51	104.25
