1	0.23
2	0.26
3	-0.99
4	-0.74
5	-0.31
6	-0.25
7	1.35
8	2.68
9	-0.27
10	-0.34
11	1.13
12	0.53
13	-1.10
14	-0.67
15	-0.31
16	-2.06
17	3.15
18	-0.07
19	-0.45
20	1.41
21	-1.31
22	0.73
23	-0.87
24	-0.97
25	-1.79
26	0.59
27	1.12
28	-0.75
29	-1.97
30	0.98
31	1.84
32	3.89
33	3.99
34	3.83
35	-1.31
36	-1.78
37	-0.01
38	1.21
39	0.64
40	2.77
41	0.20
42	1.47
43	0.43
44	4.75
45	-2.13
46	1.98
47	0.05
48	1.86
49	1.92
50	0.32
51	2.78
52	-2.76
53	-3.28
54	-1.44
55	-3.58
56	0.04
57	1.75
58	0.03
59	-0.31
60	-2.62
61	-4.12
62	1.46
63	1.31
64	3.19
65	-0.08
66	-0.49
67	0.39
68	-1.48
69	0.25
70	-0.57
71	0.40
72	0.59
73	1.90
74	0.41
75	-0.62
76	3.10
77	-2.11
78	3.29
79	0.95
80	-1.67
81	0.64
82	1.15
83	0.52
84	1.44
85	-0.86
86	-0.74
87	-2.84
88	1.42
89	-2.89
90	-1.09
91	1.88
92	0.32
93	1.47
94	-1.34
95	-3.11
96	1.98
97	1.38
98	-1.08
99	1.15
100	-2.37
101	-0.14
