1	-3.46
2	6.55
3	4.06
4	2.72
5	8.30
6	0.05
7	-6.62
8	5.64
9	-1.94
10	8.30
11	-1.16
12	-1.03
13	-5.30
14	-4.56
15	2.73
16	1.06
17	-1.66
18	2.17
19	2.12
20	0.59
21	-4.55
22	1.25
23	-2.82
24	5.04
25	9.45
26	1.00
27	2.62
28	0.57
29	6.36
30	0.73
31	0.27
32	-2.38
33	8.37
34	5.03
35	6.24
36	0.32
37	3.27
38	6.01
39	1.88
40	5.88
41	4.23
42	6.27
43	1.75
44	-0.60
45	3.32
46	7.85
47	-2.64
48	0.28
49	1.21
50	4.09
51	1.81
52	2.67
53	-0.35
54	-0.20
55	5.92
56	1.53
57	3.68
58	-5.61
59	-1.33
60	5.52
61	-0.14
62	-0.24
63	-5.20
64	-3.62
65	-3.22
66	-0.17
67	0.15
68	-3.24
69	-8.79
70	4.85
71	0.48
72	1.85
73	-2.58
74	9.11
75	6.31
76	5.35
77	3.12
78	-1.60
79	-0.84
80	-3.08
81	8.26
82	6.09
83	-3.27
84	10.98
85	7.47
86	0.85
87	1.32
88	1.99
89	1.62
90	-1.16
91	-1.36
92	0.40
93	3.33
94	8.39
95	2.09
96	7.09
97	7.33
98	7.44
99	3.09
100	-1.57
101	4.07
