1	57.67
2	52.49
3	64.11
4	63.43
5	53.92
6	53.79
7	60.31
8	53.91
9	58.69
10	54.01
11	59.44
12	48.16
13	71.30
14	61.16
15	54.05
16	63.01
17	56.57
18	54.78
19	54.96
20	62.61
21	77.80
22	52.34
23	62.95
24	51.10
25	49.99
26	59.17
27	57.99
28	62.94
29	50.16
30	58.57
31	51.13
32	51.88
33	55.59
34	85.80
35	49.18
36	57.91
37	53.20
38	53.17
39	67.36
40	55.36
41	50.93
42	51.79
43	69.00
44	58.00
45	47.51
46	50.49
47	51.83
48	55.05
49	56.21
50	53.02
51	57.85
52	57.11
53	59.08
54	58.40
55	58.49
56	53.78
57	57.44
58	57.55
59	56.68
60	53.67
61	57.89
62	76.28
63	67.64
64	84.43
65	56.65
66	57.31
67	74.48
68	55.79
69	67.95
70	50.22
71	56.03
72	59.07
73	61.38
74	50.88
75	52.33
76	54.06
77	62.90
78	56.93
79	62.71
80	59.76
81	49.96
82	58.38
83	58.79
84	44.69
85	49.99
86	56.01
87	52.68
88	42.51
89	49.30
90	64.14
91	55.07
92	68.20
93	48.04
94	54.71
95	61.39
96	47.74
97	55.10
98	55.57
99	47.07
100	57.86
101	45.34
