1 0.30
2 0.30
3 0.25
4 0.25
5 0.29
6 0.29
7 0.29
8 0.29
9 0.28
10 0.28
11 0.32
12 0.32
13 0.29
14 0.29
15 0.27
16 0.27
17 0.25
18 0.25
19 0.31
20 0.31
21 0.28
22 0.28
23 0.29
24 0.29
25 0.28
26 0.28
27 0.28
28 0.28
29 0.29
30 0.29
31 0.26
32 0.26
33 0.26
34 0.26
35 0.26
36 0.26
37 0.31
38 0.31
39 0.29
40 0.29
41 0.30
42 0.30
43 0.28
44 0.28
45 0.30
46 0.30
47 0.27
48 0.27
49 0.30
50 0.30
51 0.32
52 0.32
53 0.31
54 0.31
55 0.32
56 0.32
57 0.31
58 0.31
59 0.29
60 0.29
61 0.27
62 0.27
63 0.27
64 0.27
65 0.29
66 0.29
67 0.26
68 0.26
69 0.31
70 0.31
71 0.31
72 0.31
73 0.29
74 0.29
75 0.26
76 0.26
77 0.30
78 0.30
79 0.29
80 0.29
81 0.30
82 0.30
83 0.34
84 0.34
85 0.31
86 0.31
87 0.30
88 0.30
89 0.29
90 0.29
91 0.26
92 0.26
93 0.27
94 0.27
95 0.29
96 0.29
97 0.30
98 0.30
99 0.29
100 0.29
101 0.30
102 0.30
