1 -2.41
2 -2.41
3 -2.28
4 -2.28
5 -2.19
6 -2.19
7 -2.45
8 -2.45
9 -2.35
10 -2.35
11 -1.29
12 -1.29
13 -1.92
14 -1.92
15 -2.33
16 -2.33
17 -2.31
18 -2.31
19 -2.17
20 -2.17
21 -3.09
22 -3.09
23 -1.74
24 -1.74
25 -1.96
26 -1.96
27 -1.56
28 -1.56
29 -2.06
30 -2.06
31 -1.55
32 -1.55
33 -2.03
34 -2.03
35 -2.17
36 -2.17
37 -1.63
38 -1.63
39 -2.66
40 -2.66
41 -2.39
42 -2.39
43 -2.25
44 -2.25
45 -1.98
46 -1.98
47 -1.98
48 -1.98
49 -2.26
50 -2.26
51 -1.13
52 -1.13
53 -1.88
54 -1.88
55 -2.02
56 -2.02
57 -2.13
58 -2.13
59 -2.62
60 -2.62
61 -2.46
62 -2.46
63 -2.76
64 -2.76
65 -1.98
66 -1.98
67 -2.11
68 -2.11
69 -2.44
70 -2.44
71 -2.10
72 -2.10
73 -2.63
74 -2.63
75 -1.88
76 -1.88
77 -2.28
78 -2.28
79 -1.99
80 -1.99
81 -2.66
82 -2.66
83 -2.43
84 -2.43
85 -1.75
86 -1.75
87 -2.80
88 -2.80
89 -1.99
90 -1.99
91 -2.30
92 -2.30
93 -2.56
94 -2.56
95 -2.28
96 -2.28
97 -2.31
98 -2.31
99 -2.00
100 -2.00
101 -1.50
102 -1.50
