1	151.47
2	164.89
3	175.96
4	159.33
5	186.25
6	170.25
7	176.58
8	172.88
9	180.17
10	183.96
11	169.71
12	169.88
13	150.24
14	169.59
15	149.28
16	144.79
17	167.33
18	139.54
19	173.98
20	176.63
21	161.49
22	150.93
23	171.44
24	170.03
25	149.67
26	157.47
27	146.15
28	164.92
29	172.72
30	168.83
31	172.20
32	180.2
33	168.05
34	158.52
35	161.95
36	172.98
37	176.67
38	182.54
39	156.33
40	155.10
41	163.52
42	169.24
43	165.25
44	169.04
45	175.66
46	165.03
47	162.17
48	171.95
49	169.88
50	174.45
51	173.76
