1	156.57
2	155.18
3	153.65
4	154.77
5	154.91
6	154.83
7	155.94
8	152.20
9	155.64
10	152.36
11	155.61
12	155.48
13	155.09
14	155.51
15	154.03
16	153.94
17	153.22
18	155.15
19	153.99
20	155.49
21	153.53
22	154.82
23	154.94
24	154.90
25	156.79
26	154.02
27	155.05
28	156.14
29	155.91
30	155.18
31	156.02
32	155.50
33	154.52
34	155.95
35	155.73
36	155.92
37	153.64
38	153.96
39	155.72
40	154.38
41	155.57
42	153.75
43	155.53
44	154.01
45	154.86
46	156.56
47	154.96
48	152.90
49	155.73
50	154.84
51	157.40
