1	-105.98
2	-100.08
3	-96.38
4	-106.62
5	-101.24
6	-106.11
7	-105.55
8	-111.88
9	-108.98
10	-105.75
11	-101.66
12	-103.2
13	-106.74
14	-106.4
15	-101.04
16	-98.92
17	-103.34
18	-102.37
19	-106.21
20	-103.59
21	-108.02
22	-108.44
23	-101.36
24	-105.64
25	-99.74
26	-107.66
27	-103.81
28	-106.93
29	-104.39
30	-103.11
31	-101.77
32	-105.66
33	-103.9
34	-101.15
35	-101.61
36	-100.43
37	-103.89
38	-107.21
39	-101.43
40	-101.37
41	-105.11
42	-103
43	-104.27
44	-106.92
45	-100.33
46	-99.94
47	-102.77
48	-102.12
49	-102.83
50	-105.14
51	-105.23
