1 -0.41
2 -0.41
3 1.69
4 1.69
5 10.23
6 10.23
7 0.00
8 0.00
9 -11.91
10 -11.91
11 12.76
12 12.76
13 3.04
14 3.04
15 -24.76
16 -24.76
17 -2.15
18 -2.15
19 9.49
20 9.49
21 7.29
22 7.29
23 -0.60
24 -0.60
25 14.06
26 14.06
27 2.16
28 2.16
29 19.59
30 19.59
31 1.26
32 1.26
33 -2.94
34 -2.94
35 0.20
36 0.20
37 6.68
38 6.68
39 15.12
40 15.12
41 5.63
42 5.63
43 1.08
44 1.08
45 0.51
46 0.51
47 6.15
48 6.15
49 9.91
50 9.91
51 8.10
52 8.10
53 -2.93
54 -2.93
55 -1.82
56 -1.82
57 17.61
58 17.61
59 -0.19
60 -0.19
61 -5.22
62 -5.22
63 -0.32
64 -0.32
65 3.36
66 3.36
67 24.73
68 24.73
69 16.30
70 16.30
71 7.48
72 7.48
73 5.09
74 5.09
75 27.10
76 27.10
77 15.31
78 15.31
79 8.43
80 8.43
81 28.18
82 28.18
83 -11.96
84 -11.96
85 0.43
86 0.43
87 2.16
88 2.16
89 13.78
90 13.78
91 16.31
92 16.31
93 4.44
94 4.44
95 -4.11
96 -4.11
97 9.40
98 9.40
99 -12.34
100 -12.34
101 -4.57
102 -4.57
103 10.20
104 10.20
105 3.57
106 3.57
107 6.54
108 6.54
109 30.71
110 30.71
111 26.48
112 26.48
113 8.29
114 8.29
115 3.80
116 3.80
117 1.91
118 1.91
119 5.96
120 5.96
121 -4.44
122 -4.44
123 18.08
124 18.08
125 -3.24
126 -3.24
127 -2.59
128 -2.59
129 22.38
130 22.38
131 2.15
132 2.15
133 9.41
134 9.41
135 -12.92
136 -12.92
137 -2.96
138 -2.96
139 18.60
140 18.60
141 3.94
142 3.94
143 12.29
144 12.29
145 24.71
146 24.71
147 22.84
148 22.84
149 -1.55
150 -1.55
151 1.25
152 1.25
153 7.19
154 7.19
155 -5.14
156 -5.14
157 29.92
158 29.92
159 4.67
160 4.67
161 -7.05
162 -7.05
163 11.03
164 11.03
165 -0.97
166 -0.97
167 -7.85
168 -7.85
169 24.42
170 24.42
171 1.19
172 1.19
173 22.29
174 22.29
175 -4.64
176 -4.64
177 7.53
178 7.53
179 18.98
180 18.98
181 4.76
182 4.76
183 -1.96
184 -1.96
185 -12.34
186 -12.34
187 8.82
188 8.82
189 -6.27
190 -6.27
191 8.04
192 8.04
193 10.69
194 10.69
195 26.42
196 26.42
197 21.96
198 21.96
199 -6.86
200 -6.86
201 25.04
202 25.04
