1 0.17
2 0.17
3 0.12
4 0.12
5 0.58
6 0.58
7 1.14
8 1.14
9 0.56
10 0.56
11 0.34
12 0.34
13 1.02
14 1.02
15 1.64
16 1.64
17 0.85
18 0.85
19 0.06
20 0.06
21 0.84
22 0.84
23 0.69
24 0.69
25 0.70
26 0.70
27 0.24
28 0.24
29 0.73
30 0.73
31 1.11
32 1.11
33 1.32
34 1.32
35 0.27
36 0.27
37 1.10
38 1.10
39 0.68
40 0.68
41 1.00
42 1.00
43 1.19
44 1.19
45 0.37
46 0.37
47 0.36
48 0.36
49 0.47
50 0.47
51 0.30
52 0.30
53 0.98
54 0.98
55 0.89
56 0.89
57 0.94
58 0.94
59 0.97
60 0.97
61 1.08
62 1.08
63 0.80
64 0.80
65 1.04
66 1.04
67 0.93
68 0.93
69 0.69
70 0.69
71 0.88
72 0.88
73 0.38
74 0.38
75 0.43
76 0.43
77 0.49
78 0.49
79 0.55
80 0.55
81 0.62
82 0.62
83 0.92
84 0.92
85 1.47
86 1.47
87 1.06
88 1.06
89 0.88
90 0.88
91 0.29
92 0.29
93 0.26
94 0.26
95 0.33
96 0.33
97 0.44
98 0.44
99 0.58
100 0.58
101 0.98
102 0.98
103 0.29
104 0.29
105 1.05
106 1.05
107 0.99
108 0.99
109 0.87
110 0.87
111 0.76
112 0.76
113 0.90
114 0.90
115 0.81
116 0.81
117 0.73
118 0.73
119 1.54
120 1.54
121 0.17
122 0.17
123 0.42
124 0.42
125 1.02
126 1.02
127 0.95
128 0.95
129 0.70
130 0.70
131 0.42
132 0.42
133 0.46
134 0.46
135 1.04
136 1.04
137 0.56
138 0.56
139 0.82
140 0.82
141 0.95
142 0.95
143 0.59
144 0.59
145 0.79
146 0.79
147 -0.01
148 -0.01
149 0.98
150 0.98
151 0.32
152 0.32
153 0.84
154 0.84
155 1.38
156 1.38
157 0.98
158 0.98
159 0.33
160 0.33
161 1.53
162 1.53
163 0.78
164 0.78
165 1.52
166 1.52
167 1.03
168 1.03
169 0.64
170 0.64
171 0.45
172 0.45
173 0.27
174 0.27
175 0.41
176 0.41
177 0.67
178 0.67
179 0.65
180 0.65
181 0.90
182 0.90
183 1.09
184 1.09
185 1.90
186 1.90
187 0.74
188 0.74
189 0.44
190 0.44
191 0.36
192 0.36
193 0.74
194 0.74
195 0.16
196 0.16
197 0.46
198 0.46
199 1.90
200 1.90
201 0.71
202 0.71
