1	3.28
2	3.08
3	2.93
4	4.00
5	3.31
6	3.71
7	2.54
8	2.77
9	2.94
10	2.71
11	3.41
12	3.35
13	3.01
14	4.30
15	3.62
16	3.56
17	3.27
18	3.10
19	3.90
20	3.81
21	4.63
22	3.56
23	2.56
24	3.94
25	3.71
26	4.29
27	3.71
28	3.02
29	2.57
30	3.14
31	3.01
32	3.39
33	4.32
34	3.95
35	2.91
36	3.49
37	2.76
38	2.87
39	3.69
40	3.26
41	3.12
42	3.58
43	3.78
44	3.22
45	3.53
46	2.37
47	3.70
48	3.64
49	2.96
50	3.97
51	1.88
52	1.83
53	3.81
54	4.11
55	4.23
56	3.01
57	3.15
58	1.71
59	3.20
60	2.91
61	2.45
62	2.55
63	3.21
64	1.81
65	2.95
66	3.03
67	2.54
68	3.48
69	3.53
70	3.38
71	3.21
72	2.59
73	2.82
74	3.30
75	3.18
76	3.41
77	4.04
78	3.93
79	3.19
80	3.19
81	4.08
82	2.58
83	3.21
84	3.15
85	3.25
86	4.01
87	4.19
88	3.24
89	3.65
90	3.23
91	3.17
92	4.11
93	3.49
94	3.54
95	3.13
96	4.19
97	3.19
98	3.87
99	3.77
100	3.39
101	4.15
