1 -8.50
2 -8.50
3 -2.12
4 -2.12
5 -7.49
6 -7.49
7 -4.73
8 -4.73
9 1.27
10 1.27
11 13.30
12 13.30
13 -0.78
14 -0.78
15 -3.26
16 -3.26
17 -2.19
18 -2.19
19 9.46
20 9.46
21 -3.27
22 -3.27
23 -9.03
24 -9.03
25 8.97
26 8.97
27 11.70
28 11.70
29 -14.09
30 -14.09
31 -15.73
32 -15.73
33 -7.28
34 -7.28
35 3.39
36 3.39
37 -20.94
38 -20.94
39 1.08
40 1.08
41 -5.77
42 -5.77
43 -11.64
44 -11.64
45 -11.87
46 -11.87
47 -8.79
48 -8.79
49 -12.10
50 -12.10
51 -6.35
52 -6.35
53 -11.10
54 -11.10
55 22.88
56 22.88
57 14.67
58 14.67
59 14.21
60 14.21
61 11.31
62 11.31
63 -21.11
64 -21.11
65 3.34
66 3.34
67 -11.68
68 -11.68
69 5.14
70 5.14
71 -2.19
72 -2.19
73 -11.04
74 -11.04
75 -3.99
76 -3.99
77 -4.07
78 -4.07
79 -11.96
80 -11.96
81 -5.02
82 -5.02
83 1.79
84 1.79
85 0.79
86 0.79
87 3.15
88 3.15
89 -14.83
90 -14.83
91 -9.57
92 -9.57
93 -9.79
94 -9.79
95 2.86
96 2.86
97 1.76
98 1.76
99 -16.09
100 -16.09
101 4.36
102 4.36
