1 -0.32
2 -0.32
3 -0.72
4 -0.72
5 -1.25
6 -1.25
7 -0.99
8 -0.99
9 -1.02
10 -1.02
11 -0.12
12 -0.12
13 -0.57
14 -0.57
15 -0.57
16 -0.57
17 -0.54
18 -0.54
19 -0.45
20 -0.45
21 -0.26
22 -0.26
23 -0.64
24 -0.64
25 -0.49
26 -0.49
27 -0.70
28 -0.70
29 -0.20
30 -0.20
31 -1.09
32 -1.09
33 -0.91
34 -0.91
35 -0.80
36 -0.80
37 -0.88
38 -0.88
39 -0.62
40 -0.62
41 -0.91
42 -0.91
43 -0.55
44 -0.55
45 -1.15
46 -1.15
47 -1.08
48 -1.08
49 -1.22
50 -1.22
51 -0.80
52 -0.80
53 -0.83
54 -0.83
55 -0.04
56 -0.04
57 -0.35
58 -0.35
59 0.12
60 0.12
61 -0.19
62 -0.19
63 0.06
64 0.06
65 -0.96
66 -0.96
67 -0.20
68 -0.20
69 -0.16
70 -0.16
71 -0.82
72 -0.82
73 -0.60
74 -0.60
75 -0.56
76 -0.56
77 -0.57
78 -0.57
79 -1.20
80 -1.20
81 -0.55
82 -0.55
83 -0.43
84 -0.43
85 -0.26
86 -0.26
87 -0.01
88 -0.01
89 -0.62
90 -0.62
91 -0.34
92 -0.34
93 -0.58
94 -0.58
95 -0.42
96 -0.42
97 -0.87
98 -0.87
99 -0.25
100 -0.25
101 -0.98
102 -0.98
