1	150.28
2	113.32
3	167.43
4	169.95
5	146.78
6	177.23
7	154.23
8	162.29
9	164.60
10	150.67
11	141.50
12	153.36
13	151.51
14	169.63
15	162.08
16	123.70
17	128.08
18	172.78
19	170.77
20	175.17
21	143.70
22	142.22
23	164.41
24	154.36
25	155.72
26	170.11
27	142.32
28	160.42
29	181.21
30	136.80
31	129.45
32	121.56
33	124.36
34	133.05
35	105.10
36	152.90
37	144.22
38	159.00
39	177.18
40	133.86
41	164.73
42	143.49
43	119.63
44	172.80
45	126.82
46	163.40
47	149.76
48	130.66
49	178.08
50	163.99
51	152.03
