1	3.23
2	2.97
3	6.07
4	4.01
5	3.32
6	6.99
7	3.16
8	3.16
9	4.79
10	1.76
11	3.57
12	6.29
13	3.33
14	NaN
15	4.47
16	1.25
17	3.23
18	1.71
19	2.71
20	5.29
21	6.11
22	NaN
23	1.46
24	4.94
25	2.59
26	3.66
27	0.94
28	1.63
29	4.11
30	4.49
31	1.54
32	1.89
33	7.10
34	2.18
35	3.58
36	7.38
37	2.63
38	0.02
39	4.55
40	5.36
41	5.68
42	3.07
43	2.63
44	2.86
45	1.57
46	2.07
47	2.84
48	2.74
49	2.69
50	5.13
51	2.36
52	1.11
53	3.25
54	6.24
55	1.55
56	2.09
57	5.51
58	4.89
59	1.34
60	1.52
61	NaN
62	0.40
63	1.07
64	3.65
65	3.12
66	4.14
67	1.60
68	3.41
69	1.58
70	4.52
71	6.43
72	4.61
73	5.00
74	1.54
75	2.40
76	6.43
77	3.70
78	8.50
79	4.07
80	-0.33
81	NaN
82	5.66
83	2.81
84	5.07
85	1.54
86	4.40
87	2.97
88	NaN
89	2.26
90	1.67
91	6.50
92	5.39
93	2.37
94	6.39
95	3.61
96	2.34
97	NaN
98	2.60
99	3.57
100	3.67
101	1.49
