1 0.00
2 0.00
3 -0.12
4 -0.12
5 -0.20
6 -0.20
7 -0.16
8 -0.16
9 0.14
10 0.14
11 -0.10
12 -0.10
13 -0.07
14 -0.07
15 -0.03
16 -0.03
17 -0.16
18 -0.16
19 0.18
20 0.18
21 -0.04
22 -0.04
23 -0.03
24 -0.03
25 -0.44
26 -0.44
27 -0.54
28 -0.54
29 -0.24
30 -0.24
31 -0.83
32 -0.83
33 -0.07
34 -0.07
35 -0.12
36 -0.12
37 0.08
38 0.08
39 0.28
40 0.28
41 0.74
42 0.74
43 -0.17
44 -0.17
45 -0.03
46 -0.03
47 -0.09
48 -0.09
49 -0.38
50 -0.38
51 0.48
52 0.48
53 -0.03
54 -0.03
55 -0.02
56 -0.02
57 0.51
58 0.51
59 -0.13
60 -0.13
61 1.02
62 1.02
63 -0.53
64 -0.53
65 -0.40
66 -0.40
67 0.19
68 0.19
69 0.18
70 0.18
71 -0.17
72 -0.17
73 0.08
74 0.08
75 -0.15
76 -0.15
77 -0.10
78 -0.10
79 -0.17
80 -0.17
81 -0.47
82 -0.47
83 -0.18
84 -0.18
85 -0.10
86 -0.10
87 0.37
88 0.37
89 0.16
90 0.16
91 0.06
92 0.06
93 0.04
94 0.04
95 -0.45
96 -0.45
97 0.11
98 0.11
99 0.40
100 0.40
101 -0.66
102 -0.66
103 -0.17
104 -0.17
105 -0.28
106 -0.28
107 -0.13
108 -0.13
109 0.21
110 0.21
111 0.14
112 0.14
113 0.51
114 0.51
115 -0.01
116 -0.01
117 0.23
118 0.23
119 -0.41
120 -0.41
121 0.60
122 0.60
123 -0.13
124 -0.13
125 0.00
126 0.00
127 -0.16
128 -0.16
129 -0.35
130 -0.35
131 -0.61
132 -0.61
133 0.56
134 0.56
135 0.30
136 0.30
137 -0.22
138 -0.22
139 0.41
140 0.41
141 0.02
142 0.02
143 0.47
144 0.47
145 0.24
146 0.24
147 -0.22
148 -0.22
149 0.03
150 0.03
151 0.04
152 0.04
153 -0.48
154 -0.48
155 0.32
156 0.32
157 0.08
158 0.08
159 -0.27
160 -0.27
161 0.47
162 0.47
163 0.42
164 0.42
165 0.11
166 0.11
167 0.50
168 0.50
169 0.14
170 0.14
171 0.06
172 0.06
173 0.30
174 0.30
175 0.56
176 0.56
177 0.07
178 0.07
179 0.01
180 0.01
181 0.03
182 0.03
183 0.15
184 0.15
185 -0.01
186 -0.01
187 -0.12
188 -0.12
189 -0.37
190 -0.37
191 0.17
192 0.17
193 -0.10
194 -0.10
195 0.82
196 0.82
197 -0.10
198 -0.10
199 0.02
200 0.02
201 -0.12
202 -0.12
