1 -0.25
2 -0.25
3 -0.65
4 -0.65
5 -0.09
6 -0.09
7 -0.95
8 -0.95
9 -1.45
10 -1.45
11 0.68
12 0.68
13 -1.53
14 -1.53
15 -0.11
16 -0.11
17 -1.69
18 -1.69
19 1.73
20 1.73
21 0.36
22 0.36
23 -0.47
24 -0.47
25 0.44
26 0.44
27 2.39
28 2.39
29 -3.57
30 -3.57
31 -1.24
32 -1.24
33 -0.22
34 -0.22
35 1.59
36 1.59
37 -2.24
38 -2.24
39 0.48
40 0.48
41 -3.30
42 -3.30
43 -0.32
44 -0.32
45 -0.65
46 -0.65
47 -0.25
48 -0.25
49 -1.69
50 -1.69
51 -3.12
52 -3.12
53 -0.41
54 -0.41
55 -1.43
56 -1.43
57 -2.70
58 -2.70
59 -2.78
60 -2.78
61 -3.46
62 -3.46
63 0.05
64 0.05
65 0.45
66 0.45
67 -4.43
68 -4.43
69 -0.41
70 -0.41
71 -2.06
72 -2.06
73 1.03
74 1.03
75 -1.07
76 -1.07
77 -0.31
78 -0.31
79 -0.97
80 -0.97
81 -0.82
82 -0.82
83 -0.11
84 -0.11
85 -3.15
86 -3.15
87 -4.80
88 -4.80
89 -1.62
90 -1.62
91 -3.00
92 -3.00
93 -0.43
94 -0.43
95 0.04
96 0.04
97 -0.53
98 -0.53
99 -2.32
100 -2.32
101 -1.55
102 -1.55
103 -1.24
104 -1.24
105 -2.98
106 -2.98
107 -3.17
108 -3.17
109 0.83
110 0.83
111 -0.87
112 -0.87
113 -3.57
114 -3.57
115 -0.12
116 -0.12
117 -1.62
118 -1.62
119 -4.27
120 -4.27
121 -2.05
122 -2.05
123 0.85
124 0.85
125 -0.88
126 -0.88
127 -2.10
128 -2.10
129 0.24
130 0.24
131 -3.74
132 -3.74
133 0.42
134 0.42
135 -0.71
136 -0.71
137 -0.08
138 -0.08
139 -1.98
140 -1.98
141 -0.41
142 -0.41
143 -3.19
144 -3.19
145 2.01
146 2.01
147 0.28
148 0.28
149 -1.94
150 -1.94
151 0.39
152 0.39
153 3.26
154 3.26
155 -1.08
156 -1.08
157 -0.40
158 -0.40
159 1.30
160 1.30
161 -0.34
162 -0.34
163 -3.40
164 -3.40
165 2.98
166 2.98
167 -2.62
168 -2.62
169 1.07
170 1.07
171 -2.23
172 -2.23
173 -1.92
174 -1.92
175 0.85
176 0.85
177 1.88
178 1.88
179 -1.74
180 -1.74
181 -1.65
182 -1.65
183 -0.56
184 -0.56
185 -2.67
186 -2.67
187 0.82
188 0.82
189 2.09
190 2.09
191 1.17
192 1.17
193 2.40
194 2.40
195 -0.66
196 -0.66
197 -1.07
198 -1.07
199 -2.64
200 -2.64
201 -0.65
202 -0.65
