1 32.91
2 32.91
3 32.58
4 32.58
5 35.43
6 35.43
7 37.97
8 37.97
9 33.00
10 33.00
11 25.20
12 25.20
13 31.53
14 31.53
15 31.35
16 31.35
17 36.39
18 36.39
19 35.64
20 35.64
21 28.37
22 28.37
23 31.79
24 31.79
25 39.53
26 39.53
27 37.54
28 37.54
29 32.88
30 32.88
31 35.38
32 35.38
33 34.16
34 34.16
35 31.88
36 31.88
37 35.36
38 35.36
39 32.59
40 32.59
41 32.33
42 32.33
43 28.90
44 28.90
45 28.55
46 28.55
47 24.49
48 24.49
49 26.09
50 26.09
51 36.96
52 36.96
53 33.39
54 33.39
55 34.02
56 34.02
57 34.00
58 34.00
59 25.59
60 25.59
61 31.65
62 31.65
63 33.88
64 33.88
65 26.92
66 26.92
67 35.76
68 35.76
69 39.52
70 39.52
71 31.24
72 31.24
73 32.27
74 32.27
75 32.82
76 32.82
77 33.60
78 33.60
79 38.05
80 38.05
81 36.76
82 36.76
83 33.91
84 33.91
85 34.74
86 34.74
87 32.00
88 32.00
89 30.00
90 30.00
91 34.68
92 34.68
93 25.17
94 25.17
95 26.39
96 26.39
97 32.10
98 32.10
99 33.45
100 33.45
101 37.66
102 37.66
103 33.86
104 33.86
105 35.61
106 35.61
107 30.33
108 30.33
109 26.07
110 26.07
111 37.63
112 37.63
113 34.62
114 34.62
115 35.40
116 35.40
117 32.84
118 32.84
119 28.51
120 28.51
121 37.77
122 37.77
123 27.26
124 27.26
125 36.46
126 36.46
127 36.06
128 36.06
129 32.77
130 32.77
131 40.43
132 40.43
133 28.41
134 28.41
135 38.58
136 38.58
137 33.34
138 33.34
139 29.71
140 29.71
141 31.45
142 31.45
143 37.17
144 37.17
145 37.66
146 37.66
147 34.62
148 34.62
149 34.10
150 34.10
151 35.47
152 35.47
153 35.29
154 35.29
155 29.57
156 29.57
157 31.95
158 31.95
159 30.08
160 30.08
161 35.88
162 35.88
163 28.20
164 28.20
165 25.89
166 25.89
167 31.48
168 31.48
169 29.57
170 29.57
171 33.67
172 33.67
173 32.48
174 32.48
175 32.89
176 32.89
177 34.87
178 34.87
179 30.46
180 30.46
181 29.54
182 29.54
183 28.58
184 28.58
185 26.27
186 26.27
187 34.55
188 34.55
189 32.03
190 32.03
191 35.51
192 35.51
193 33.67
194 33.67
195 32.98
196 32.98
197 29.65
198 29.65
199 32.21
200 32.21
201 28.46
202 28.46
