1	1.41
2	15.09
3	14.73
4	-1.64
5	-6.15
6	22.20
7	17.76
8	0.69
9	10.37
10	3.11
11	23.21
12	14.56
13	-2.77
14	12.96
15	8.49
16	12.73
17	2.55
18	12.70
19	5.41
20	21.70
21	11.45
22	13.81
23	1.88
24	-7.23
25	10.90
26	4.24
27	15.54
28	19.13
29	21.98
30	1.30
31	15.83
32	-2.23
33	14.64
34	-22.78
35	2.47
36	19.19
37	8.29
38	16.28
39	-3.05
40	0.25
41	17.42
42	12.10
43	16.84
44	6.71
45	6.63
46	-2.56
47	11.03
48	3.37
49	-3.39
50	-3.06
51	21.62
52	16.96
53	8.68
54	14.87
55	21.51
56	15.40
57	18.38
58	19.09
59	15.47
60	25.98
61	3.42
62	-3.18
63	12.88
64	19.95
65	19.65
66	13.94
67	18.24
68	19.76
69	13.95
70	24.89
71	4.17
72	14.13
73	3.72
74	4.85
75	20.49
76	2.67
77	-7.90
78	5.13
79	-9.55
80	14.89
81	16.96
82	6.84
83	-1.23
84	-8.38
85	21.86
86	7.60
87	8.74
88	8.45
89	23.41
90	18.10
91	-11.29
92	-9.39
93	-3.58
94	18.69
95	3.71
96	13.31
97	-3.85
98	-3.85
99	6.08
100	17.86
101	2.35
