1	5.19
2	6.45
3	6.24
4	7.97
5	7.73
6	6.79
7	7.97
8	6.44
9	8.50
10	4.67
11	5.72
12	6.95
13	7.73
14	7.57
15	8.83
16	7.81
17	8.25
18	4.35
19	7.35
20	7.16
21	7.50
22	4.77
23	6.09
24	8.16
25	7.61
26	8.26
27	6.07
28	6.15
29	6.14
30	7.26
31	5.87
32	6.40
33	6.64
34	6.29
35	4.71
36	8.00
37	4.81
38	5.58
39	6.69
40	6.19
41	8.20
42	9.10
43	8.64
44	7.24
45	5.65
46	4.10
47	6.16
48	6.89
49	8.00
50	6.48
51	6.20
52	5.75
53	6.98
54	7.05
55	6.40
56	9.12
57	7.01
58	4.98
59	5.26
60	5.39
61	6.00
62	7.08
63	6.72
64	5.78
65	5.93
66	7.52
67	6.66
68	7.72
69	6.62
70	7.61
71	8.41
72	8.70
73	5.43
74	8.37
75	5.98
76	6.02
77	7.93
78	7.32
79	6.21
80	4.73
81	4.89
82	6.16
83	9.02
84	5.95
85	8.96
86	7.64
87	6.44
88	7.19
89	6.36
90	4.34
91	6.71
92	8.09
93	4.64
94	7.59
95	5.70
96	7.38
97	9.17
98	4.93
99	5.99
100	6.98
101	9.00
