267.01	59.38
290.23	48.52
288.9	57.06
287.38	53.57
288.14	59.35
254.55	59.44
267.75	58.07
272.12	60.91
271.74	65.44
246.66	70.66
287.1	54.40
279	58.72
278.76	58.61
264.37	53.74
268.52	57.63
269.18	65.18
278.97	61.41
273.74	57.41
264.87	53.73
297.62	51.50
250.23	60.07
266.57	71.82
274.96	57.56
254.17	63.61
253.69	58.46
261.74	77.43
251.58	67.81
257.42	63.13
276.21	59.35
282.22	54.84
273.87	63.69
286.51	51.69
269.08	64.84
272.29	61.90
283.73	54.27
261.03	53.13
276.15	57.36
277.2	70.68
247.05	56.29
253.24	60.95
260.31	74.15
266.58	53.19
265.38	57.52
264.28	71.07
262.26	59.19
255.8	68.85
266.89	57.78
278.96	61.32
278.24	59.63
265.96	63.97
269.1	64.12
260.37	54.53
284.15	55.32
252.75	58.70
264.5	57.28
265.24	53.28
262.63	57.69
260.64	55.69
267.63	53.28
263.33	52.96
254.51	55.88
267.77	55.72
265.62	59.88
267.38	56.53
267.46	56.97
271.98	54.23
264.98	52.63
275.77	58.77
258.01	53.99
266.21	56.64
259.83	54.54
258.32	56.98
259.5	56.79
262.09	53.98
268.59	58.02
276.26	53.39
266.58	57.95
265.98	59.45
260.74	57.01
269.86	57.30
268.64	56.30
268.73	56.60
276.96	57.79
261.03	56.06
270.96	58.11
259.74	57.22
260.79	57.26
267.7	56.22
269.25	56.59
272.42	55.57
NaN	55.75
269.87	52.27
277.72	58.50
264.09	54.73
263.3	53.34
254.68	57.15
258.47	56.43
270.18	51.46
270.25	59.62
269.75	51.94
259.6	55.13
264.86	57.20
289.7	55.53
283.3	54.50
278.5	58.22
281.22	59.71
282.51	59.62
277.1	56.97
286.72	54.15
282.74	55.11
280.63	56.10
286.44	57.92
281.68	57.33
278.84	56.39
282.73	55.31
282.96	54.55
282.09	57.68
285.24	56.84
276.28	55.55
286.59	54.66
284.39	57.86
283.9	55.94
276.5	57.79
281.46	55.45
288.89	55.42
277.97	57.32
289.68	54.05
288.01	58.58
277.42	57.56
281.84	58.30
285.89	58.21
282.88	57.86
286.71	57.30
279.31	58.60
283.41	59.90
283.53	54.32
283.54	54.93
285.66	52.88
282.67	56.90
279.26	55.34
285.09	54.19
284.35	54.48
282.55	58.76
275.73	59.24
286.29	58.50
281.87	58.99
271.48	56.97
276.48	58.79
291.48	56.53
282.95	59.58
289.59	57.10
279.82	58.59
286.77	56.23
273.01	55.44
264.53	62.70
270.18	59.34
269.92	58.84
263.74	61.45
260.29	62.45
260.67	60.06
268.7	57.37
263.16	65.34
268.89	57.98
263.73	58.78
262.73	60.96
262.2	58.52
265.49	61.74
268.87	56.49
268.77	58.93
260.48	61.68
262.29	59.21
267.35	58.51
265.55	56.79
255.94	61.44
265.09	57.24
268.36	55.63
261.61	61.50
269.41	57.97
267.78	62.00
259.33	63.34
266.01	57.60
266.42	59.50
266.65	59.15
270	57.76
267.87	57.10
268.6	62.58
267.52	56.52
264.71	58.88
271.83	57.38
262.49	62.84
273.4	58.42
266.87	60.22
262.18	59.51
269.41	58.99
268.69	61.84
274.49	58.31
269.91	54.70
260.97	59.77
264.32	57.11
277.72	59.37
269.14	59.74
278.13	55.34
266.28	58.56
266	63.09
308.14	57.38
294.28	56.53
305.2	57.19
302.7	53.40
297.6	58.70
293.65	56.94
301.61	54.09
304.47	58.27
296.77	55.41
302.22	57.84
299.43	58.29
288.46	57.07
300.51	51.73
295.93	58.13
302.65	57.11
293.03	59.61
292.6	57.12
300.66	57.39
302.15	57.28
303.1	55.38
300.25	54.72
299.4	55.79
303.69	53.55
296.77	56.36
305.38	54.62
298.88	59.82
292.03	61.03
294.51	59.96
299.82	57.95
300.97	55.31
301.29	63.59
297.05	61.54
298.5	53.90
302.25	58.46
291.35	56.43
297.08	61.20
288.7	62.62
294.06	63.14
297.69	64.25
293.6	62.58
309.53	52.70
303.35	54.13
303.58	55.22
304.39	58.86
296	55.64
297.11	59.88
311.52	53.73
297.9	55.40
301.44	54.44
305.84	53.59
294.75	58.57
270.25	50.73
270.87	51.32
268.56	52.03
275.31	56.87
272.68	53.60
268.21	58.43
261.88	58.13
270	46.82
273.3	49.44
273.6	56.30
271.95	49.37
272.5	54.20
275.43	58.82
270.64	53.52
275.55	54.87
268.09	53.77
267.02	55.88
278.01	51.05
271.1	55.16
270.89	62.32
264.16	57.16
262.9	57.08
280.21	55.43
268.34	57.39
277.09	53.35
269.3	50.70
262.19	49.20
271.14	58.52
271.19	52.36
276.08	53.90
265.43	45.92
270.8	51.25
276.87	53.19
268.33	51.51
269.56	56.76
261.13	56.42
270.24	58.54
261.47	46.01
271.84	50.42
267.37	59.14
272.79	50.55
266.58	54.28
271.77	51.17
268.18	52.46
275.83	57.71
266.25	54.46
275.42	47.25
278.15	52.53
279.84	51.88
266.16	56.64
263.45	53.37
321.09	55.23
293.54	48.25
311.34	54.91
308.61	54.00
316.1	56.45
303.89	57.04
307.89	56.64
321.43	58.57
284.97	57.75
317.2	53.21
313.1	60.86
304.32	50.88
313.12	51.53
302.88	55.82
313.58	51.41
306.9	56.21
310.8	50.29
307.84	62.06
309.27	58.88
313.32	50.21
305.63	58.08
318.6	54.42
307.4	55.03
294.85	49.35
284.95	48.27
303.06	59.18
295.65	65.30
312.66	55.38
303.44	61.35
299.16	53.13
319.07	58.61
312.42	57.97
289.54	54.78
319.81	53.91
298.2	50.77
314.48	54.54
302.13	51.96
315.08	53.27
298.58	58.91
314.44	52.39
300.88	48.56
297.16	47.51
311.24	58.32
321.68	54.61
309.91	47.20
318.51	53.57
302.84	52.11
280.45	55.18
302.48	52.23
310.56	49.95
305.88	59.79
274.89	56.98
299.8	56.44
284.5	49.51
292.98	49.13
280.13	53.08
291.1	50.37
295.63	53.75
279.75	54.99
290.12	53.09
281.99	53.08
290.32	51.14
295.31	50.51
295.14	50.90
290.96	53.46
293.71	53.19
297.9	49.27
285.66	57.98
289.77	50.70
284.11	50.59
293.16	48.72
288.07	52.57
289.6	57.44
293.13	52.15
290.3	48.21
301.57	53.14
287.52	52.91
293.34	51.37
283.85	52.41
269.09	55.33
291.03	54.45
256.48	57.74
291.2	52.76
284.12	53.91
286.87	53.95
302.22	51.30
282.82	51.54
292.94	46.93
287.78	55.85
290.12	50.29
294.3	50.93
288.56	55.24
297.46	50.06
282.79	51.59
281.17	52.41
298.84	52.13
283.66	51.45
291.79	63.75
279.96	51.63
296.08	46.80
291.9	59.06
292.19	53.64
308.58	55.93
313.24	55.59
301.39	62.86
292.87	56.62
287.03	60.02
302.35	59.53
302.53	53.62
309.24	59.16
309.81	56.53
274.77	57.75
291.09	52.90
289.09	52.73
313.34	55.63
305.36	57.99
300.99	64.12
290.94	53.22
310.43	53.05
322.65	52.21
295.27	60.15
271.92	56.68
314.8	57.26
324.71	53.75
307.38	58.07
297.83	61.37
312.77	57.73
289.68	56.55
303.69	54.03
303.21	55.51
287.32	59.73
295.24	52.19
297.36	58.19
297.16	60.47
295.8	59.28
305.15	52.61
296.87	51.00
310.29	58.42
281.25	57.66
311.24	59.37
297.56	59.53
281.56	46.87
302.28	61.81
281.51	63.41
286.86	53.92
296.63	63.90
292.29	55.44
301.1	57.91
304.61	56.92
281.13	55.18
280.32	71.72
308.85	52.22
291.43	54.15
307.87	53.04
294.01	56.56
269.36	55.37
305.87	53.68
302.59	57.10
304.06	57.42
318.75	53.34
308.93	59.78
293.19	61.22
286.67	57.29
300.97	65.72
306.41	60.28
299.97	54.36
296.2	60.95
289.74	40.61
298.91	57.37
303.87	50.85
304.07	56.76
300.81	53.68
322.69	59.86
309.65	60.24
302.15	51.67
313.69	59.01
288.62	49.96
306.72	50.67
312.95	52.74
299.53	61.43
299.52	47.31
296.97	52.61
299.46	58.08
303.8	50.94
301.09	50.82
294.86	62.47
313.36	52.67
303.13	66.00
288.02	56.57
275.87	53.38
286.3	42.98
295.48	59.00
296.76	67.14
288.38	57.75
290.01	52.03
291.37	56.46
319.38	51.86
311.36	61.76
301.14	56.50
301.39	56.69
280.78	64.89
292.11	47.51
294.53	62.44
293.47	57.05
284.58	58.26
292.53	51.95
289.72	53.65
299.94	49.52
312.95	48.23
298.03	47.17
312.68	54.90
310.38	52.93
314.36	48.92
313.45	51.86
303.97	49.65
285.96	48.83
281.63	47.69
289.56	49.07
302.58	49.91
294.94	55.65
317.79	52.60
286.81	56.17
285.75	47.71
289.7	55.37
301.11	52.00
308.97	51.44
286.69	47.71
309.69	50.54
285.94	56.16
289.39	52.06
293.76	52.91
303.48	50.76
305.96	51.92
306.1	53.90
299.25	53.01
308.27	52.38
294.19	50.06
308.14	54.08
300.48	52.41
282.01	55.89
301.57	50.76
312.09	54.39
291.67	57.93
306	49.09
304.06	58.83
279.61	55.05
307.83	57.46
300.78	52.05
304.51	49.50
307.92	51.27
275.45	59.22
307.89	53.68
297.49	58.88
299.89	49.65
306.64	52.63
296.33	60.74
281.59	55.86
299	54.40
297.24	54.53
292.91	55.43
296.42	58.59
292.92	57.07
308.81	52.48
305.62	53.03
297.33	61.20
281.38	53.37
285.41	55.90
296.17	55.88
290.81	58.75
298.98	56.20
304.4	56.47
291.83	53.30
292.92	55.58
292.43	56.31
275.26	58.68
306.64	56.86
302.78	52.94
281.96	59.92
301.53	59.30
302.16	58.15
292.57	56.32
300.01	58.68
295.29	60.32
308.04	59.28
305.3	57.37
311.23	53.24
276.65	56.93
301.34	60.20
301.76	55.73
284.18	59.69
277.83	58.53
294	52.78
295.8	58.24
300.85	56.80
303.34	58.75
300	58.40
265.71	59.96
297.44	55.94
297.98	54.66
306.07	56.38
302.13	52.25
306.43	56.81
306.91	53.74
290.08	55.36
300.7	59.00
305.15	52.78
288.95	51.74
NaN	60.13
NaN	54.85
327.97	57.08
NaN	59.57
NaN	60.46
NaN	53.36
NaN	63.48
NaN	49.06
NaN	62.19
NaN	58.22
350.1	53.49
329.52	54.44
334	57.99
295.24	57.54
NaN	57.25
NaN	41.07
NaN	60.19
287.07	59.88
317.45	56.30
NaN	51.42
328.18	53.23
339.4	61.25
NaN	56.84
45.15	50.24
NaN	61.71
NaN	53.98
NaN	56.79
NaN	57.62
319.24	60.03
NaN	52.87
277.34	54.13
NaN	54.26
NaN	59.25
NaN	55.61
344.89	58.96
319.57	62.57
NaN	51.03
NaN	69.77
315.27	61.10
NaN	55.70
276.81	64.19
313.19	52.30
280.69	61.99
331.97	54.20
292.7	54.63
312.73	61.98
NaN	55.30
NaN	53.85
NaN	67.49
237	60.06
267.21	53.18
248.21	56.15
262.61	54.69
250.9	51.84
274.38	52.39
276.39	49.50
257.91	59.48
278.78	53.85
279.28	54.22
268.11	49.28
239.74	56.68
281.58	52.97
274.67	61.30
257.33	47.06
278.51	54.90
260.28	54.89
281.9	61.76
272.05	56.23
277.82	55.77
266.74	53.70
271.51	59.84
270.29	54.44
254.11	61.93
285.46	52.44
283.54	58.60
268.24	51.27
264.21	46.01
269.58	50.00
252.22	45.10
261.11	58.34
257.72	54.82
246.31	48.31
265.92	47.71
265.05	45.82
271.44	56.89
262.6	50.04
254.04	50.27
276.97	64.02
261.17	52.73
278.72	55.77
257.35	50.07
286.19	48.47
275.51	48.31
282.6	54.44
275.29	53.89
267.56	53.57
264.64	56.30
245.4	61.04
256.85	59.24
266.14	57.44
281.3	59.03
303.04	57.93
288.49	66.75
263.34	56.30
278.75	78.78
298.87	59.28
277.72	69.39
270.66	60.42
258.69	49.77
287.84	42.73
286.59	65.36
297.66	61.94
243.63	70.49
292.44	54.87
248.32	75.36
256.24	59.11
300.88	65.05
287.47	53.00
286.72	65.74
286.73	59.92
269.46	67.35
286.42	65.12
296.57	56.39
302.55	58.76
301.07	57.17
306.45	58.51
273.24	68.67
282.75	80.18
268.69	70.56
269.08	74.76
260.7	57.72
283.6	51.94
257.57	69.70
286.92	54.56
259.5	53.62
285.25	46.12
291.8	67.09
288.05	67.51
292.51	62.95
271.44	79.25
282.51	55.95
265.99	60.46
260.76	58.37
295.72	55.91
301.26	63.56
285.69	52.21
282.04	77.19
282.75	67.64
285.09	63.54
265.61	50.96
289.85	57.82
256.3	56.61
279.55	53.25
282.9	54.20
279.8	54.30
270.88	52.92
268.12	53.28
263.32	43.24
276.67	50.94
281.78	58.17
274.36	62.35
266.32	49.64
264.13	46.84
252.01	48.89
257.36	54.14
262.32	50.87
270.73	56.65
287.37	54.09
277.53	55.90
265.29	50.71
275.77	61.51
266.78	55.95
268.23	51.17
276.31	56.54
250.03	54.42
266.07	50.29
254.15	54.63
244.38	48.47
271.32	55.37
297.62	47.67
270.72	52.11
266.64	49.16
253.72	57.39
282.3	56.90
272.92	50.47
307.6	78.42
279.86	56.26
248.5	50.85
296.6	54.69
281.07	51.24
258.84	52.78
296.87	50.85
278.25	57.06
286.48	50.34
295.55	50.89
234.91	34.13
269.1	56.93
265.9	47.67
273.39	52.61
282.24	54.68
268.87	51.48
273.09	52.33
281.15	57.93
301.24	55.36
293.18	61.45
249.05	54.19
259.91	60.59
314.39	58.25
291.48	63.65
260.78	74.03
284.95	59.81
264.76	63.54
292.25	59.69
270.36	64.04
256.82	62.68
278.7	61.26
262.69	71.90
266.96	64.37
261.02	61.12
290.77	58.09
297.85	57.63
274.69	60.91
258.11	60.16
281.78	66.59
273.74	55.43
299.55	53.06
278.88	73.89
272.18	63.18
265.14	61.57
256.23	71.81
245.21	68.29
281.37	77.02
298.42	60.11
312.83	62.70
281.28	77.44
290.76	73.59
281.68	62.90
287.48	75.03
308.68	58.72
256.2	65.42
291.5	65.15
257.53	54.76
281.61	61.77
296.25	58.02
239.14	58.80
303.09	55.96
295.24	86.56
271.93	59.73
302.5	63.78
254.93	70.08
269.3	71.81
282.53	57.61
276.07	58.06
267.63	69.52
269.64	56.27
274.26	52.34
288.84	52.69
288.12	51.80
265.15	53.37
290.39	63.40
286.09	50.96
290.33	49.71
277.97	56.47
256.27	62.75
267.02	57.06
262.71	58.24
275.06	50.48
265.45	54.96
277.43	49.24
273.15	56.99
289.26	53.38
281.84	55.47
264.16	56.76
277.1	54.52
274.45	57.18
285.76	56.71
265.29	58.25
285.6	53.71
278.22	54.56
280.92	57.34
283.51	48.73
277.92	48.90
265.72	54.98
242.33	60.99
261.37	46.17
237.66	56.53
302.85	57.54
237.16	62.26
269.95	57.20
254.48	53.71
287.69	50.92
281.16	47.69
265.34	49.20
278.96	54.10
276.07	55.69
275.13	55.56
260.48	58.18
282.82	60.88
276.03	62.16
250.03	54.62
266.87	54.64
276.35	52.65
298.7	52.03
269.8	54.17
279.85	51.98
309.97	52.12
317.48	51.40
308.21	66.04
317.41	58.95
320.05	52.13
304.49	50.32
288.8	51.75
295.97	66.18
267.6	56.53
262.07	49.74
268.04	68.26
305.12	57.75
291.19	62.39
293.05	49.86
280.43	62.16
295.86	64.80
303.01	51.28
308.86	54.81
295.35	50.14
302.29	53.64
298.98	53.54
285.59	56.91
281.61	56.09
293.95	59.29
251.36	58.76
303.84	51.78
276.93	60.52
259.94	55.80
317.59	51.77
310.31	57.58
287.63	51.01
283.6	57.52
252.1	72.10
286.51	61.71
298.86	65.26
305.6	55.37
260.94	68.05
279.98	52.06
302.35	63.15
296.23	59.75
272.38	49.25
253.7	62.55
316.61	55.97
308.75	49.07
289.99	54.75
300.36	46.39
284.03	57.66
255.08	68.06
296.86	49.98
292.74	61.37
256.15	53.75
282.64	53.72
303.55	48.88
291.98	52.18
287.2	51.64
289.33	56.12
267.28	64.46
290.04	59.70
292.39	54.06
287.01	56.58
297.53	49.34
267	45.90
276.86	44.76
294.85	54.35
263.95	61.65
256.95	52.01
283.44	48.89
285.89	54.93
285.44	52.90
307.16	55.60
286.58	57.30
265.76	48.38
287.53	53.13
289.84	62.43
290.33	51.88
279.28	52.75
272.86	54.88
287.2	52.81
283.4	70.34
286.13	54.15
279.04	47.63
301.69	63.11
254.27	46.43
269.87	65.68
280.53	51.33
283.87	49.54
265.4	51.14
286.29	53.62
287.77	50.40
289.91	45.78
273.2	51.97
295.23	53.74
266.23	57.07
269.44	41.16
262.43	55.92
276.3	47.13
273.46	48.22
271.78	53.92
277.04	50.71
270.5	57.57
289.69	50.61
277.41	52.84
301.02	56.71
298.06	64.39
302.26	58.40
302.4	55.51
311.02	59.55
294.72	54.30
280.9	61.75
284.02	50.05
294.09	61.20
289.27	70.36
264.76	72.60
257.5	67.25
293.3	50.62
290.96	71.89
265.64	57.59
278.87	62.40
273.92	60.30
321.05	56.45
270.64	54.84
299.87	52.49
272.21	72.89
265.86	56.02
307.2	50.45
280.89	52.21
291.72	64.09
276.08	65.04
248.57	63.58
290.35	62.34
268.29	63.15
292	70.41
285.72	61.55
246.14	84.25
270.63	68.55
283.85	75.19
297.72	56.84
287.93	65.65
279.71	61.44
270.6	65.05
290	60.20
265.89	59.68
261.46	67.11
271.11	62.22
278.36	81.97
278.55	65.47
256.09	62.89
266.49	86.65
258.66	60.72
273.64	66.99
295.44	58.74
258.82	62.01
281.31	60.68
272.68	54.23
274.18	51.56
290.88	46.65
279.96	50.67
274.98	48.24
247.26	52.67
275.37	49.74
272.37	51.63
266.9	55.77
239.49	53.25
248.46	56.26
262.37	56.96
246.14	49.04
241.94	52.08
273.81	55.88
294.44	48.02
273.92	47.59
275.68	45.57
291.79	49.74
271.1	49.31
275.07	50.75
278.04	47.52
288.01	48.74
287.56	49.18
288.95	49.57
269.8	50.36
260.11	63.91
234.32	55.74
234.38	62.70
NaN	81.44
234.37	57.21
261.82	65.62
257.4	51.48
273.38	48.17
255.39	50.63
273.91	46.50
286.89	48.09
272.38	51.86
275.48	51.01
291.92	45.83
274.42	54.50
259.49	54.70
250.12	62.99
244.5	48.95
277.99	53.81
274.02	48.74
273.13	49.71
254.16	49.48
281.04	45.72
277.99	51.39
252.93	52.66
298.39	54.29
293.57	53.62
302.27	53.84
294.07	55.82
303.98	56.56
303.64	55.48
303.55	53.67
296.63	54.50
294.36	56.83
296.3	55.22
306.1	54.16
302.4	54.43
303.81	52.67
304.35	55.02
304.13	55.18
299.62	55.50
292.31	54.71
299.13	56.55
304.13	54.42
291.29	59.37
298.77	54.83
297.98	52.71
302.3	55.71
304.76	53.98
291.3	54.75
300.1	53.57
296.83	53.65
300	56.70
303.28	54.42
297.59	53.31
299.15	54.53
293.17	55.19
298.94	54.81
299.7	54.23
296.19	55.67
297.28	56.25
301.98	54.03
303.13	56.48
295.44	55.62
300.69	57.96
296.51	56.87
299.21	53.32
302.03	53.51
292.58	54.45
287	54.58
291.18	53.58
298.54	54.03
301.99	52.98
296.13	55.56
305.45	55.83
308.31	54.43
NaN	67.25
NaN	64.26
NaN	66.10
NaN	66.24
NaN	68.27
NaN	66.07
NaN	69.44
NaN	69.81
NaN	66.03
NaN	66.75
NaN	69.41
NaN	65.66
NaN	66.04
NaN	66.59
NaN	67.14
NaN	66.24
NaN	66.44
NaN	68.83
NaN	69.06
NaN	67.78
NaN	66.48
NaN	61.63
NaN	61.18
NaN	67.26
NaN	67.75
NaN	70.41
NaN	65.22
NaN	64.50
NaN	69.45
NaN	63.05
NaN	67.47
NaN	68.59
NaN	66.39
NaN	66.87
NaN	66.89
NaN	69.87
NaN	67.68
NaN	70.08
NaN	68.30
NaN	70.54
NaN	64.02
NaN	66.67
NaN	68.71
NaN	65.90
NaN	67.20
NaN	65.62
NaN	66.84
NaN	71.96
NaN	64.74
NaN	66.79
NaN	66.78
306.76	46.63
302.6	45.66
298.95	49.17
299.16	47.18
301.04	44.02
305.23	44.00
297.44	43.87
297.9	45.40
291.09	43.26
304.32	38.72
305.27	44.24
292.39	41.44
300.55	43.37
298.29	45.40
299.32	46.48
303.42	45.62
300.3	45.18
305.16	44.78
295.02	45.66
298.62	43.85
302.13	45.33
292.54	42.67
304.56	44.18
287.04	45.25
282.4	43.30
298.85	44.00
287.65	40.84
290.92	46.21
299.63	43.30
301.6	39.35
312.6	44.80
293.66	46.05
292.75	46.70
297.69	44.52
300.26	44.58
297.43	45.55
299.78	43.52
291.97	46.93
293.66	44.99
291.58	43.29
293.1	43.97
295.99	44.50
292.47	45.30
293.42	44.16
299.33	46.51
307.44	42.67
293.93	46.86
311.26	45.97
303.76	46.15
294.6	47.05
299.42	44.97
306.99	66.93
305.61	67.38
308.78	67.30
302.65	73.45
308.59	68.45
306.76	70.16
306.53	68.56
304.85	70.31
304.56	67.51
306.03	72.18
309.35	65.23
306.6	66.46
309.1	63.66
306.3	72.82
306.07	69.65
306.49	66.87
303.18	69.85
306.98	69.87
308.97	65.17
306.86	67.97
310.07	66.63
306.29	66.73
307.63	63.41
307.02	64.89
302.43	69.00
304.59	69.68
305.83	67.40
303.97	71.94
309.21	68.27
304.99	68.79
308.88	68.00
304.68	72.29
303.65	69.97
306.19	70.09
304.67	68.69
308.07	68.13
302.5	73.71
303.62	72.78
310.4	65.10
303.11	70.36
306.22	67.27
305.13	70.68
301.4	70.40
301.58	70.27
307.99	69.01
309.85	66.36
306.05	66.36
303.18	75.20
308.69	65.80
306.42	68.36
303.82	73.68
317.35	56.55
315.43	59.02
316.29	54.73
314.06	63.08
317.06	59.85
315.68	64.19
317.44	64.68
314.96	60.37
322.94	57.23
317.25	66.76
319.85	55.63
323.16	54.96
322.37	59.01
316.03	58.75
319.26	55.32
316.5	60.75
317.67	60.44
318.84	57.96
316.29	58.56
319.52	58.89
321.45	55.10
322	58.42
318.61	55.51
322.86	56.56
319.98	59.06
319.29	56.70
318.09	59.94
314.47	59.04
314.85	63.73
323.69	62.20
318.65	62.83
313.19	58.99
320.38	56.28
317.85	58.94
315.6	62.13
318.51	58.99
313.11	65.21
314.68	61.14
322.54	55.97
317.36	63.32
317.35	59.76
315.33	59.75
316.06	59.52
318.88	58.92
316.61	60.14
316.97	61.47
316.91	58.50
313.15	60.66
315.44	60.21
314.59	63.16
318.43	58.68
276.35	53.26
269.89	55.35
271.61	57.01
272.61	56.67
274.99	53.00
269.67	51.66
269.24	51.54
269.31	58.03
271.07	55.03
272.33	51.39
277.18	54.85
273.62	52.90
276.23	53.65
268.92	54.91
273.43	50.91
269.3	53.82
273.31	51.86
270.05	57.95
269.63	55.89
272.94	51.58
277.13	52.02
275.2	53.77
279.14	54.66
274.28	52.98
268.82	55.42
272.42	54.91
269.34	54.61
266.5	57.61
268.13	54.51
269	53.58
276.77	47.92
264.44	56.35
275.67	55.62
272.45	52.17
269.46	53.72
272.77	60.57
268.72	54.36
265.27	53.63
271.67	53.75
271.78	52.32
271.47	55.68
268.78	55.17
268.36	53.46
266.57	52.34
273.98	53.70
275.59	52.08
269.46	57.30
271.84	54.81
269.76	52.45
268.74	55.03
268.53	54.71
285.1	60.02
281.9	59.35
284.95	59.14
279.81	61.44
285.64	57.35
284.26	60.11
273.19	56.03
277.07	58.91
279.91	55.83
266.77	59.73
289.33	60.33
286.56	55.24
282.91	54.47
281.16	58.08
286.51	58.41
283.96	58.37
284.98	58.85
285.18	58.19
284.39	54.44
287.14	57.55
291.37	58.31
285.98	58.87
288.88	57.26
282.91	59.13
266.74	55.85
285.31	58.97
283.05	54.49
271.68	58.04
271.25	57.85
278.35	57.32
287.29	60.09
273.98	56.68
280.96	59.53
285.08	60.21
283.01	61.72
283	56.36
279.85	60.94
272.41	57.72
282.63	53.30
269.91	59.06
281.35	55.98
279.21	59.64
274.08	57.66
278.43	56.23
285.19	59.34
285.43	60.18
282.74	58.87
279.4	63.63
280.29	59.87
275.54	58.07
282.43	54.41
261.2	69.08
258.28	71.70
249.97	81.30
260.62	68.26
253.29	85.64
253.75	75.61
267.69	77.07
261.05	76.85
267.9	76.75
265.99	69.68
252.92	71.76
259.9	75.76
253.15	85.77
258.81	83.89
256.11	76.11
252.64	77.93
264.28	71.10
254.19	76.53
257.62	77.71
254.69	78.90
257.31	75.30
265.68	71.36
260.52	78.33
265.82	68.50
272.69	78.09
262.59	71.37
254.69	86.43
257.07	80.06
259.94	75.07
265.34	66.90
253.02	76.94
248.54	82.83
262.32	70.26
256.35	71.89
260.02	69.80
253.79	71.49
260.1	72.37
259.24	75.13
266.88	78.92
269.01	71.30
257.55	77.77
260.71	76.24
269.38	68.05
263.19	69.53
254.24	71.99
257.17	69.32
260.42	67.10
259.53	75.02
258.11	70.97
250.78	80.11
258.45	84.44
291.9	61.64
280.62	60.11
292.53	60.55
268.27	67.25
283.21	53.95
276.49	60.69
244.43	59.12
274.48	56.94
223.88	62.34
242.91	64.37
297.78	52.81
263.54	68.91
271.16	53.32
268.45	54.85
288.47	60.62
277.64	58.03
276.4	60.68
276.49	58.07
279.82	63.80
280	53.09
286.98	61.90
251.14	62.53
298.36	52.77
253.18	79.50
260.59	65.50
267.45	55.29
243.96	55.10
256.27	60.38
250.37	67.74
228.49	78.97
301.58	49.24
252.34	55.92
255.07	72.96
273.81	67.87
270.92	64.85
273.55	68.79
230.09	55.83
251.37	68.42
272.48	63.50
233.97	71.55
255.91	59.51
256.15	58.26
260.84	63.39
233.45	64.89
283.89	68.44
284.4	53.00
278.66	69.31
276.03	55.51
289.49	56.34
256.17	61.19
247.93	56.31
274.23	60.23
258.31	59.38
275.52	48.84
256.06	55.67
284	60.70
286.38	55.57
284.25	55.34
273.47	60.90
271.38	58.29
293.53	74.53
266.45	57.79
283.91	60.36
311.28	59.81
270.02	62.27
282.81	59.41
273.47	58.36
274.53	58.15
271.64	65.17
286.16	56.42
274.88	58.52
270.99	61.24
240.61	64.92
289.07	65.13
248.83	54.00
288.7	57.84
250.78	67.43
301.79	72.82
285.58	54.52
277.17	53.90
256.17	65.58
289.19	55.24
285.48	59.95
262.38	54.80
247.83	58.06
247.24	57.30
270.23	64.28
266.53	57.97
287.55	55.03
282.61	55.47
281.02	50.90
253.09	61.80
257.06	69.74
273.9	56.91
278.68	57.47
260.33	52.13
291.85	62.13
255.72	58.55
267.09	58.12
274.48	45.11
287.52	50.11
283.95	58.31
303.01	55.82
298.36	52.79
286.33	48.25
292.92	56.66
304.84	56.24
291.78	57.49
267.6	64.83
278.15	52.29
266.24	65.08
288.78	66.76
302.31	58.74
289.04	56.61
230.05	68.49
271.89	62.49
300.21	57.20
291.19	57.65
270.92	58.46
265.41	65.59
272.47	52.35
289.86	67.78
292.99	54.91
292.01	63.99
260	65.17
242.33	80.87
299.5	55.61
250.24	76.35
298.87	59.89
287.93	56.59
262.31	70.29
272.09	77.80
300.49	69.47
306.48	54.44
269.56	51.02
296.57	59.52
267.8	65.62
258.59	54.85
273.58	85.70
296.63	57.63
279.56	56.95
274.85	61.58
300.82	58.23
296.79	54.58
268.58	55.34
289.14	58.42
270.97	56.66
287.85	72.77
299.91	54.37
292.76	56.55
259.97	96.56
276.13	64.37
287.45	57.71
270.13	57.86
265.73	59.34
278.53	57.49
271.79	54.35
276.95	56.34
280.08	53.82
276.94	57.76
273.44	54.29
272.71	54.98
279.21	54.41
272.67	59.55
277.31	56.74
278.65	56.93
272.95	56.38
276.6	55.31
275.85	55.20
272.59	56.35
272.77	54.63
275.79	57.76
262.39	60.48
279.45	55.23
279.21	54.19
275.74	56.90
277.68	54.41
271	55.57
282.85	53.97
281.73	54.26
277.88	56.37
277.82	56.18
275.12	56.08
277.34	55.15
269.71	57.07
277.02	55.45
274.97	55.29
271.32	56.12
271.24	55.30
275.32	56.21
273.6	55.21
271.1	55.77
274.92	55.77
280.45	53.55
273.25	58.45
276.43	56.12
277.86	56.35
273.84	55.45
270.45	58.53
274.41	55.66
276.75	54.88
278.2	53.83
279.56	54.15
275.9	55.24
269.69	55.05
NaN	59.75
258.93	57.76
NaN	59.03
NaN	66.80
NaN	57.96
220.93	57.32
239.35	56.74
211.8	59.21
254.2	51.47
NaN	56.00
216.42	48.86
239.94	52.32
248.19	51.98
NaN	56.82
NaN	70.50
NaN	56.33
NaN	55.63
NaN	57.17
NaN	58.93
285.97	50.37
NaN	62.91
NaN	57.55
243.12	56.32
NaN	60.82
NaN	52.45
NaN	54.75
NaN	56.09
NaN	63.21
294.25	53.17
NaN	59.13
NaN	53.97
NaN	55.98
NaN	52.98
302.48	47.80
220.7	61.34
NaN	53.89
293.37	53.52
234.15	54.14
274.22	49.48
NaN	57.01
NaN	63.14
NaN	62.05
230.89	56.64
280.09	52.54
NaN	56.00
NaN	65.60
271.68	55.03
285.94	54.45
NaN	55.43
NaN	51.22
304.8	53.89
281.88	52.49
273.96	65.84
281.64	62.56
253.13	54.58
297.73	66.76
270.21	71.13
265.07	66.88
274.45	64.32
271.66	53.10
295.18	53.29
300.31	62.66
266.07	51.43
267.22	66.30
254.7	53.62
312.66	51.49
293	73.00
288.9	58.72
289.33	63.83
282.14	53.44
263.94	63.49
290.98	61.90
280.93	56.84
287.75	55.85
272.42	57.22
273.21	67.13
300.34	56.08
303.72	63.15
293.82	57.42
253.48	48.46
285.27	57.48
281.34	54.46
248.63	63.88
303.27	51.06
275.18	51.55
299.71	58.62
261.09	68.82
282.42	59.98
305.81	54.41
245.02	64.71
282.97	48.59
297.17	52.41
284.54	55.99
276.08	71.61
252.65	64.91
296.65	55.30
290.78	55.79
267.74	64.31
261.28	59.26
295.33	56.33
293.56	57.06
282.13	56.03
279.21	58.74
255.18	54.14
265.67	53.36
281.32	56.27
279.15	56.20
271.74	45.19
279.79	57.30
293.82	45.44
270.79	46.20
275.44	66.87
245.85	52.86
259.91	58.30
265.22	47.54
273.41	53.78
278.4	50.27
250.28	54.69
270.55	58.39
279.95	51.15
260.28	65.28
277.67	48.92
273.17	46.44
244.24	53.04
260.71	53.97
288.09	47.91
288.78	45.30
265.29	52.29
263.81	49.34
269.79	51.20
293.81	61.87
255.97	55.74
262.8	49.64
239.61	61.43
254.69	55.75
277.92	56.09
266.91	46.15
269.64	43.98
242.44	57.44
257.89	57.03
286.44	59.81
282.92	77.05
270.95	64.43
295.38	54.19
265.72	48.02
280.38	52.39
264.59	54.84
285.29	54.36
266.82	51.01
283.46	44.44
262.91	53.55
269.17	55.15
301.19	56.35
297.92	53.35
282.58	59.50
297.3	59.98
290.36	58.13
308.53	49.18
275.94	60.37
289.51	56.34
302.9	59.96
297.2	53.79
284.5	58.23
305.74	53.51
265.72	59.77
280.89	73.63
279.49	61.25
293.92	72.31
299.43	58.04
295.61	59.94
276.86	60.56
279.86	58.87
290.9	57.83
288.8	71.12
290.33	67.84
282.96	48.93
268.77	61.52
304.42	59.62
305.98	61.57
297.55	69.61
251.86	57.59
274.35	74.23
281.96	71.96
260.32	51.41
281.17	61.78
262.61	74.06
243.27	74.44
277.08	66.45
275.66	62.82
300.09	57.80
295.67	62.48
283.45	71.35
274.55	66.63
296	59.79
293.34	63.71
277.61	65.14
250.69	58.78
290.54	57.25
272.66	59.17
278.6	61.28
245.19	57.33
294	66.47
252.91	68.63
272.89	54.17
274.4	49.90
259.36	49.11
267.71	48.75
256.89	49.83
268.44	45.08
269.43	47.86
246.68	54.09
259.9	53.83
294.65	47.28
267.72	51.63
272.99	67.20
260.17	53.75
272.86	47.67
264.68	52.08
270.34	52.45
267.68	50.42
266.98	52.04
265.93	52.63
259.22	60.35
275.59	57.18
278.26	48.95
246.02	55.90
288.72	52.25
257.45	45.62
266.6	52.40
259.94	48.85
264.77	46.83
285.41	53.76
276.35	49.23
248.17	51.15
275.11	50.29
235.98	46.59
262.1	54.36
265.63	47.89
255.08	41.10
274.3	50.27
259.37	51.14
263.88	52.60
260.44	50.36
249.57	58.82
262.27	59.32
247.38	50.51
277.08	45.85
264.2	46.43
270.77	49.56
252.13	54.70
264.8	44.41
266.14	42.78
272.86	45.51
283.71	51.71
314.9	56.98
290.74	52.85
302.91	58.11
305.68	60.04
311.48	61.12
311.47	73.48
310.83	63.26
311.38	61.13
310.06	53.99
300.86	55.03
293.94	64.10
284.99	48.42
271.65	54.40
287.48	51.85
317.31	60.74
303.73	56.24
301.81	56.50
295.72	60.44
294.7	58.76
306.91	53.74
315.46	54.95
311.57	52.57
310.63	53.64
319.88	51.25
299.09	67.97
308.28	61.57
301.39	64.98
295.97	62.66
301.49	59.75
305.74	59.19
313.95	56.04
319.11	58.62
317.96	54.27
314.01	54.34
308.5	72.20
274.37	60.30
299.91	60.82
311.39	61.69
312.43	57.71
315.67	54.08
300.37	64.84
300.23	62.93
307.86	59.15
287.86	70.00
300.93	65.47
303.46	57.89
306.27	64.90
298.49	66.32
297.01	60.26
322.74	56.37
290.43	57.69
275.43	52.98
289.95	51.00
270.86	55.54
274.15	53.81
282.84	48.72
279.83	53.42
277.1	57.73
272.25	54.34
271.08	55.62
291.12	48.17
291.19	47.19
279.36	53.44
276.75	59.65
280.85	55.15
285.48	46.10
278.72	58.10
290.53	50.96
278.98	51.77
288.83	54.86
280.92	47.38
286.56	53.15
285.93	62.27
271.31	57.83
279.36	53.59
270.53	59.00
270.53	63.15
279.81	48.63
288.74	49.58
252.14	56.24
278.13	51.58
279.01	50.86
270.4	55.51
258.94	57.37
279.78	50.75
252.36	57.35
277.34	61.68
278.82	50.66
272.01	53.82
282.52	53.04
260.14	51.48
277.35	49.61
269.46	51.63
280.42	56.55
262.02	57.91
286.11	44.26
280.28	53.17
274.7	52.13
277.93	45.98
264.11	61.80
279.17	55.39
275.26	53.68
306.81	56.73
283.91	56.00
290.82	56.40
295.04	61.90
284.88	62.90
280.75	65.38
298.25	56.49
298.86	53.88
276.04	58.71
276.86	63.62
297.07	64.48
256.73	65.90
271.11	61.65
289.48	70.32
297.48	62.86
294.95	58.01
280	60.04
276.6	60.20
293	51.69
305.17	55.23
297.87	53.85
303.49	47.83
303.83	56.34
306.02	55.34
286.51	53.41
293.68	57.46
295.18	63.49
282.34	60.58
294.75	68.25
300.95	62.77
307.47	58.91
306.77	55.01
304.52	57.70
298.5	59.80
297.57	56.31
279.79	50.51
290.18	61.49
275.16	57.69
299.73	56.27
293.41	65.89
286.89	57.90
290.21	57.15
306.32	53.74
285.73	57.13
275.74	63.41
304.99	61.28
282.53	66.36
277.24	52.56
279.01	60.96
307.32	54.67
297.14	63.71
301.14	54.63
285.63	53.34
303.09	50.89
293.25	53.01
307.13	50.06
295.7	49.84
290.11	61.43
295.08	61.41
281.47	56.26
278.23	54.71
290.03	66.61
298.72	51.31
257.05	60.26
278.04	52.75
268.69	57.69
309.21	49.24
304.96	55.66
273.79	60.02
292.6	41.98
294.78	60.63
298.53	54.54
299.42	53.48
298.16	54.12
297.29	48.08
300.79	62.78
290.2	56.57
275.52	47.42
306.05	45.62
276.27	51.05
292.53	61.93
295.08	49.91
283.83	48.43
290.32	59.15
312.44	62.66
287.93	66.43
284.43	60.62
291.65	55.43
280.91	58.17
306.41	58.62
273.69	59.17
286.63	67.38
274.58	44.13
303.12	47.87
280.86	59.40
294.3	59.38
299.14	51.36
294.32	52.46
265.85	65.72
300.13	56.16
281.61	53.41
277.02	58.34
283.66	54.65
298.08	59.56
279.1	57.14
302.7	51.30
302.75	54.76
284.55	56.20
292.83	52.95
308.39	51.87
312.91	51.83
268.55	57.09
286.21	47.76
286.98	61.22
270.72	50.47
283.06	55.10
303.61	53.30
289.82	50.39
293.79	53.56
284.5	51.86
311.05	67.42
310.63	49.34
297.67	57.63
303.62	57.78
306.56	50.78
310.13	50.43
288.43	54.24
288.71	53.40
299.51	60.26
308.76	54.09
296.72	54.92
292.18	55.40
296.94	53.09
299.16	57.82
307.01	52.08
322.5	53.28
286.96	50.71
274.39	60.17
294.59	56.42
300.45	54.18
290.3	49.18
296.72	53.41
307.47	53.52
291.01	55.20
311.9	49.79
287.08	51.12
291.05	55.33
307.58	52.53
307.91	49.86
276.76	57.64
261.82	59.01
291.72	51.91
288.77	52.01
291.38	59.02
284.74	60.38
294.12	59.29
288.01	59.81
294.85	57.80
293.66	58.78
295.05	59.78
289.32	59.71
290.96	59.23
298.25	57.29
292.08	58.26
293.78	58.97
293.72	58.72
292.39	60.38
294.14	58.79
294.38	57.55
286.51	59.44
290.6	60.05
292.98	60.37
288.72	58.58
294.55	58.57
293.57	59.27
293.39	57.87
293.08	58.13
291.51	60.73
295.75	57.65
294.16	58.80
294.19	57.92
296.07	57.10
291.82	58.33
292.15	58.27
286.74	59.87
295.12	56.77
292.11	58.65
288.92	59.16
289.98	62.37
289.04	59.82
295.43	57.67
291.11	60.52
296.98	57.77
294.56	57.97
289.39	61.67
293.77	59.84
292.03	59.05
288.36	61.08
291.98	59.16
292.99	59.20
294.15	56.87
289.43	59.22
296.78	56.67
297.58	57.92
286.64	55.55
320.76	58.95
268.51	65.90
317.58	58.72
291.43	57.57
NaN	58.62
316.39	57.11
NaN	58.22
NaN	63.11
NaN	60.11
NaN	57.38
345.85	56.08
NaN	51.84
328.21	60.00
NaN	56.88
301.73	55.75
NaN	62.09
NaN	53.91
309.01	45.87
NaN	59.67
297.36	55.06
231.88	62.84
278.64	60.70
291.03	54.64
NaN	62.42
248.44	56.44
354.52	57.07
300.66	43.70
313.56	61.47
NaN	57.18
NaN	52.85
NaN	50.42
NaN	45.11
NaN	54.78
343.44	59.46
312.62	57.85
NaN	66.64
NaN	47.36
343.36	51.10
NaN	59.73
306.16	47.83
338.13	53.58
349.52	58.49
324.76	49.31
310.34	57.49
330.95	58.31
NaN	54.27
291.37	66.44
319.03	63.16
320.5	61.45
340.94	57.13
264.6	55.23
275.85	58.87
290.03	50.55
260.02	55.75
249.72	64.76
247.62	57.94
255.62	67.44
259.7	62.08
270.1	56.92
259.83	63.59
249.23	62.57
247.04	60.16
257.36	65.92
268.49	51.96
273.64	55.92
260.09	58.59
263.34	56.09
271	63.17
274.05	69.59
268.91	50.13
294.37	57.50
262.54	58.53
269.79	60.60
251.36	67.17
253.95	55.19
277.44	53.57
263.12	60.56
283.67	69.62
264.97	54.20
269.49	54.44
251.5	55.76
263.25	58.93
267.91	81.56
248.37	58.30
247.81	59.21
263.69	60.01
276	57.16
286.85	60.59
273.55	58.57
245.9	53.99
282.19	61.18
285.22	50.98
281.1	49.89
276.55	59.69
270.57	56.70
264.92	55.90
264.67	54.53
289.82	54.83
261.64	56.20
292.3	54.62
294.1	50.44
304.84	55.93
277.99	59.72
272.56	54.06
303.9	57.12
306.54	51.98
285.33	70.55
289.49	66.41
287.9	58.44
289.58	52.17
303.72	52.52
306.33	55.54
291.78	61.46
296.71	54.21
292.24	73.59
269.05	56.69
298.53	55.03
301.6	68.41
271.55	56.15
276.6	56.80
252.5	69.78
289.53	55.05
296.25	61.57
271.79	63.54
291.64	53.70
297.27	59.18
269.92	64.04
278.95	55.84
298.48	52.42
300.08	57.71
300.82	56.95
258.57	76.02
279.86	49.16
296.9	58.17
301.86	60.25
279.67	70.72
277.55	58.94
300.84	61.66
314.02	51.06
262.05	60.26
265.07	61.31
302.86	54.10
284.27	58.33
295.85	47.28
257.06	57.46
263	70.26
280.78	60.24
270.31	64.23
284.69	56.98
295.54	51.76
299.01	64.83
260.47	64.80
280.66	55.25
260.63	48.51
290.38	51.00
274.08	48.77
263.81	53.83
276.43	48.71
278.62	52.91
245.06	48.75
268.21	55.34
267.83	58.69
246.6	55.08
274.97	52.97
268.22	60.88
266.75	44.02
243.53	44.19
260.05	50.36
286.52	51.66
287.06	52.91
267.69	57.66
261.97	66.04
276.67	58.09
258.29	47.51
274.62	51.67
297.53	63.71
265.2	46.43
278.68	50.51
258.48	64.63
288.92	55.58
273.83	56.28
271.24	55.95
276.02	50.62
286.73	59.35
265.31	61.26
292.81	48.15
267.41	55.73
243.15	51.71
249.85	64.45
286.88	50.84
268.58	47.04
285.36	64.43
284.4	50.01
273.84	50.37
264.43	72.30
270.41	54.01
273.44	54.25
276.38	51.01
279.37	49.02
280.56	55.82
279.1	55.22
282.57	59.90
271.67	44.19
299.16	54.46
277.71	62.59
259.28	60.13
263.02	60.75
287.05	61.62
282.61	55.29
303.1	60.30
290.24	67.37
287.71	62.19
260.46	64.49
307.11	50.43
293.82	52.39
309.34	52.30
300.73	58.91
249.09	82.91
305.03	63.98
276.93	53.62
298.08	59.66
272.45	54.81
283.66	59.24
282.6	58.42
273.92	49.12
273.9	63.21
239.8	54.09
264.65	55.26
282.27	66.27
267.79	70.13
236.02	56.04
274.74	51.12
272.16	59.60
303.78	60.32
268.48	54.61
278.16	53.66
298.04	59.85
294.9	57.07
290.87	58.36
287.09	56.26
280.6	60.51
291.06	61.66
289.5	61.12
291.88	64.59
249	61.73
290.84	57.38
255.67	60.50
260.02	62.95
238.71	76.49
305.62	57.65
251	58.81
278.71	73.45
251.1	70.91
261.12	75.69
270.74	55.50
265.22	55.10
263	57.73
293.72	51.35
291.11	52.02
271.47	51.29
246.37	50.50
273.91	52.12
295.36	51.04
279.69	56.63
266.99	56.34
289.63	48.48
271.26	51.01
244.92	67.65
261.24	50.83
284.66	50.61
292.63	49.15
273.18	47.82
284.25	52.37
256.47	54.96
283.11	52.65
302.53	50.39
258.42	51.23
279.13	49.96
286.17	64.26
258.68	56.67
257.37	51.19
280.14	57.97
282.66	53.04
296.51	48.56
261.55	51.01
295.2	55.20
300.82	52.61
282.13	53.63
267.45	51.07
295.52	53.59
286.24	50.20
291.46	60.44
277.61	53.72
268.59	50.82
283.52	60.91
260.77	65.47
257.82	60.07
279.54	52.40
267.76	53.45
280.48	48.21
262.16	44.60
266.64	57.78
266.83	57.60
282.6	50.14
251.72	58.89
303.57	53.18
307.1	49.53
271.43	65.39
311.02	61.96
292.4	48.76
306.11	56.46
311.82	55.07
311	52.28
283.39	64.01
278.46	62.19
294.45	56.78
292.29	57.93
319.38	53.46
302.09	50.54
296.34	76.82
270.73	62.45
287.38	61.20
301.87	55.49
284.97	48.93
301.9	46.26
268.48	58.10
294.87	54.57
270.05	47.31
246.62	45.43
265.04	55.99
274.01	61.18
301.17	59.39
294.4	52.65
280.83	54.29
298.79	54.36
309.93	52.19
266.8	56.16
273.55	51.36
317.95	54.81
279.42	55.24
312.22	54.76
303.49	57.06
294.52	57.75
308.71	48.93
267.97	51.49
308.87	56.55
274.4	60.61
266.76	77.12
238.87	56.57
280.85	66.35
284.27	67.78
260.25	59.62
310.3	54.02
284.73	62.92
277.51	69.88
279.79	60.69
283.94	55.96
270.89	52.44
241.9	54.53
266.13	49.00
282.48	54.25
294.18	58.80
271.47	46.89
280.03	53.13
270.89	55.90
266.45	56.65
277.68	54.04
302.61	55.39
281.99	52.29
255.62	52.87
249.13	54.50
279.98	50.93
276.9	50.83
232.8	59.82
258.05	43.60
259.36	59.02
285.17	52.38
253.85	55.68
297.77	74.55
284.87	68.29
281.5	51.22
265.49	53.24
278.56	54.17
257.17	54.21
287.25	52.54
264.3	47.79
256.38	49.05
285.75	53.43
257.11	56.32
274.48	56.70
267.76	66.04
260.06	53.98
273.58	55.63
291.42	52.01
261.4	54.44
277.94	49.36
262.33	57.51
284.99	51.26
259.34	51.60
276.47	54.97
255.59	50.94
255.33	47.44
293.96	55.39
281.33	54.12
254.34	50.27
269.19	51.66
290.9	57.05
308.76	54.32
300.92	75.30
312.72	51.28
287.08	62.97
302.97	63.91
283.48	57.03
293.06	64.07
283.88	66.05
302.56	62.88
285.63	53.59
308.49	55.41
301.33	55.95
311.77	66.94
281.31	68.19
306.9	64.09
273.18	62.23
267.59	61.11
302.73	53.96
301.61	76.35
320.02	62.78
297.57	61.13
281.99	75.81
294.04	63.11
281.3	57.71
261.69	61.27
292.09	61.38
313.39	60.53
307.06	64.37
276.32	61.59
301.07	65.86
304.66	65.85
266.8	60.11
291.99	69.29
288.38	61.01
309.91	52.41
309.39	63.28
298.95	52.58
287.33	62.04
302.58	65.20
253.61	74.10
299.93	63.49
294.73	59.46
288.4	61.81
292.27	60.49
296.07	71.46
281.2	57.38
266	71.31
312.18	60.15
311.74	71.05
249.76	58.65
305.19	48.97
268.32	56.26
253.19	47.59
256.19	54.83
279.22	54.71
260.52	49.01
273.81	50.25
278.49	46.50
254.42	43.28
267.33	44.24
262.64	50.69
259.66	50.03
256.94	51.01
253.26	53.42
249.76	58.18
260.8	52.85
276.46	54.34
267.63	61.82
258.59	55.61
258.91	55.65
277.38	50.05
258.89	49.25
264.5	50.02
250.86	53.15
255.25	55.95
270.39	50.67
250.38	56.45
255.5	47.57
257.14	49.76
257.73	50.45
258.09	58.33
272.31	50.24
274.33	52.63
272.67	48.68
251.38	54.30
251.43	50.54
264.16	47.04
285.25	47.16
264.35	53.07
253.14	50.06
250.53	58.69
260.56	47.15
249.33	57.19
230.84	62.61
255.43	65.03
263.83	46.49
284.79	65.76
269.72	62.71
268.5	49.49
263.98	49.06
275.66	48.57
254.55	60.52
256.59	56.64
253.49	58.82
252.99	63.00
253.71	60.84
255.9	61.34
260.07	54.23
255.67	59.63
252.75	59.99
254.35	59.32
258.55	55.72
257.68	60.47
257.52	60.80
255.22	59.66
256.56	58.46
257.11	59.08
258.75	58.30
257.21	57.94
258.06	58.24
253.57	60.57
248.15	62.00
256.93	56.90
258.83	58.99
259.36	59.08
260.9	54.79
251.58	59.84
263.01	54.18
259.99	56.36
257.59	55.26
259.3	56.36
257.5	58.56
259.44	56.68
251.06	60.82
259.44	56.55
257.04	60.20
253.92	58.38
255.58	55.92
254.92	59.92
258.12	56.69
251.04	58.47
257.93	56.50
257.67	56.04
253.74	60.64
258.53	59.91
252	59.44
253.82	56.11
249.54	60.29
255.86	59.50
254.29	60.74
258.02	58.68
261.35	56.11
257.53	60.55
NaN	62.81
NaN	62.68
NaN	65.02
NaN	59.38
310.62	61.73
NaN	62.39
NaN	64.11
NaN	64.49
NaN	64.92
NaN	63.08
NaN	57.59
NaN	61.24
NaN	63.73
NaN	63.99
NaN	62.93
NaN	68.20
NaN	62.03
311.88	62.61
NaN	64.28
NaN	60.18
NaN	62.67
NaN	59.94
NaN	61.05
NaN	59.66
320.56	59.34
NaN	64.39
NaN	64.51
NaN	64.59
NaN	62.79
NaN	64.23
NaN	64.59
NaN	61.50
NaN	60.22
294.54	64.30
NaN	68.84
NaN	60.18
NaN	65.39
NaN	65.18
NaN	62.79
NaN	64.80
NaN	65.71
NaN	64.69
NaN	64.79
NaN	63.44
NaN	65.62
NaN	64.18
NaN	61.50
NaN	61.89
NaN	63.91
NaN	64.24
NaN	63.26
272.59	52.20
273.63	50.63
275	51.59
272.09	51.75
272.66	51.61
270.98	52.00
271.86	51.23
273.67	50.64
270.15	52.38
274.41	51.01
275.74	50.21
271.19	51.54
269.69	52.51
274.73	50.82
274.16	51.82
271.09	52.43
274.92	51.21
270.72	51.52
272.61	51.64
278.07	49.27
272.62	52.30
271.1	52.10
277.94	49.07
272	51.50
275.31	52.07
274	51.68
273.36	52.06
269.29	52.53
271.62	51.24
276.69	50.93
279.15	49.71
273.52	50.80
273.04	51.44
270.47	52.34
274.54	52.19
272.56	53.05
276.33	51.45
275.17	51.03
274.71	50.02
279.25	50.08
275.98	52.09
273.89	50.74
270.33	52.56
269.3	51.92
275.14	51.33
268.22	53.39
281.75	49.25
277.96	50.64
270.89	51.58
273.87	51.97
276.04	50.34
298.02	56.09
299.85	56.63
296.94	59.76
298.79	55.96
298.38	55.34
302.42	55.39
294.48	59.39
290.64	59.96
300.22	55.85
297.87	55.33
299.9	53.88
299.68	54.94
297.9	57.20
299.78	55.56
299.82	55.65
295.87	59.13
297.48	57.75
300.5	56.00
297.27	56.60
302.67	55.02
300.94	55.54
296.88	55.48
301.05	54.91
298.53	57.77
296.73	58.16
303.47	55.58
298.81	56.30
297.41	56.68
299.38	55.67
301.15	56.15
300.96	56.15
301.24	55.31
303.15	53.23
298.82	56.88
303.76	56.32
303.12	54.63
297.39	57.64
298.51	57.35
301.28	56.80
300.82	55.50
300.31	57.56
295.2	57.23
294.34	58.58
300.43	54.75
299.99	55.39
296.69	55.39
299.85	56.00
299.51	58.35
300.89	56.25
301.95	56.13
298.17	56.87
282.73	50.73
281.48	53.25
280.3	51.21
281.85	52.96
281.73	53.28
279.44	52.18
279.91	53.38
278.67	52.94
280.63	52.57
281.13	53.63
286.17	51.15
280.22	52.23
279.05	53.50
279.01	53.72
282.68	51.57
278.74	52.37
277.83	52.65
282.15	53.54
277.84	53.47
281.69	52.79
281.09	53.22
279.39	53.90
281.7	52.31
281.14	53.53
281.68	53.68
280.61	51.51
280.14	53.36
283.28	51.37
280.04	51.76
280.49	53.31
284.18	51.00
281.09	52.45
286.69	52.78
278.35	53.49
280.8	51.51
278.81	54.21
281.57	54.61
280.24	53.55
282.16	50.02
282.91	52.40
278.77	53.03
279.59	52.49
277.25	55.52
283.22	53.59
281.9	53.55
279.65	53.91
281.5	51.93
280.91	53.04
277.53	54.67
283.32	53.98
279.71	53.33
292.63	56.38
291.96	54.65
286.85	60.22
289.58	59.12
292.28	55.28
290.11	58.09
289.78	56.05
289.27	56.97
286.47	57.16
289.07	57.97
298.12	53.41
289.23	58.07
287.71	58.53
290.09	59.50
289.13	58.42
290.11	56.12
290.71	57.68
292.36	55.52
288.59	55.36
292.93	56.72
292.02	56.11
291.19	57.39
291.95	54.97
291.3	55.04
293.95	55.20
291.31	58.68
291.6	59.20
293.25	57.57
290.73	55.71
289.97	59.87
296.34	52.88
291.73	59.91
295.36	53.36
288.43	57.34
290.51	60.34
290.23	59.99
290.2	57.44
289.47	57.42
291.42	53.85
289.91	58.33
292.47	59.36
285.1	59.92
289.08	57.31
293.48	58.24
290.3	59.70
290.56	59.71
293.2	58.00
291.73	57.50
289.46	57.15
285.62	57.88
292.5	57.34
289.48	61.48
287.83	61.92
285.08	63.69
284.42	66.25
288.27	62.77
285.66	62.66
283.84	66.58
284.37	64.53
285.1	63.77
285.6	63.94
288.06	62.18
285.61	65.43
286.84	62.12
284.76	63.98
286.88	63.91
286.8	63.97
283.68	64.99
285.68	63.65
287.55	62.55
287.93	62.34
287.07	63.54
285.97	65.06
288.45	63.34
284.77	64.72
285.3	65.87
284.99	62.74
284.74	63.60
285.37	62.51
287.34	63.06
285.02	64.44
287.11	64.61
285.19	65.01
290.33	60.82
286.14	64.54
284.68	64.24
285.7	62.40
285.5	65.67
281.32	67.49
287.8	67.56
282.9	66.49
285.12	63.78
282.52	65.50
283.21	65.49
286.3	63.63
284.26	63.30
287.32	60.97
283.03	66.59
285.57	64.72
285.15	64.96
284.68	64.84
287.51	63.35
266.85	50.04
257.74	52.72
254.4	52.89
252.53	52.02
261.48	52.05
264.66	50.30
257.15	51.66
253.87	53.40
257.29	53.13
252.84	52.51
253.81	53.51
258.85	51.18
258.94	52.61
249.89	56.10
252.08	53.85
262.11	51.36
254.91	51.94
255.21	52.41
259.43	52.76
253.3	52.09
258.48	52.35
251.36	52.32
252.55	52.36
248.65	54.03
253.78	53.21
255.83	55.01
254.35	52.48
255.73	52.55
253.55	52.20
251.45	51.91
257.19	52.63
255.81	51.74
259.23	51.33
257.87	50.20
256.61	54.10
253.44	53.50
253.85	50.27
248.24	53.58
251.56	51.93
251.01	53.02
257.07	52.63
252.61	51.68
250.94	52.43
255.29	51.85
264.58	50.92
257.07	54.76
250.08	55.73
256.1	52.49
249.63	52.33
254.83	51.23
254.14	53.43
299.01	56.36
302.52	59.42
299.3	60.88
294.46	55.56
298.06	57.78
300.51	64.59
288.57	60.17
294.04	52.96
299.93	71.04
296.39	55.83
302.53	54.27
298.64	65.46
298.82	62.23
299.32	61.42
301.33	61.60
293.36	62.94
291.67	54.31
302.77	63.89
292.99	57.42
297.89	44.97
300.62	54.67
297.31	57.15
302.48	50.29
303.21	58.61
290.82	58.54
299.16	62.44
294.13	56.83
300.37	62.44
300.22	58.29
296.85	53.12
298.8	48.20
295.56	55.64
307.4	56.56
298.85	63.54
298.39	65.16
297.46	58.06
289.07	49.92
291.27	55.57
305.79	59.52
291.61	48.52
295.25	57.83
293.18	57.42
293.55	59.22
303.11	63.87
290.22	57.05
296.44	67.25
293.84	42.66
289.35	49.77
298.18	59.76
298.77	64.16
299.96	50.59
286.69	51.53
285.65	52.66
288.19	52.00
280.14	51.91
270.93	51.44
261.04	45.67
262.77	53.63
292.58	57.24
289.28	48.83
293.1	55.87
321.34	56.98
275.11	49.62
296.15	47.89
299.43	48.29
295.49	49.02
273.62	52.47
266.9	51.32
294.39	51.09
280.95	52.82
313.58	55.28
290.18	55.46
286.27	49.20
296.39	52.72
295.75	52.95
285.85	51.96
285.82	44.45
295.09	46.08
290.29	50.47
294.25	50.34
291.79	44.23
316.54	56.42
278.07	54.15
284.78	49.54
272.4	45.77
294.61	49.56
274.23	46.96
284.93	49.82
279.28	56.61
287.46	41.90
299.99	58.23
278.57	48.66
283.4	54.59
292.92	54.43
281.25	47.51
277.85	54.29
300.26	56.41
316.24	63.58
279.95	53.67
283.73	44.73
275.58	49.17
287.35	50.70
302.02	61.81
304.04	67.25
291.07	62.13
281.68	84.19
269.2	72.35
284.18	53.64
296.57	61.51
309.03	55.60
283.56	55.05
298.25	70.34
273.79	79.38
281.73	66.93
288.75	62.24
295.96	67.52
282.31	80.58
291.59	54.35
309.25	62.68
289.55	66.94
308.32	60.48
295.87	79.49
302.47	61.46
282.57	80.83
299.02	67.71
286.22	65.80
291.3	71.26
267.99	61.62
290.02	81.68
309	58.73
308.36	63.68
269.09	89.90
296.77	78.10
304.54	80.87
296.68	76.37
281.75	75.43
287.77	53.58
276.56	72.86
264.2	99.66
277.2	74.17
257.41	96.96
294.07	90.90
284.09	69.36
285.89	62.93
292.32	67.84
280.48	72.03
274.77	60.84
290.9	51.55
293.8	82.11
289.94	75.76
311.01	67.76
275.92	73.55
300.12	70.37
295.51	55.44
289.67	58.73
293.52	56.48
290.41	56.29
297.41	55.29
297.7	55.64
296.82	55.47
292.67	55.35
296.3	54.44
301.04	58.40
292.44	58.11
295.43	57.78
296.81	56.52
296.88	54.87
297.48	55.35
294.5	56.71
287.16	59.73
295.94	56.26
294.94	55.50
294.21	55.91
296.79	55.43
293.27	57.22
293.24	58.11
297.45	55.64
293.37	54.53
296.36	57.09
294.03	56.47
301.03	53.81
294.4	58.36
289.09	57.14
294.14	56.59
289.86	58.29
293.46	55.24
293.62	56.65
294.19	56.25
295.79	57.83
291.95	56.50
296.57	55.03
296.69	54.35
302.63	54.58
297.8	56.95
293.74	55.88
295.39	55.31
293.49	56.72
292.8	55.06
295.57	55.44
294.71	54.42
294.53	56.55
293.48	56.22
299.27	52.52
296.15	54.63
261.88	55.74
NaN	63.93
261.48	57.97
257.67	54.46
NaN	55.22
NaN	60.03
NaN	59.45
NaN	57.66
NaN	65.56
NaN	58.94
NaN	60.68
NaN	62.25
NaN	54.98
241.87	57.05
NaN	56.80
247.64	52.81
NaN	58.94
NaN	50.86
NaN	55.64
NaN	62.08
NaN	57.61
NaN	61.02
NaN	56.38
230.16	56.56
NaN	59.51
277.09	50.16
227.92	60.01
NaN	55.06
NaN	57.87
NaN	54.75
NaN	51.55
NaN	59.67
NaN	69.52
NaN	63.71
NaN	60.15
NaN	50.30
NaN	56.11
251.08	55.94
NaN	61.37
281.11	59.13
NaN	54.73
269.62	54.37
NaN	61.24
NaN	60.56
271.82	59.26
NaN	52.71
228.41	51.66
NaN	48.77
292.46	55.85
248.09	49.13
NaN	60.62
303.48	55.60
278.99	56.97
249.88	54.40
247.52	53.80
291.31	62.63
273.69	59.24
281.83	52.31
302.21	64.73
294.65	55.45
288.5	59.49
289.49	55.42
262.82	58.08
279.11	59.61
299.36	62.52
290.2	54.86
286.08	63.92
299.09	54.32
301.82	68.12
307.08	49.79
289.04	59.21
295.92	51.80
292.38	60.17
291.39	53.32
282.12	50.42
303.1	49.26
268.84	41.24
247.75	54.62
291.16	57.58
284	48.65
261.64	44.54
281.64	43.90
264.52	51.69
288.24	59.74
287.92	54.76
293.39	52.43
275.54	62.68
297.46	64.92
251.93	53.90
302.41	51.43
252.36	67.99
284.67	50.43
257.26	67.63
288.65	60.81
298.27	58.80
293.06	53.52
250.56	55.36
289.22	48.84
289.66	40.40
273.74	53.91
273.72	61.69
267.39	56.83
279.74	56.86
253.9	59.49
267.91	60.21
255.46	54.45
280.18	49.21
245.96	55.53
260.03	47.43
262.38	48.49
264.99	50.06
250.68	50.62
275.81	46.85
305.39	52.15
263.74	42.88
250.12	54.51
249.93	52.59
260.98	49.34
256.81	46.97
302.99	52.76
292.88	57.92
291.18	56.72
251	59.57
249.44	58.06
256.35	52.43
258.39	61.56
271.82	50.70
268.34	71.94
277.67	49.20
262.46	45.03
263.48	51.45
274.09	61.57
275.08	62.77
270.74	56.44
291.41	52.16
267.4	55.83
258.76	70.58
262.65	47.05
252.49	47.88
280.91	51.04
295.77	51.50
262.32	51.66
259.15	58.43
268.79	53.60
282.81	49.47
258.14	46.65
280.09	60.91
316.03	78.63
260.76	65.14
268.04	76.63
233.05	55.72
265.36	58.03
290.73	44.43
299.36	56.74
292.81	57.74
267.65	66.62
277.45	64.37
292.43	56.75
301.22	62.38
291.2	62.53
275.74	52.88
286.32	65.17
310.83	54.92
288.56	61.17
268.77	59.16
304.05	63.04
285.93	49.43
298.63	51.43
297.84	63.79
250.91	75.67
306.85	59.70
281.5	56.70
304.56	54.21
299.8	64.28
289.41	56.37
293.07	61.01
293.99	57.81
310.32	65.00
305.92	59.52
288.74	69.54
290.48	75.48
255.74	58.25
294.02	69.74
304.66	56.38
291.3	58.70
297.35	59.10
301.78	60.56
297.63	69.41
262.21	74.90
282.64	83.61
275.35	61.61
291.94	54.28
265.1	63.80
312.56	49.11
275.16	63.77
262.27	60.76
292.23	70.20
290.53	53.30
252.3	71.98
286.22	69.12
313.31	50.46
303.47	54.73
276.16	71.86
281.25	65.68
269.89	54.96
268.12	50.74
274.9	47.61
259.99	55.58
285.6	52.46
254.58	46.63
279.22	54.41
276.61	48.27
288.75	49.30
283.36	49.19
268.72	56.58
251.97	50.22
281.79	56.05
267.6	51.58
258.03	59.25
255.2	45.51
278.77	77.15
257.77	50.25
255.11	42.49
269.19	48.21
276.48	52.00
261.32	51.83
263.61	46.10
261.99	48.91
280.6	50.46
248.53	60.70
253.32	45.96
273.65	49.99
275.35	59.84
265.96	42.15
297.08	52.53
275.2	47.67
254.48	56.96
275.55	58.10
273.48	50.96
260.46	48.03
266.19	54.45
271.08	42.90
281.2	47.89
268.61	51.92
268.26	45.32
249.66	46.13
283.58	57.72
276.69	52.31
246.34	62.31
279.24	45.73
286.97	47.90
283.25	52.80
272.64	47.39
278.57	53.01
270.91	47.16
314.56	55.69
311.02	53.77
294.7	49.99
303.2	59.03
305.67	61.11
316.79	54.68
320.22	58.01
309.6	57.67
295.42	54.92
303.22	55.76
311.96	54.69
292.98	64.49
313.46	54.41
261.49	67.20
302.48	50.85
319.58	62.39
294.59	56.93
273.54	75.23
317.03	68.33
312.64	60.52
312.68	49.10
265.21	52.34
308.45	63.49
282.36	57.56
275.32	64.99
296.26	60.49
278.29	55.34
308.75	58.24
312.61	55.23
305.33	65.61
309.25	63.99
300.14	45.27
314.98	54.92
264.26	55.96
294.7	59.02
309.59	49.52
301.92	70.76
283.02	57.09
311.2	61.44
276.65	49.75
309.04	67.80
303.89	66.13
313.35	53.26
296.11	63.39
311.21	61.50
287.99	65.46
283.6	53.39
301.5	61.90
309.15	64.21
310.18	58.51
304.5	51.82
275.1	52.76
293.98	52.10
283.44	51.05
290.22	50.37
290.3	50.33
288.37	52.71
288.89	49.73
276.6	57.86
286.91	55.40
285.79	52.16
286.46	51.82
272.2	51.94
287.86	50.33
278.96	51.88
289.69	52.20
251.77	58.88
286.81	52.37
271.5	60.07
275.93	58.01
256.85	56.90
273.59	60.73
282.8	49.24
278.4	50.25
283.32	51.69
284.8	56.89
289.03	51.36
285.17	56.69
279.11	60.61
297.84	50.63
272.95	57.78
282.23	50.64
305.38	53.29
297.25	52.64
282.11	48.55
285.85	48.74
296.63	55.25
258.6	51.29
282.54	52.01
275.19	51.86
273.02	50.71
287.9	49.51
281.13	51.37
289.16	55.48
283.16	55.45
285.11	54.60
266.27	55.28
285.64	56.91
289.19	45.98
280.52	55.10
276.44	53.10
293.87	56.52
309.13	55.24
298	51.26
299.83	58.34
312.68	54.78
304.92	56.28
304.93	52.56
307.17	58.13
294.4	57.04
280.43	57.28
300.92	59.53
312.86	55.32
302.11	64.17
311.71	53.81
278.35	52.19
264.04	62.46
315.17	58.63
283.61	66.48
277.09	63.42
284.82	58.81
297.2	65.76
296.25	53.78
288.13	64.73
309.11	59.76
293.49	58.32
280.89	59.42
279.28	53.32
273.14	64.78
286.24	59.32
289.93	49.31
281.52	58.97
295.33	66.01
286.23	56.57
294.29	57.80
278.93	64.95
297.33	64.13
295.24	57.83
287.37	59.13
298.45	57.00
291.29	64.90
294.56	61.26
304.3	62.25
312.35	57.09
309.5	56.60
311.09	56.20
301.57	53.30
261.92	56.78
284.67	58.97
257.16	50.88
278.4	43.33
289.14	63.95
261.01	61.91
302.27	54.23
293.81	57.63
312.34	61.33
310.47	58.48
297.96	56.83
285.11	56.80
303.64	59.51
299.52	48.66
302.27	62.14
309.66	55.44
316.31	54.86
296.02	58.58
289.55	49.09
291.67	64.43
273.31	50.38
285.26	54.99
266.28	60.54
293.95	60.77
280.04	56.00
307.28	51.45
302.34	48.40
292.24	53.12
303.86	55.95
314.45	56.25
281.8	56.69
254.63	67.34
294.66	57.16
271.69	57.17
282.3	64.69
278.15	52.47
296.8	52.62
281.13	59.38
301.04	50.44
297.08	50.66
314.28	54.43
303.81	53.58
274.59	51.99
288.7	57.65
281.68	54.29
295.85	57.06
283.26	45.76
299.01	55.64
308.62	51.78
314.47	51.71
295.47	52.52
272.27	69.18
292.25	58.96
310.67	56.52
260.76	79.84
281.16	62.30
260.58	49.89
288.78	53.24
310.69	51.88
296.79	52.83
306.89	50.55
300.01	53.45
291.69	55.70
304.18	52.24
295.52	58.24
293.52	52.79
303.64	53.11
322.93	51.97
291.72	52.19
295.97	59.06
286.84	62.90
293.37	55.34
289.76	57.25
281.99	54.78
290.31	59.74
287.48	51.32
311.08	52.20
295.11	55.41
296.43	56.10
307.63	54.28
298.06	54.77
283.63	56.61
257.12	74.17
255.27	61.39
295.02	56.24
297.59	59.18
295.98	68.18
287.49	55.09
293.26	60.77
312.18	53.74
303.18	54.61
283.8	52.67
280.06	57.87
295.86	56.66
286.04	55.46
287.54	51.91
299.54	57.22
298.8	55.91
308.2	52.32
312.49	50.44
309.98	49.02
292.81	55.33
272.89	60.62
268.54	53.98
279.45	57.65
266.37	63.09
282.86	56.75
304.33	65.95
287.12	56.80
277.97	54.75
287.53	54.64
288.46	56.29
286.17	54.79
286.53	55.40
287.59	56.58
283.9	55.08
287.04	55.18
288.39	54.73
285.15	53.01
282.53	53.19
282.75	54.90
285.33	53.27
288.65	52.73
287.95	55.92
279.01	55.06
288.69	53.79
286.18	55.05
284.67	59.07
284.51	56.58
285.88	54.83
287.24	56.09
288.44	54.05
285.33	56.11
283.2	56.24
284.94	56.46
285.18	57.27
290.59	55.25
285.91	55.51
284.47	56.49
280.56	57.53
285.23	56.74
283.09	55.46
289.9	54.91
287.22	53.21
283.81	53.87
286.24	55.68
283.05	56.96
291.45	57.15
288.18	54.27
286.01	56.94
285.13	55.12
284.55	56.16
284.65	56.40
282.26	59.33
285.64	55.76
287.72	56.96
288.69	53.25
287.53	54.78
287.62	55.68
NaN	50.06
NaN	47.92
NaN	50.36
NaN	46.33
NaN	45.64
NaN	51.29
NaN	48.03
NaN	46.42
NaN	49.19
NaN	50.63
NaN	42.13
NaN	53.30
NaN	50.19
NaN	51.84
NaN	47.00
NaN	47.11
NaN	53.21
NaN	47.02
NaN	50.58
NaN	49.11
NaN	49.86
NaN	51.83
NaN	50.79
NaN	50.94
NaN	52.22
NaN	53.04
NaN	52.21
NaN	55.54
NaN	46.11
NaN	49.05
NaN	47.18
NaN	48.70
NaN	53.12
NaN	50.75
NaN	49.85
NaN	49.40
NaN	50.49
NaN	48.35
NaN	52.42
NaN	52.34
NaN	50.10
NaN	46.48
NaN	48.67
NaN	49.39
NaN	47.92
NaN	51.11
NaN	51.78
NaN	52.10
NaN	54.47
NaN	51.77
NaN	48.01
295.75	64.80
290.16	63.33
279.86	66.98
285.72	63.46
282.9	61.84
299.61	67.73
286.34	64.18
289.59	65.67
282.94	65.20
298.09	62.26
275.57	60.71
298.21	67.75
292.88	64.47
291.77	64.29
285.72	62.74
294.4	66.43
285.52	67.62
281.43	62.28
294.72	63.18
292.65	64.23
292.22	64.43
287.53	63.39
284.96	64.22
295.86	66.89
286.55	65.78
290.65	65.92
291.72	64.15
302.61	68.10
298.43	64.57
284.5	65.33
284.72	64.08
284.74	62.24
288.58	67.15
297.18	65.72
292.82	66.73
290.26	66.02
282.19	65.83
277.63	64.67
292.91	67.00
297.63	68.41
287.46	65.23
288.29	65.01
286.72	62.19
288.98	67.22
290.65	64.41
293.94	66.13
286.24	66.91
295.96	71.29
299.78	65.51
290.42	65.48
285.26	64.26
319.97	48.95
312.71	52.09
317.34	50.79
314.29	46.77
318.26	48.00
330.82	48.10
320.79	48.50
325.15	46.38
319.09	49.38
323.29	48.85
285.31	45.93
324.77	49.30
318.22	52.22
319.69	50.59
314.92	49.60
317.73	49.16
316.43	52.82
309.02	47.26
316.96	50.76
324.15	50.40
316.79	51.33
316.72	50.86
309.07	49.55
319.24	48.21
309.6	51.82
317.69	51.10
318.79	49.58
332.89	45.60
322.81	47.07
313.39	51.68
310.37	50.47
312.14	50.45
316.52	51.92
323.14	49.40
321.74	49.37
315.64	52.20
318.84	49.26
305.48	49.59
324.67	47.89
324.1	52.96
322.35	47.53
322.25	48.32
315.13	49.13
321.37	51.51
319.13	52.04
325.3	50.56
311.32	52.04
318.71	53.80
324.63	48.57
319.19	49.71
315.92	48.89
267.32	80.73
267.27	75.10
266.18	73.41
269.78	86.47
271.81	77.49
267.79	81.44
267.99	79.38
274.14	80.13
265.82	83.63
265.68	87.54
272.4	70.64
272.61	76.48
263.83	80.92
267.86	78.28
266.7	77.83
266.35	79.08
262.54	80.34
269.56	78.78
266.39	79.11
270.11	74.86
266.04	76.81
264.64	83.96
261.86	86.37
270.84	80.53
265.25	78.08
263.18	86.92
265.19	79.31
274.44	79.92
273.29	79.50
263.62	87.54
269.04	75.45
264	78.87
263.08	77.36
266.38	87.50
262.92	91.81
260.71	91.87
261.22	85.42
266.42	84.86
268.82	85.06
264.69	79.98
267.84	80.08
269.83	77.88
263.12	88.26
263.39	82.49
262.49	80.04
260.27	79.76
264.7	76.91
262.17	80.21
271.98	78.94
267.14	85.22
264.41	85.78
289.78	60.24
286.88	65.00
285.94	58.78
279.57	60.83
290.36	54.70
289.8	62.01
286.19	63.79
290.61	57.42
291.65	66.47
283.83	64.09
294.97	64.68
292.51	64.75
286.46	65.06
288.09	66.31
287.8	66.56
289.49	70.43
284.04	61.46
289.45	60.11
283.93	65.08
289.85	64.70
289.76	67.57
288.58	62.32
280.22	69.43
291.97	68.66
284.26	66.50
280.01	64.48
286.78	66.50
290.27	72.55
293.07	65.73
282.05	59.45
291.29	61.10
282.49	63.36
288.39	73.33
291.28	62.02
282.32	64.26
280.88	64.83
280.43	69.62
290.01	67.22
288.84	61.41
288.32	61.61
288.47	67.50
290.37	57.61
284.02	64.59
282.49	62.91
289.28	63.89
284.43	68.36
286.33	63.37
286.18	65.32
292.67	67.36
291.32	64.04
282.61	70.86
259.99	56.76
254.7	58.06
252.72	53.03
247.16	54.30
261.18	54.36
260.18	55.16
254.84	54.65
262.07	56.45
259.08	57.62
255.01	57.69
254.74	61.43
247.16	61.63
255.3	57.47
246.86	56.68
254.15	56.82
252.09	60.27
257.78	56.57
257.35	55.40
255.83	58.85
259.84	57.19
255.15	57.51
256.97	54.15
246.08	57.95
242.86	65.18
251.91	58.95
250.93	59.14
255.52	57.31
241.92	62.66
247.52	62.76
250.93	57.00
255.2	53.53
251.07	56.34
252.49	60.43
253.8	58.58
241.58	60.61
250.26	58.02
249.41	56.41
243.42	58.58
259.18	58.25
253.39	58.05
258.21	57.59
261.2	55.77
246.42	59.59
250.41	58.59
251.7	56.69
254.13	55.92
249.92	57.32
253.14	58.71
247.98	59.64
256.53	56.14
248.62	57.75
293.13	55.15
286.04	67.23
295.64	69.13
301.81	64.16
303.1	61.46
287.38	62.70
298.29	71.18
306.72	59.63
288.17	62.45
301.32	59.05
291.67	65.28
293.55	58.42
288.43	66.97
296.85	72.28
284.56	64.90
281.01	63.75
294.01	69.87
297.95	60.65
297.57	60.23
292.13	63.26
289.35	67.29
288	64.14
295.98	63.85
285.49	42.33
297.38	57.89
289.72	62.87
281.04	68.58
294.09	54.29
296.71	52.22
295.62	65.38
300.86	68.55
294.91	61.97
277.37	64.34
300.56	62.23
293.97	62.67
290.29	72.04
292.85	63.85
301.66	65.07
295.91	55.94
294.8	74.38
279.36	60.44
299.31	64.44
300.83	55.75
291.19	58.80
296.11	71.40
288.54	69.64
298.88	68.83
284.24	58.20
296.87	59.18
289.48	70.13
288.74	64.13
278.44	65.97
281.51	57.92
281.75	67.41
264.74	73.91
278.32	62.19
287.28	62.33
256.04	69.22
296.08	58.20
261.38	69.00
286.04	60.55
223.4	72.02
297.01	61.79
276.97	60.30
279.46	58.95
268.88	62.33
284.56	61.03
267.78	62.81
253.31	63.83
271.6	62.57
263.55	64.17
265.46	63.68
281.69	66.68
283.58	60.12
307.08	72.32
255.45	68.52
281.05	62.62
272.18	62.03
308.28	68.99
307.87	60.81
278.22	66.31
263.47	58.62
264.79	68.83
253.65	65.73
292.2	61.23
277.69	68.60
247.95	59.39
244.11	72.77
262.3	62.23
273.14	66.38
286.9	59.51
266.57	68.55
287.46	63.92
268.58	79.64
266.44	71.90
262.86	62.67
257.02	67.51
272.67	62.60
282.64	64.60
299.24	65.12
278.54	59.14
241.78	68.17
292.15	57.66
272.73	61.07
284.45	53.11
312.21	52.24
247.53	55.54
295.71	60.56
310.61	53.90
244.19	50.82
233.26	50.52
273.2	50.57
270.82	91.60
295.29	59.03
285.48	58.70
297.15	68.36
237.34	66.79
283.11	66.09
288.68	50.03
262.18	65.54
262.92	65.27
302.87	47.43
288.49	58.83
275.97	60.50
238.4	59.30
250.91	67.09
273.65	67.24
257.01	49.91
274.38	64.03
285.05	62.99
291.53	61.10
273.25	48.75
283.72	66.57
239.58	61.77
260.59	61.81
300.31	55.78
297.94	45.57
300.25	49.18
261.37	57.45
284.03	66.36
269.28	50.16
284.61	61.36
254.89	48.64
286.21	55.41
245.58	55.11
281.65	49.70
288.25	54.24
297.88	52.91
286.1	63.52
285.46	51.81
299.28	59.53
286.15	59.60
270.46	63.71
271.41	56.22
257.39	53.66
292.93	48.67
278.05	57.34
269.42	54.52
269	55.23
268.01	59.90
276.13	52.88
280.94	58.56
267.21	61.28
NaN	83.40
264.97	58.10
277.23	53.74
272.76	51.94
257.96	60.94
254.03	59.02
292.49	51.00
258.28	66.11
273.69	51.18
269.14	62.73
265.22	59.24
275.54	54.55
276.53	56.92
274.51	53.99
271.61	51.62
291.01	47.59
262.73	58.42
279.73	58.34
230.89	56.80
281.27	55.28
263.63	56.59
279.31	51.42
264.35	59.47
276.77	58.22
287	56.56
285.36	57.84
285.27	59.97
284.76	57.94
286.41	57.52
287.01	52.96
284.41	59.85
276.44	51.66
276	58.69
291.13	52.86
285.68	56.05
274.83	54.89
291.84	50.11
291.52	52.90
258.69	55.36
270.18	59.70
275.19	61.88
302.15	52.46
303.88	52.13
303.61	49.88
300.39	50.52
307.21	50.55
299.29	56.62
299.23	53.01
300.68	53.94
301.77	53.33
300.79	53.92
306.52	53.93
305.69	51.19
303.34	52.22
304.35	51.65
302.68	54.95
304.47	53.69
301.57	54.47
302.59	52.53
302.78	53.24
298.92	53.05
302.25	55.03
303.93	53.71
304.64	52.50
305.96	54.17
299.18	53.26
301.32	59.16
302.26	50.60
303.12	54.65
302.74	52.36
303.56	51.48
305.83	52.24
302.08	52.60
305.34	51.78
303.35	53.90
301.71	52.07
296.59	54.70
302.35	54.98
304.39	55.88
299.57	55.79
302.59	53.44
304.15	54.38
301.07	52.94
302.62	51.79
300.51	53.38
293.55	54.55
299.81	51.78
302.67	52.92
299.42	54.09
300.78	55.19
306.8	53.22
303.97	52.69
