205.07	252.86
215.16	202.54
201.62	233.12
221.32	198.57
202.54	228.16
212.66	245.15
192.24	264.81
205.3	244.81
212.75	232.03
166.19	321.6
219.16	195.69
210.78	228.55
203.59	240.55
186.54	272.65
210.21	236.57
216.67	225.99
219.93	210.51
232.53	194.43
190.21	267.68
194.37	221.57
190.55	280.71
225.07	224.89
198.44	246.4
230.19	233.37
185.45	287.53
229.31	245.27
187.31	290.12
223.03	248.37
219.05	220.58
204.14	230.52
220.92	214.73
215.16	206.55
208.96	242.35
224.92	211.18
213.73	213.49
185.78	270.92
216.15	219.33
223	219.15
183.32	302.02
186.35	289.63
215.09	247.15
184.01	271.68
220.12	231.98
189.66	284.04
189.35	267.08
182.97	296.14
205.45	248
219.93	209.86
231.64	192.63
242.81	205.67
209.66	241.55
258.71	198.8
223.6	217.15
275.97	184.47
244.76	214.26
257.24	200.99
252.36	201.62
260.59	195.33
246.98	206.49
258.64	198.13
270.04	189.41
240.84	212.9
248.78	203.81
247.43	207.93
246.27	205.31
243.46	207.78
245.3	210.31
231.54	217.19
260.13	200.03
247.41	206.88
259.71	197.93
263.62	194.96
258.38	199.66
253.8	204.9
244.76	209.09
235.3	209.07
252.76	200.07
245.72	205.59
257.39	198.76
244.37	206.44
240.83	210.62
239.82	213.96
222.71	222.84
253.03	204.08
242.05	207.61
254.09	201.02
250.85	199.78
240.51	209.65
249.78	199.31
238.88	207.94
NaN	NaN
252.07	200.44
227.91	216.1
249.54	207.91
262.57	193.72
264.49	194.13
268.9	191.4
240.24	212.1
240.12	209.52
238.61	212.22
257.87	202.22
255.32	197.39
175.77	269.38
171.94	282.42
180.16	270.4
182.26	267.54
177.45	273.26
177.41	280.95
173.24	277.7
173.71	278.71
179.18	275.31
179.73	265.6
175.29	276.69
175.46	279
177.15	275.92
171.86	283.8
179.51	270.93
177.15	271.43
175.40	282.93
181.27	268.28
174.95	276.53
178.05	270.99
170.29	286.52
178.92	273.88
181.14	264.86
174.06	281.4
177.76	271.72
175.25	273.49
173.48	282.31
174.55	278.88
176.20	274.43
180.31	270.18
174.40	273.16
172.35	283.4
180.63	269.89
174.86	277.48
173.30	276.81
174.75	274.71
175.95	278.01
176.44	276.64
172.66	281.25
174.25	276.83
174.59	274.8
175.03	281.5
179.09	268.2
174.43	275.73
180.36	279.72
175.62	279.64
180.34	262.49
175.50	275.95
174.44	269.03
172.16	278.65
173.09	276.65
222.4	227.76
216.26	233.78
220.02	231
219.86	230.6
222.68	233.25
228.66	225.32
227.88	225.67
221.35	230.07
217.03	235.65
221.06	229.86
224.95	230.41
232.58	223.33
230.49	225.28
222.76	231.36
229.66	220.46
222.25	231.04
234.11	220.02
229.28	227.36
224.37	229.04
234.74	217.95
233.83	222.67
232.19	221.45
227.9	224.43
227.45	225.67
223.37	225.44
217.51	233.97
227.31	229.28
231.55	224.66
222.86	231.08
226.94	226.19
214.59	237.25
224.7	228.25
215.47	237.62
224.66	229.07
229.62	223.21
225.62	222.15
226.81	228.4
217.17	228.41
220.51	229.87
233.69	225.18
219.2	228.31
222.13	228.86
215.3	233.62
226.53	226.26
238.71	215.92
230.75	227.31
207.95	238.82
218.63	231.86
214.2	230.42
221.29	234.12
216.46	236.39
190.95	237.19
193.13	243.25
195.4	237.27
198.01	233.34
198.92	236.77
202.35	233.03
195.21	235.56
192.06	238.57
196.4	240.99
196.29	233.24
198.34	234.08
206.39	234.32
198.88	232.68
200.79	236.79
196.87	233.91
199.64	236.32
197.25	244.14
195.83	234.76
196.42	235.41
196.26	232.34
196.47	234.59
196.57	236.27
197.55	231.77
197.55	236.67
193.28	236.41
195.54	238.37
199.55	241.88
201.37	235.71
195.12	234.52
197.06	234.45
190.8	242.47
196.92	235.85
198.22	235.8
193.07	237.62
202.03	236.39
195.8	237.38
198.61	241.1
192.23	245.6
191.74	242.03
199.95	236.25
190.3	236.33
196.11	237.93
195.69	234.4
195.81	233.69
203.32	231.68
200.09	233.8
188.76	240.08
196.82	235.6
196.12	234.84
195.82	233.17
198.78	241.89
208.68	239.22
217.57	227.83
214.7	232.74
206.92	230.73
211.31	233.17
211	232.91
217.85	229.67
210.12	235.99
209.43	234.24
209.22	232.31
211.93	237.33
214.91	229.86
207.05	233.76
206.46	242.03
205.71	236.18
209.71	240.11
212.93	235.48
204.2	237.91
202.98	242.14
204.03	236.09
216.37	231.5
219.52	231.56
204.87	231.64
209.62	235.24
202.03	241.68
202.75	243.5
209.64	248.07
204.82	242.81
203.78	242.46
203.28	236.67
207.63	244.19
209.66	237.86
210.13	229.91
211.11	239.06
212.63	234.1
213.62	239.28
205.17	240.06
221.18	230.18
197.8	252.08
211.34	238.87
213.29	229.61
220.6	224.96
212.78	231.57
212.02	235.18
210.91	230.61
217.02	232.49
202.77	238.7
205.21	236.66
208.46	228.59
217.19	230.06
214.06	236.22
186.72	233.64
183.28	279.32
186.06	247.65
185.17	260.47
182.03	242.83
184.74	264.11
181.29	258.34
189.27	230.5
183.31	291.98
183.32	242.35
187.19	244.56
187.08	262.84
186.64	248.18
188.42	257.96
185.3	249.28
183.52	258.7
190.66	250.48
184.34	254.92
185.55	260.03
182.85	250.68
188.99	246.64
183.83	236.45
184.07	260.89
183.33	277.85
177.19	286.58
187.24	264.62
194.52	263.48
184.1	246.4
181.48	266.53
182.38	271.21
189.98	228.56
186.37	245.53
180.37	285.39
186.4	233.26
183.76	263.13
183.32	244.47
183.36	265.12
188.05	251.93
186.24	270.95
185.99	232.46
178.02	272.45
184.18	274.2
184.85	252.62
187.54	215.11
189.23	244.45
189.85	222.59
180.67	274.98
179.65	296.41
182.33	269.2
181.55	246.79
183.84	256.65
211.38	239.04
238.24	155.58
214.56	220
211.91	201.58
198.5	244.8
218	193.22
205.8	211.41
209.85	231.48
258.61	158.91
193.88	242.06
222.92	193.27
228.24	166.53
204.87	208.72
231.77	182.09
211.34	198.76
225.32	174.25
223.75	195.29
212.78	213.15
224.94	198.67
199.91	221.51
199.33	227.4
193.06	229.57
202	215.46
236.99	171.70
242.42	154.46
240.36	184.89
239.93	180.45
204.95	223.9
233.51	210.18
236.31	180.9
214.64	262.44
206.17	212.5
242.23	181.78
212.31	216.29
217.28	178.99
197.3	241.83
229.35	187.08
230.16	181.19
255.65	171.09
198.68	224.64
224.51	208.33
226.01	174.23
214.59	212.51
193.41	247.28
211.95	190.37
191.09	244.1
226.53	206.54
255.21	153.08
220.93	186.41
195.77	240.01
217.99	200.32
183.6	241.2
182.54	239.13
174.36	257.93
171.04	270.1
177.45	261.03
171.58	258.83
170.76	255.11
171.90	241.5
175.85	239.97
167.71	283.52
167.62	268.11
176.78	272.07
181.29	232.89
182.39	246.57
173.12	257.95
180.41	275.44
175.57	244.77
169.53	234.77
177.64	255.15
165.66	298.79
170.64	237.51
172.95	230.98
170.57	249.1
181.62	257.57
181.03	241.75
181.89	268.87
178.06	261.07
177.25	253.53
176.27	264.84
174.62	263.87
190.35	236.6
172.82	262.43
176.50	267.37
170.64	251.83
176.05	269.49
181.05	246.95
177.85	282.01
176.73	250.24
180.49	264.47
165.24	287.76
182.6	243.81
177.43	274.48
167.59	278.59
172.49	260.13
165.55	271.25
168.48	259.35
183.31	243.93
178.04	277.75
177.80	288.33
177.08	236.96
178.21	264.41
193.9	239.65
189.74	256.02
179.64	274.01
189.2	227
185.92	241.73
180.14	244.95
193.96	239.48
182.24	254.02
182.15	265.52
186.49	267.61
178.74	258.63
187.58	226.12
179.76	253.12
189.26	241.79
174.99	267.74
182.78	251.24
176.60	261.48
183.08	257.5
186.78	245.23
208.8	200.92
180.79	238.6
180.89	266.24
183.34	235.5
181.31	270.29
177.95	249.47
190.53	229.01
188.17	243.11
176.49	260.51
184	265.7
182.69	260.6
187.9	261.18
176.85	256.81
185.55	239.87
185.31	261.6
187.15	241.11
189.38	272.64
190.32	274.43
171.05	284.17
188.58	252.9
195.22	245.08
186.54	270.09
180.54	254.89
184.74	267.72
182.73	226.36
175.62	238.75
175.85	252.62
189.88	241.83
177.50	277.13
185.05	253.08
180.59	261.59
191.49	256.59
214.86	231.58
205.94	224.16
225.92	198.22
193.67	247.33
192.63	216.51
190.59	233.89
195.9	211.5
192.7	216.69
192.78	213.33
205.9	198.29
196.06	215.13
191.41	249.47
184.02	262.96
194.09	243.26
201.02	240.55
207.49	224.08
196.19	203.31
211.71	216.38
187.94	260.82
199.98	244.8
181.75	233.67
202.11	208.29
188.71	254.97
207.28	198.89
198.14	254.23
203.72	253.4
209.75	223.05
206.64	229.54
202.92	208.88
204.84	204.22
213.66	179.50
199.49	202.37
197.88	235.52
204.4	193.64
206	218.94
231.05	206.14
218.58	176.83
204.29	184.23
211.13	221.49
212.66	198.57
202.91	195.26
185.68	274.33
207.01	189.73
194.04	236.65
192.66	227.74
189.99	222.45
205.66	252.12
206.06	199.03
213.02	215.01
193.3	223.4
203.89	206.33
185.3	251.81
179.95	285.43
176.00	258.05
175.43	262.83
175.66	271.53
181.13	250.38
177.63	256.47
178.80	244.59
183.16	240.13
231.61	187
174.15	285.81
174.45	276.93
176.65	258.26
172.16	273.16
174.78	256.29
180.78	244.94
178.86	266.44
175.47	271.07
175.32	269.63
175.56	298.01
195.87	217.42
188.44	232.35
171.07	283.03
189.05	231.51
198.01	226.23
215.87	213.8
202.41	217.42
207.49	222.48
182.69	234.43
174.38	252.75
179.78	236.82
177.60	290.41
184.52	241.9
177.40	251.82
175.30	283.4
171.26	289.27
174.12	266.82
181.39	255.82
218.47	199.66
216.38	195.02
197.74	226.09
164.68	307.26
176.64	255.43
220.31	200.84
186.65	234.8
220.39	196.55
179.21	242.41
177.47	243.85
176.58	271.04
181.18	245.48
179.44	241.53
226.81	226.51
NaN	NaN
NaN	NaN
175.77	230.66
NaN	NaN
NaN	NaN
NaN	NaN
NaN	NaN
NaN	NaN
NaN	NaN
NaN	NaN
164.48	238.67
163.89	241.65
173.89	252.41
212.06	225.26
NaN	NaN
NaN	NaN
NaN	NaN
205.52	237.47
200.33	245.75
NaN	NaN
191	259.55
189.99	246.98
NaN	NaN
134.48	201.8
NaN	NaN
NaN	NaN
NaN	NaN
NaN	NaN
193.56	255.65
NaN	NaN
228.78	232.47
NaN	NaN
NaN	NaN
NaN	NaN
207.23	247.63
200.22	263.33
NaN	NaN
NaN	NaN
206.06	267.19
NaN	NaN
230.67	206.68
184.02	247.98
192.78	252.61
182.65	245.44
185.2	272.69
188.45	246.26
NaN	NaN
NaN	NaN
NaN	NaN
305.49	170.36
226.73	230.95
219.21	240.46
239.59	204.36
194.57	270.56
202.38	237.81
211.67	231.04
245.11	204.06
208.51	228.66
203.76	235.78
217.74	229.68
193.99	280.44
225.34	205.58
242.87	175.25
209.23	245.72
218.49	215.06
211.59	239.41
242.11	161.59
240.64	199.52
215.24	216.72
231.21	210.93
240.31	193.43
241.5	195.4
242.79	206.32
215.97	214.06
235.21	181.41
245.12	199.22
198.59	253.6
205	245.33
192.89	267.76
254.99	188.3
262.09	187.98
236.72	224.28
185.99	262.52
197.03	250.69
232.35	208.91
237.39	213.53
198.81	252.33
238.06	183.05
213.4	237.35
219.83	212.9
198.46	258.47
228.06	201.91
233.12	199.03
230.34	193.95
231.46	204.35
247.99	185.72
222.81	219.23
243.31	213.3
255.96	189.59
235.12	207.86
214.94	213.64
182.68	246.24
175.73	268.08
160.94	319.28
191.2	267.78
170.03	261.16
165.01	301.31
171.79	302.54
163.61	320.36
177.21	289.24
174.72	273.78
192.17	235.53
168.04	332.74
180.08	263.09
158.39	332.1
161.42	308.38
180.57	260.34
175.06	274.75
172.13	280.11
175.81	277.02
171.08	306.69
178.47	271.75
183.77	256.39
183.01	239.67
175.25	259.37
182.68	253.14
167.13	301.57
188.12	278.31
169.27	292.99
171.95	309.26
162.79	293.46
180.25	268.63
188.58	285.94
187.46	263.83
162.53	307.06
167.29	277.97
177.03	272.39
168.16	286.93
183.69	266.01
175.02	289.58
167.36	288.06
167.13	315.27
169.53	304.4
175.32	272.4
165.42	263.84
176.00	279.91
175.58	290.32
174.27	283.52
177.14	273.31
171.52	304.55
172.37	273.12
165.44	306.29
215.21	236.8
210.9	224.36
241.12	188.16
232.33	213.55
219.96	260.87
243.91	196.87
216.33	216.49
237.68	175.60
221.07	249.1
241.72	203.77
189.06	279.08
282.88	173.53
191.38	275.35
284.11	174.14
244.43	194.44
202.83	239.29
195.35	250.43
206.91	244.66
220.8	213.98
235.86	210.05
204.01	248.66
202.59	252.57
184.32	293.69
188.64	275.55
183.45	289.04
268.76	192.77
260.32	202.67
235.44	183.67
273.73	194.28
240.57	239.71
224.47	251.79
269.57	225.31
232.19	261.22
248.94	204.04
203.78	261.77
207.76	292.38
218.75	201.78
202.28	226.2
254.12	205.16
211.24	212.72
253.33	183.57
231.7	193.46
203.08	220.34
171.17	304.62
218.22	237.83
227.67	220.24
215.98	226.86
207.19	231.29
245.94	186.07
213.2	232.21
246.11	173.41
201.14	239.42
179.66	270.6
182.12	293.94
183.87	288.03
209.17	204.7
180.8	271.62
173.69	298.4
188.25	279.38
244.57	216.64
195.28	251.94
205	264.41
178.35	316
189.49	268.57
189.44	306.23
188.89	287.22
180.85	300.25
179.52	265.26
184.74	253.76
189.01	278.47
178.84	290.6
182.95	274.06
181.27	276.41
195.38	238.35
198.97	253.01
191.34	274.75
189.11	294.57
190.47	291.08
176.08	307.27
215.95	256.1
235.5	211.12
217.31	189.38
254.07	180.55
217.42	237.51
216.25	244.92
214.91	239.82
214.05	197.18
181.02	297.93
185.97	266.86
188.01	285.19
181.71	288.51
199.06	234.25
163.92	321.23
172.41	257.03
210.57	238.64
180.63	283.16
187.07	247.49
185.65	297.45
190.79	280.74
180.14	278.58
187.67	271.55
198.99	278.59
226.42	228.33
245.83	193.26
258.02	158.61
260.3	159.19
204.31	261.46
214.58	201.59
250.53	174.39
224.02	192.99
256.82	176.25
211.12	255.37
270.72	176.28
269.88	162.93
243.56	190.16
273.94	161.50
255.44	172.19
259.07	166.42
229.1	185.1
228.84	198.35
262.45	170.30
252.33	175.15
248.68	179.45
232.35	186.71
240.53	202.14
231.74	194.66
262.77	166.29
251.67	165.12
271.59	159.09
273.15	159.14
251.34	197.65
229.89	283.28
185.68	280.93
196.95	303.89
220.35	191.48
225.65	265.58
242.76	196.73
193.2	279.36
247.06	167.97
228.98	202.4
264.69	175.26
241.96	191.01
201.01	248.69
272.39	165.21
195.64	265.12
241.29	198.85
250.22	164.53
193.51	272.89
283.68	159.26
266.15	171.27
228.1	167.56
252.19	185.31
239.22	197.67
182.06	245.71
175.64	236.67
183.51	259.48
177.71	235.39
175.61	228.53
174.81	261.36
171.69	276.88
177.52	268.29
172.42	305.68
162.69	297.01
178.27	280.25
184.11	243.12
179.27	273.85
177.90	268.58
173.29	288.92
179.65	271.28
177.97	257.75
178.31	244.82
179.87	267.51
175.80	260.8
181.92	244.24
180.36	277.39
178.84	279.02
169.17	278.32
169.33	310.19
173.06	256.52
174.67	305.34
172.71	316.58
172.59	238.22
241.58	162.88
172.28	281.08
178.70	252.41
179.16	316.47
205.33	227.68
182.14	258.54
177.29	239.84
172.46	310.51
169.01	297.71
176.37	258.71
178.65	264.69
156.42	306.1
171.73	318.59
184.65	220.8
171.53	245.28
180.17	258.62
161.44	262.87
177.78	276.87
171.96	303.46
172.65	267.58
178.19	267.53
165.58	308.83
216.25	232.7
193.83	240.09
203.61	214.65
196.18	243.05
193.93	260.09
221.69	269.42
228.2	200.29
200.58	224.63
233.57	185.98
233.69	178.12
206.8	245.17
183.16	264.03
207.58	202.32
207.7	284.76
207.12	247.35
191.05	241.53
217.9	221.85
190.07	253.76
202.62	208.64
203.06	232.06
205.72	265.94
216.32	200.25
210.69	210.41
215.91	199.39
240.1	178.83
200.08	274.36
234.42	192.33
231.37	202.28
198.21	246.69
193.61	267.1
229.78	195.68
196.51	277.98
258.53	188.19
199.82	268.68
191.51	252.22
197.39	264.47
229.85	184.95
239.43	197.9
189.16	245.94
204.99	246.18
231.48	193.36
255.96	184.57
195.36	281.47
197.81	284.7
200.98	255.48
185.31	298.49
221.24	222.21
252.45	180.53
220.59	256.02
201.03	229.7
252.4	179.08
203.06	234.09
184.41	264.39
180.29	264.58
185.25	264.02
186.58	232.32
219.37	210.8
192.44	283.85
174.57	282.58
190.84	261.04
185.71	275.58
177.17	297.13
168.08	313.3
176.69	263.89
221.81	210.13
196.79	290.77
185.96	278.42
184.72	284.54
182.57	230.25
182.54	296.62
188.54	250.53
188.74	276.79
178.41	297.11
178.24	250.24
184	281.19
180.95	277.25
196.5	261.93
169.76	325.71
196.16	268.27
176.19	294.5
174.07	274.08
196.62	259.29
185.97	313.48
192.95	291.69
191.24	262.72
186.5	248.48
187.34	257.82
179.67	284.6
190.92	296.05
186.49	269.21
181.2	284.54
197.7	291.49
191.24	287.44
211.89	259.34
213.6	240.77
181.02	305.95
227.33	251.92
172.82	304.25
178.29	296.38
189.25	251.36
170.08	309.3
186.48	284.66
226.48	219.23
235.04	209.51
217.96	200.22
242.26	184.9
225.74	212.73
182.15	311.13
245.78	188.05
248.45	204.45
221.48	228.82
198.66	273.74
255.65	213.98
270.4	176.85
191.47	290.34
187.53	292.19
271.1	167.41
242.78	167.21
248.16	197
203.08	245.71
246.42	166.11
212.38	234.84
252.74	184.74
259.08	176.80
219.51	205.52
231.95	187.38
237.34	174.51
250.69	193.63
288.8	160.89
180.23	317.75
218.13	278.42
NaN	NaN
192.76	322.22
309.74	153.48
252.86	207.53
235.69	210.17
206.9	270.35
241.47	203.24
233.16	193.63
268.98	164.76
247.17	193.27
249.41	169.14
268.29	170.10
254.3	201.77
267.36	211.76
205.99	282.5
276.28	148.16
300.72	140.60
253.85	189.2
241.87	218.29
223.15	215.36
263.94	174.54
217.12	246.99
204.4	230.15
195.14	240.14
195.25	234.46
188.93	249.94
193.22	226.17
197.95	225.22
202.53	223.15
186.27	254.05
190.08	250.98
203.8	231.87
195.86	221.23
198.95	221.4
194.49	232.47
201.93	221.44
194.46	227.81
186.82	245.1
191.89	246.82
192.13	233.19
206.43	212.53
222.81	217.18
194.91	241.42
188.26	250.53
205.08	218.49
190.58	237.68
203.71	249.66
203.55	227.13
200.28	242.99
202.82	230.55
194.08	235.72
190.58	249.29
184.12	251.35
202.8	234.07
196.73	241.66
188.82	243.81
203.69	230.19
213.46	212.76
191.7	239.41
195.67	230.53
200.23	241.47
200.1	230.92
196.3	239.66
224.61	200.53
192.51	232.76
201.01	253.19
199.78	257.68
199.4	255.74
192.48	246.69
187.31	244.2
193.35	240.95
191.4	231.67
188.8	235.57
NaN	NaN
NaN	NaN
NaN	NaN
NaN	NaN
NaN	NaN
NaN	NaN
NaN	NaN
NaN	NaN
NaN	NaN
NaN	NaN
NaN	NaN
NaN	NaN
NaN	NaN
NaN	NaN
NaN	NaN
NaN	NaN
NaN	NaN
NaN	NaN
NaN	NaN
NaN	NaN
NaN	NaN
NaN	NaN
NaN	NaN
NaN	NaN
NaN	NaN
NaN	NaN
NaN	NaN
NaN	NaN
NaN	NaN
NaN	NaN
NaN	NaN
NaN	NaN
NaN	NaN
NaN	NaN
NaN	NaN
NaN	NaN
NaN	NaN
NaN	NaN
NaN	NaN
NaN	NaN
NaN	NaN
NaN	NaN
NaN	NaN
NaN	NaN
NaN	NaN
NaN	NaN
NaN	NaN
NaN	NaN
NaN	NaN
NaN	NaN
NaN	NaN
176.23	244.3
177.30	247.22
178.16	246.33
176.60	252.25
176.61	250.68
177.40	246.31
173.80	256.02
178.25	251.63
176.24	257.28
169.88	256.34
175.21	244.61
173.92	257.27
175.39	250.07
176.70	252.32
175.72	250.36
175.68	247.77
178.17	249.94
177.41	246.9
179.72	249.91
177.11	252.6
176.51	246.79
178.45	257.46
178.75	241.14
177.86	258.67
172.67	267.48
177.17	254.16
175.51	260.8
175.42	258.33
174.63	252.46
172.10	255.1
172.79	242.28
176.17	256.67
176.01	256.9
177.57	252.79
177.83	250.49
177.19	250.97
176.05	257.79
174.65	258.06
176.59	252.06
173.04	260.68
178.46	255.01
176.49	254.62
177.49	257.88
177.62	255.94
178.13	249.22
175.24	245.27
176.17	254.95
176.57	243.55
179.76	244.84
177.05	253.53
175.88	254.52
166.54	260.17
169.80	257.87
169.76	256.69
170.91	255.84
167.62	256.78
170.80	254.12
171.77	253.6
171.12	256.63
172.30	253.93
172.06	249.41
167.69	258.5
169.08	256.92
168.85	253.96
167.79	257.86
168.58	256.33
169.93	255.42
171.44	256.53
169.25	256.63
169.16	255
170.69	254.5
167.16	257.43
174.06	250.89
169.11	257.19
173.54	248.8
172.35	254.39
172.74	251.76
175.14	248.6
169.49	256.95
168.72	252.84
175.92	246.51
168.29	256.79
168.27	258.1
172.09	255.21
169.45	253.97
172.68	255.91
167.94	255.62
173.40	252.6
168.10	258.88
169.47	254.68
175.90	250.79
171.29	252.33
170.54	254.66
172.52	256.34
172.86	255.92
171.56	252.26
170.22	254.62
170.49	254.78
169.36	258.14
171.38	251.34
168.99	255.98
168.32	256.07
194.26	243.65
196.97	242.09
199.29	240.06
198.21	241.82
196.33	240.98
195.9	240.93
195.64	243.11
199.31	239.26
198.05	239.12
198.85	241.53
197.41	238.24
197.6	237.92
196.93	233.77
197.44	240.58
195.83	242.06
196.66	238.9
196.72	240.44
196.92	238.96
198.96	238.62
195.28	239.59
196.15	239.28
196.32	237.55
197.92	238.91
196.09	238.24
199.55	238.86
197.98	236.68
201.9	234.44
201.15	242.11
197.61	242.92
196.16	240.61
193.43	241.07
199.69	242.76
197.68	237.68
196.38	241.89
198.2	239.15
195.98	239.18
198.21	243.08
199.15	243.84
195.59	237.52
199.72	239.88
198.51	239.09
197.06	241.55
201.37	239.4
200.28	239.87
196.73	241.75
197.81	240.23
198	241.1
197.64	245.23
197.37	241.8
198.74	240.51
195.15	242.83
242.22	218.61
243.12	228.06
248.01	216.81
243.32	222.59
245.92	219.18
249.74	221.51
247.29	222.94
247.14	222.46
243.36	219.84
247.44	222.17
240.36	220.84
246.12	219.02
241.58	221.78
252.05	216.18
249.72	217.92
249.09	222.92
243.71	220.51
247.04	219.66
246.45	220.36
243.56	226.63
241.61	222.56
239.61	224.16
237.78	222.05
238.03	224.74
249.05	220.4
245.78	219.46
249.7	218.89
254.32	212.86
248.85	221.78
241.43	229.12
247.86	218.59
260.06	208.16
238.35	222.82
245.85	219.79
245.7	225.72
239.72	223.37
248.02	219.74
253.1	216.34
245.1	219.68
243.54	226.48
244.44	222.89
247.03	222.29
249.77	219.26
251.53	219.3
246.81	218.95
244.38	222.01
246.82	222.15
249.52	218.61
249.13	220.67
245	226.62
246.53	220.83
192.65	261.09
198.03	254.25
195.04	261.87
195.78	259.28
190.43	260.14
193.9	258.3
210.45	244.41
199.35	255.88
200.4	250.14
203.2	257.89
189.97	260.92
196.32	252.79
195.56	259.05
192.38	262.08
193.22	256.69
196.32	254.46
196.72	253.92
192.15	259.85
197.54	254.89
194.27	253.04
191.13	257.77
194.14	250.67
192.21	257.28
198.52	252.05
211.98	247.26
191.23	259.45
193.79	255.82
201.28	257
201.98	256.2
199.43	253.02
193.49	259.16
198.56	261.54
196.15	257.97
193.03	255.7
195.01	255.11
194.02	261.98
196.36	255.97
205.47	253.37
201.13	250.01
209.45	247.65
194.56	255.49
197.53	254.27
206.68	247.46
201.13	253.34
193.77	259.9
192.66	256.73
193.88	259.42
193.03	263.65
192.37	264.38
198.21	259.77
197.42	254.15
250.82	213.4
258.54	205.89
259.74	205.12
253.28	210.44
265.2	201.1
270.2	193.34
248.23	210.13
255.48	203.83
240.77	214.32
252.89	209.59
256.5	209.97
241.5	224.47
257.25	207.2
249.96	211.33
264.28	200.17
270.07	198.06
249.55	212.4
268.9	197.76
253.14	209.89
268.81	194.84
249.19	216.26
244.43	212.61
251.08	212.23
232.76	226.44
242.55	211.05
258.65	202.82
262.75	201.95
256.41	207.06
256.45	208.42
253.34	205.11
271.67	196.16
280.27	189.53
250.97	211.32
255.72	212.14
248.07	213.71
262.26	205.31
264.1	198.93
260.91	204.57
239.13	216.19
247.91	209.42
255.85	206.69
254.99	208.3
250.98	205.21
256.55	206.52
253.28	210.11
272.78	194.81
246.11	217.31
267.54	194.95
265.98	201.34
270.46	194.64
258.25	202.88
202.87	237.12
194.78	254.88
200.27	235.49
201.22	257.18
192.03	260.03
191.36	263.49
171.51	322.2
183.98	273.61
166.35	336.6
163.38	338.21
210.26	226.31
186.25	299.74
176.55	288.65
187.29	272.08
187.49	255.5
187.65	262.46
195.47	255.98
205	248.14
189.26	264.21
187.79	261.68
206.14	238.29
176.73	297.02
196.54	243.69
176.32	299.12
181.61	304.03
188.26	270.28
174.08	312.34
189.58	299.09
175.98	317.68
155.68	344.73
205.1	225.3
183.67	309.11
188.65	280.17
199.1	264
211.82	248.56
192.92	269.25
163.34	316.74
183.75	304.15
179.20	280.52
168.89	335.85
177.80	298.2
171.64	295.84
182.39	293.74
172.80	325.77
202.89	243.96
207.94	245.82
202.06	250.83
202.02	249.88
201.9	243.77
186.79	295.55
167.10	311.71
214.06	241.17
213.49	255.58
191.05	259.32
215.85	262.31
214.66	247.71
225	241.02
240.89	162.93
221.28	232.92
266.14	160.14
252.83	175.12
195.55	293.83
227.21	192.41
204.05	220.46
219.38	244.94
208.1	247.15
213.44	258.86
212.73	244.35
213.18	266.71
204.17	226.62
202.13	270.84
205.25	253.19
206.3	295.99
204.3	248.2
209.83	255.41
214.22	207.28
198.98	294.42
218.22	225.65
229.64	182.93
248	182.08
295.02	157.63
199.05	278.92
242.73	174.37
225.56	233.05
215.3	266.92
213.52	268.59
204.63	257.41
274.94	198.81
230.41	178.53
207.92	218.85
256.09	156.82
213.39	272.6
238.98	245.64
231.25	204.03
266.2	156.16
198.11	267.31
214.22	264.66
195.77	275.19
257.36	223.95
202.76	270.11
227.6	202.21
236.38	186.94
192.89	242.68
186.54	247.1
177.52	286.33
184.75	258.8
197.9	218.09
196.82	237.18
190.16	292.88
178.32	278.97
187.89	295.76
204.66	259.99
200.64	221.86
183.34	268.21
176.41	331.09
178.94	289.28
185.79	241.24
187.66	254.5
178.24	283.7
182.36	282.06
177.46	290.81
193.63	242.87
181.91	257.81
211.66	211.52
177.70	293.52
168.11	327.83
187.07	263.4
181.22	299.37
202.23	231.29
183.44	275.76
185.22	303.38
201.56	273.06
204.19	235.3
191.24	245.97
171.60	296.98
199.36	230.76
184.1	279.35
171.18	310.77
190.95	274.66
181.95	269.71
182.3	278.88
186.77	287.77
216.21	199.21
198.67	231.06
181.03	289.09
190.15	267.07
178.35	292.08
216.27	215.55
184.39	245.41
201.1	238.98
199.73	282.15
185.42	294.34
189.02	266.63
227.3	222.67
219.82	232.98
209.36	234.94
223.35	227.83
208.48	240.5
218.79	229.13
210.54	235.69
218.6	228.28
218.18	230.25
226.83	224.21
209.04	241.23
213.19	234.43
209.03	235.93
218.92	230.26
211.34	238.43
220.07	225.08
222.35	225.13
219.37	228.68
212.54	235.08
224.77	235.68
215.04	229.76
219.39	225.03
218.76	232.44
217.68	232.3
227.33	224.66
218.61	228.96
221.65	224.42
215.48	234.19
218.95	226.69
222.51	223.08
212.6	233.33
221.85	229.05
220.17	227.15
218.35	228.96
224.31	228.45
221.95	232.31
214.75	232.97
215.27	238.05
220.29	230.69
216.28	236.52
218.8	231.22
222.43	226.6
216.67	227.08
221.58	225.21
229.91	218.7
221.26	227.65
220.07	228.47
214.53	229.55
217.02	232.65
211.77	236.12
214.52	232.96
241.89	210.47
NaN	NaN
278.9	169.21
NaN	NaN
NaN	NaN
NaN	NaN
346.68	133.83
327.71	128.98
23.51	91.67
298.08	161.11
NaN	NaN
21.61	99.67
308.9	144.56
314.04	139.51
NaN	NaN
NaN	NaN
NaN	NaN
NaN	NaN
NaN	NaN
NaN	NaN
193.35	256.9
NaN	NaN
NaN	NaN
309.96	139.63
NaN	NaN
NaN	NaN
NaN	NaN
NaN	NaN
NaN	NaN
222.88	226
NaN	NaN
NaN	NaN
NaN	NaN
NaN	NaN
222.69	210.45
318.85	145.02
NaN	NaN
206.46	234.34
318.98	149.43
245.6	163.60
NaN	NaN
NaN	NaN
NaN	NaN
344.84	124.23
261.11	170.89
NaN	NaN
NaN	NaN
168.93	283.14
276.07	172.35
NaN	NaN
NaN	NaN
178.39	254.66
175.91	277.8
180.57	283.06
178.92	277.34
171.35	312.04
187.35	252.01
170.59	300.41
164.68	299.98
170.26	295.78
169.42	299.3
182.57	259.39
185.44	254.18
171.84	289.35
174.42	300.92
170.55	307.54
185.36	242.68
182.33	262.17
177.26	275.91
178.57	270
170.68	282.69
168.22	300.04
170.80	276.4
175.15	281.3
185.3	274.17
175.61	284.99
165.58	299.41
178.61	253.08
183.69	256.28
170.46	266.88
153.86	310.81
176.90	269.86
177.02	278.27
166.30	309.16
182.83	245.26
170.07	278.91
185.87	259.09
173.54	311.35
169.24	280.43
186.48	241.09
162.42	318.44
172.56	277.86
175.52	261.75
171.48	290.09
172.12	299.37
175.44	296.63
177.09	256.61
187.66	256.61
167.37	308.49
174.93	289.08
176.65	265.26
175.90	260.87
211.84	236.64
212.6	227.54
258.94	201.34
217.18	240.23
241.82	176.73
205.98	235.84
232.76	208.86
237.64	197.39
232.66	182.79
254.42	179.73
192.76	264.32
190.59	300.86
263.61	195.21
253.85	192.37
255.87	173.15
196.59	250.55
207.96	264.23
235.91	208.92
218.46	214.64
200.89	270.3
257.22	183.88
209.7	234.21
218.73	263.73
213.48	248.27
231.61	189.8
215.83	221.12
185.76	288.03
196.28	286.98
179.99	276.97
222.64	235.01
221.97	256.97
205.43	253.68
280.38	192.84
201	277.35
217.48	234.96
227.11	225.02
264.53	169.08
200.47	303.39
205.04	273.54
254.06	194.27
211.09	257.47
201.42	270.71
211.59	201.66
219.9	233.6
257.12	165.87
206.49	256.9
202.32	232.3
255.58	193.32
252.5	172.15
220.35	239.49
197.05	279.67
195.75	244.07
186.51	251.68
188.28	264.87
199.88	227.38
197.26	254.74
177.40	242.06
179.61	307.37
180.5	270.15
194.3	239.75
187.62	257.74
193.97	251.3
214.52	218.51
197.21	284.93
184.11	284.54
192.09	265.44
189.2	250.94
206.6	215.41
198.25	242.26
180.19	282.33
216.64	220.33
192.18	262.54
186.88	266.7
222.61	224.6
182.52	270.28
187.43	309.96
195.75	233.26
197.67	223.13
215.13	197.76
172.85	306.09
229.87	226.5
196.21	263.79
177.83	295.79
219.7	234.3
201.11	292.24
175.67	339.52
201.12	260.57
186	298.21
226.18	197.39
203.04	233.1
208.85	253.62
217.32	241
191.11	240.52
183.87	256.73
186.59	276.57
170.94	305.71
192.05	252.36
180.93	281.64
210.04	254.33
168.75	324.08
199.36	239.61
210.45	271.35
226.88	225.02
204.1	237.83
216.27	255.12
205.63	255.45
204.46	271.15
183.45	282.68
264.19	189.44
222.76	256.08
203.08	270.42
208.16	224.51
225.97	235.62
200.4	276.07
250.28	213.75
241.59	203.4
201.65	251.98
206.53	250.31
201.64	257.54
190.64	269.4
250.4	200.03
232.46	233.8
243.05	214.47
237.93	197.73
205.71	288.04
224.98	197.56
254.13	203.96
225.68	230.13
190.68	281.5
198.35	265.19
276.6	172.90
246.3	195.28
212.1	279.27
273.34	174.49
183.07	308.17
258.16	190.04
295.51	159.95
228.09	245.54
254.16	190.74
201.73	275.66
185.85	274.18
210.56	247.14
218.11	260.49
201.44	281.01
186.32	295.91
258.85	182.13
228.51	219.56
229.97	220.46
234.29	242.87
231.77	238.43
265.48	190.01
216	236.9
268.87	172.63
191.6	240.42
177.45	281.57
195.7	251.26
180.8	262.58
184.56	237.8
186.84	243.85
193.49	245.35
200.77	208.54
180.65	242.2
182.42	268.6
187.08	272.52
187.69	269.44
184.52	295.25
176.82	285.18
179.33	234.59
183.11	253.66
186.41	258.57
183.92	264.13
189.57	269.79
194.69	250.77
197.16	238.87
184.84	249.46
199.24	221.31
182.71	240.21
197.24	263.21
191.84	262.32
187.06	257.34
174.61	272.65
200.84	260.07
186.3	276.7
198.95	202.81
190.95	230.82
199.07	202.15
188.45	238.09
191.18	254.37
193.19	290.95
190.68	260.56
194.61	232.3
183.37	240.37
185.19	244.54
191	256.32
196.78	245.53
189.36	241.61
185.48	285.87
188.14	267.66
186.32	256.31
191.45	238.22
199.42	270.51
197.62	282.1
178.96	233.71
192.88	281.58
216.28	233.55
235.07	180.67
246.93	190.36
225.38	214.42
203.64	227.16
230.57	198.29
226.88	210.11
198.48	259.84
194.94	254.66
229.49	181.29
223.72	194.4
251.63	175.67
257.52	163.30
246.87	179.37
182.93	246.72
210.88	223.06
236.2	173.95
252.15	178.59
225.42	183.03
231.73	196.22
208.95	212.71
194.84	242
217.91	238.06
211.5	224.63
251.98	179.76
220.69	227.29
242.47	182.26
225.1	192.65
237.22	241.22
223.79	208.41
190.38	259.08
217.3	226.47
205.71	267.59
206.01	229.17
214.19	248.44
273.49	143.82
227.24	207.5
229.43	212.48
213.44	222.02
220.62	239.35
237.88	192.82
233.7	211.62
221.41	210.95
251.49	216.48
242.27	178.54
222.64	209.68
213.4	223.17
258.98	152.49
263.32	190.84
195.6	252.33
250.95	181.54
184.28	246.09
173.35	273.82
173.62	266.76
177.83	247.02
171.30	284.94
172.46	283.38
175.06	248.67
175.20	250.55
158.73	289.81
176.10	285.3
172.71	258.1
173.13	307.8
178.33	273.5
182	268.24
167.79	270.35
168.45	265.37
173.67	284.14
176.09	288.83
173.04	274.1
184.42	242.9
175.43	268.89
174.87	243.6
175.69	242.76
173.01	250.05
179.94	269.15
189.34	243.95
174.28	266.75
170.28	276.52
177.71	250.78
175.22	253.22
172.13	250.78
177.99	243.02
189.9	224.73
170.54	251.04
178.52	245.43
169.26	272.42
167.58	275.59
159.23	286.23
171.46	249.55
187.94	244.99
174.86	275.35
172.63	273.27
175.06	245.36
193.26	242.72
180.81	298.9
172.45	245.22
176.89	268.49
170.91	282.01
176.10	283.46
174.99	244.98
176.86	257.73
193.49	242.26
185.87	275.1
177.73	248.24
185.43	254.43
188.4	229.92
187.09	242.48
191.83	249.45
188.29	249.43
183.63	264.7
187.76	258.44
187.1	260.99
200.03	222.14
195.42	269.92
191.46	257.51
182.6	285.61
181.41	237.91
188	225.73
193.4	270.39
186.84	265.88
181.85	268.04
182.36	246.89
185.61	267.06
181.47	254.68
174.30	270.88
181.16	240.08
189.06	250.33
166.48	286.07
180.76	250.01
174.77	294.79
184.23	266.51
179.55	259.48
179.89	279.09
178.94	264.16
175.00	239.63
182.8	266.89
190.2	260.69
178.01	259.63
178.57	274.48
181.54	242.09
180.57	281.52
187.61	262.91
178.45	288.86
187.01	261.36
194.07	257.77
212.23	211.42
179.20	259.97
184.64	252.51
187.07	291.04
189.37	235.97
183.66	287.94
174.55	285.86
217.89	230.76
214.96	203.02
199.82	249.53
198.2	226.74
203.49	209.22
200.89	244.55
196.24	227.35
202.53	204.03
209.21	188.18
232.32	214.12
194.51	238.88
212.21	238.05
228.6	216.72
212.01	231.2
221.15	176.76
200.39	259.58
195.72	231.13
242.59	178.70
216.37	198.23
194.01	207.05
203.96	211.69
208.25	202.39
198.87	203.13
200.86	174.62
197.34	229.18
205.74	224.38
218.07	203.39
207.35	204.16
216.02	173.82
204.16	218.66
215.22	185.39
211.46	204.8
191.78	212.82
180.3	211.73
214.09	222.35
219.97	231.77
212.61	201.76
207.13	206.36
195.7	239.5
217.17	202.49
203.77	195.34
234.86	173.07
206.88	194.28
221.54	198.28
212.63	216.07
203.85	196.45
196.79	213.35
239.17	182.87
228	227.01
227.01	173.01
215.14	202.61
189.59	254.46
187.71	257.84
186.13	254.69
185.98	256.57
189.33	250.41
187.21	253.3
186.96	253.33
188.95	254.65
187.81	254
187.5	254.1
186.15	253.95
185.39	254.13
185.45	254.61
190.11	252.76
188.18	251.05
186.37	252.82
186.24	257.28
187.09	252.54
189.1	251.68
193.45	254.09
187.85	254.68
184.56	255.18
189.5	252.99
187.34	254.78
189.47	256.09
185.12	254
188.41	253.06
191.11	251.7
187.38	253.43
184.68	259.36
186.61	253.85
186.98	259.86
187.19	256.24
186.59	254.2
188.37	256.28
190.63	253.42
185.81	255.97
187.45	253.03
190.06	253.82
191.26	250.66
187.82	253.46
188.65	256.27
186.22	252.04
190.06	254.5
186.93	258.65
188.95	257.11
186.83	255.68
185.41	254.66
186.09	256.08
188.18	252.16
188.25	249.48
228.45	225.79
193.42	253.58
203.14	257.98
168.57	253.9
163.53	281.66
NaN	NaN
182.66	262.16
NaN	NaN
NaN	NaN
NaN	NaN
NaN	NaN
177.11	244.72
NaN	NaN
198.25	248.34
NaN	NaN
176.57	252.68
NaN	NaN
NaN	NaN
244.95	267.82
NaN	NaN
194.55	272.6
112.56	12.81
174.89	291.4
189.11	272.46
NaN	NaN
144.93	318.01
173.48	233.02
210.73	271.1
200.4	264.42
NaN	NaN
NaN	NaN
NaN	NaN
NaN	NaN
NaN	NaN
183.66	250.21
173.02	258.54
NaN	NaN
NaN	NaN
164.63	251.45
NaN	NaN
189.9	268.89
209.66	262.58
202.32	254.61
172.91	262.14
193.75	261.45
186.96	265.41
NaN	NaN
195.09	268.22
181.19	248.31
211.93	267.98
185.63	253.52
231.27	224.14
236.87	194.36
232.42	181.07
232.93	217.5
211.46	261.02
209.04	257.55
253.58	199.05
227.3	229.05
222.22	219.86
219.72	232.53
235.95	221.48
259.45	203.72
259.08	201.29
240.59	205.83
233.43	200.19
241.72	205.41
239.22	207.75
235.11	202.03
249.15	167.56
200.84	246.18
232.58	175.88
247.57	191.96
244.88	194.97
209.82	254.83
211.57	250.92
218.58	219.45
236.77	207.62
234.52	172.82
221.6	228.03
213.33	230.25
199.39	259.73
211.25	242.48
233.6	218.45
232.55	234.62
255.41	199.81
229.4	217.4
225.39	210.13
224.02	205.61
237.49	198.08
202	260.31
224.88	204.63
236.45	196.18
224.98	208.76
241.94	191.47
222.02	218.6
212.7	236.12
240.85	204.53
216.95	206.44
220.35	227.97
228.51	189.71
218	199.27
185.18	243.33
174.51	282.46
173.31	290.7
172.12	252.64
203.65	202.84
175.55	267.24
183.17	251.25
187.04	245.75
166.53	276.59
178.19	245.72
180.55	239.8
193.2	236.35
194.03	225.91
170.73	261.57
167.49	289.12
168.65	265.05
177.85	252.1
169.33	288.62
176.92	281.29
162.17	313.15
166.89	269.51
175.15	266.32
174.01	278.33
176.27	265.91
177.63	254.93
168.89	296
168.41	287.06
184.26	252.71
178.66	257.06
174.57	252.56
165.03	315.09
173.69	279.54
198.56	229.2
174.07	252.72
183.11	275.35
176.46	279.74
178.56	252.44
179.58	235.74
167.94	303.52
180.41	281.51
177.55	256.47
175.44	263.73
172.83	265.14
178.94	305.83
171.68	300.91
173.90	289.46
175.07	285.02
173.83	279.9
167.58	273.75
170.47	261.92
170.27	301.31
216.58	233.53
208.69	244.2
225.52	197.67
188.33	266.78
198.49	265.21
202.85	244.73
197.77	247.84
225.36	262.46
225.83	234.84
208.04	263.04
179.71	306.54
200.31	246.98
202.93	259.44
205.1	253.3
241.18	241.05
182.66	273.53
192.55	254.29
222.83	183.8
247.83	200.17
271.96	179.02
206.73	244.65
186.88	269.16
224.14	219.52
207.62	221.47
223.25	221.69
226.15	208.25
205.69	271.86
190.86	239.73
201.41	258.02
205.09	244.51
261.68	172.26
229.61	186.01
197.85	261.67
202.86	222.55
208.67	249.91
226.45	251.15
220.54	255.93
191.57	255.45
247.1	198.04
231.51	232.55
187.82	255.2
213.48	229.7
205.61	283.33
239.3	198.12
232.37	208.78
239.08	187.94
225.01	207.47
226.46	217.97
185.12	270.6
201.68	255.3
242.67	203.48
202.46	237.97
177.53	286.62
175.12	304.08
180.91	285.5
175.27	273.98
181.96	278.38
183.77	248.51
211.55	235.22
193.85	262.97
194.82	273.46
213.15	202.26
180.46	264.88
185.73	230.05
200.43	236.29
278.57	207.28
199.75	223.52
183.01	271.56
191.66	264.19
192.71	275.77
200.67	261.12
197.3	259.21
176.55	291.69
190.59	275.53
174.36	316.47
185.96	292.17
183.88	279.82
216.71	252.77
160.78	321.67
185.11	279.32
172.70	288.89
193.56	240.37
177.17	292.51
176.77	274.98
182.29	263
191.78	242.97
196.94	251.16
192.9	259.2
177.83	273.37
182.53	272.16
220.37	214.22
174.70	264.06
166.67	318.79
229.92	205.7
173.64	295.44
180.44	300.35
178.27	317.17
191.63	242.83
176.08	317.79
195.17	261.81
176.38	298.74
175.24	317.3
227.53	224.99
259.33	177.22
267.87	169.23
251.03	161.36
210.26	205.95
251.74	185.15
202.2	275.07
243.33	194.66
224.61	189.62
254.52	176.98
219.17	237.55
233.25	183.03
188.54	264.34
201.16	290.41
304.8	172.75
208.65	228.11
239.2	179.25
218.06	215.53
236.3	187.67
235.04	220.99
231.18	199.02
246.46	152.70
271.68	176.51
269.37	154.06
245.22	163.33
246.28	205.72
284.22	172.68
271.09	144.47
247.45	169.65
235.57	169.31
204.57	263.65
232.21	183.51
235.67	167.85
220.83	220.16
218.94	230.09
232.01	175.42
219.74	198.15
221.59	197.99
235.68	190.47
220.13	236
206.5	241.09
260.01	183.33
208.03	276.14
244.53	189.76
270.46	163.16
277.37	158.82
191.93	252.52
260.15	171.06
271.37	173.99
243.54	181.85
297.72	161.90
186.54	246.91
170.43	260.1
178.70	288.56
179.22	249.4
162.47	274.16
176.50	260.42
205.7	190.05
174.78	250.71
180.1	289.87
181.7	277.92
175.15	266.78
174.51	278.87
173.84	238.59
178.47	245.55
193.83	255.84
166.79	305.87
170.75	280.87
175.49	266.11
164.62	284.11
171.07	263.87
173.07	296.18
170.63	269.89
163.79	299.03
168.26	330.24
169.45	294.22
169.10	299.79
173.05	266.1
179.29	268.63
173.89	289.98
175.85	270.47
174.26	246.8
184.76	304.04
174.04	285.41
177.34	238.54
173.79	288
177.50	249.91
169.95	265.89
172.71	264.99
174.48	256.74
167.07	304.83
172.88	244.98
178.40	290.8
180.42	279.77
157.22	337.73
172.59	289.54
170.86	298.55
153.86	326.09
174.96	247.34
185.52	280.39
170.99	300.79
177.77	291.93
212.83	234.97
196.87	282.85
198.19	280.74
189.9	268.88
206.32	252.32
188.63	234.7
192.94	261.97
190.2	260.77
225.16	220.97
226.68	217.32
200.43	251.62
194.81	219.58
192.21	271.3
188.08	290.76
201.81	280.39
228.24	209.09
207.81	223.15
180.15	307.76
202.18	289.44
179.86	302.97
229.94	180.01
218	265.8
213.6	250.84
262.57	172.93
243.78	182.35
249.29	197.97
198.86	247.91
201.83	272.8
222.17	206.92
201.56	266.52
191.33	308.44
234.81	186.92
251.19	233.72
199.88	264.8
220.6	237
195.69	281.7
195.75	247.64
207.63	215.89
190.13	299
242.56	201
201.42	282.72
228.76	189.56
239.12	211.93
264.74	160.50
209.18	247.25
260.91	195.05
236.96	196.63
189.85	258.04
211.02	268.91
257.58	185.98
213.13	207.58
198.27	235.71
217.03	209.21
204.97	204.68
178.16	279.15
200.16	228.05
177.70	274.87
186.24	260.15
179.98	263.47
194.03	244.45
179.19	271.61
187.27	237.6
173.07	262.67
194.17	223.96
216.34	237.7
197.01	226.68
187.58	283.42
174.38	310.42
210.32	216.08
241.4	181.2
206.94	201.99
187.19	263.95
207.23	242.65
243.95	181.39
201.26	260.64
178.72	301.24
204.02	250.39
188.3	216.11
216.33	202.45
185.51	282.63
189.63	252.18
210.98	196.79
182.22	303.97
202.31	233.21
185.26	264.65
194.47	229.32
200.1	212.64
179.19	266.16
187.12	279.53
213.9	201.44
189.91	296.7
201.5	223.07
188.15	269.46
183.37	273.36
199.06	267.92
196.1	251.41
182.99	297.21
183.65	307.88
185.04	244.71
221.03	199.67
175.71	321.39
185.74	255.49
227.74	222.2
205.03	276.8
193.51	283.36
252.85	184.05
202.38	262.08
224.88	216.32
227.76	208.01
224.39	241.72
207.62	254.48
212.98	251.66
200.38	271.26
237	220.92
199.63	280.68
223.68	254.83
205.14	263.01
253.24	193.53
262.04	187.62
197.79	285.5
207.75	263.55
210.07	243.33
188.84	273.14
235.27	216.61
205.25	270.94
210.01	267.47
249.13	198.48
205.4	283.92
187.24	281.86
188.96	277.58
250.67	208.11
222.23	245.08
203.84	248.62
269.65	168.03
218.45	232.32
202.92	287.54
193.91	273.89
196.19	264.95
224.16	208.4
244.54	206.36
196.3	284.5
278.44	185.29
187.02	286.92
205.82	267.33
178.27	325.67
243.32	221.53
217.57	244.39
237.72	194.93
262.64	189.39
201.3	263.97
221.42	251.33
263.93	174.21
213.56	260.52
212.88	247.36
222.25	239.71
213.24	248.92
216.33	242.43
212.55	248.27
213.69	245.58
211.3	249.14
218.9	244.48
213.54	248.31
215.73	241.53
210.4	249.33
213.34	245.89
211.94	251.52
209.18	253.76
212.98	247.25
211.55	246.12
221.18	237.66
211.71	246.39
212.99	250.95
213.33	252.9
209.19	250.15
215.82	242.72
205.33	254.41
209.58	249.64
208.32	255.13
219.02	236.82
214.91	242.72
215.25	244.59
212.67	247.34
210.38	249.11
212.79	247.68
218.72	242.77
210.59	248.93
208.98	249.49
217.54	244.99
211.29	248.21
216.76	242.01
213.74	246.76
218.6	244.27
207.96	251.16
216.02	242.81
210.68	250.86
211.14	249.08
214.64	250.08
221.84	241.35
211.85	251.57
204.15	257.49
209.82	253.12
213.61	243.71
205.13	253.04
208.14	251.95
NaN	NaN
NaN	NaN
NaN	NaN
NaN	NaN
194.32	234.04
NaN	NaN
NaN	NaN
NaN	NaN
NaN	NaN
NaN	NaN
NaN	NaN
NaN	NaN
NaN	NaN
NaN	NaN
NaN	NaN
NaN	NaN
NaN	NaN
207.97	214.53
NaN	NaN
NaN	NaN
NaN	NaN
NaN	NaN
NaN	NaN
NaN	NaN
203.12	238.72
NaN	NaN
NaN	NaN
NaN	NaN
NaN	NaN
NaN	NaN
NaN	NaN
NaN	NaN
NaN	NaN
230.21	185.12
NaN	NaN
NaN	NaN
NaN	NaN
NaN	NaN
NaN	NaN
NaN	NaN
NaN	NaN
NaN	NaN
NaN	NaN
NaN	NaN
NaN	NaN
NaN	NaN
NaN	NaN
NaN	NaN
NaN	NaN
NaN	NaN
NaN	NaN
189.89	265.4
190.63	264.32
188.25	267.93
188.14	268.1
192.12	260.35
191.73	263.94
188.12	269.73
188.22	268.36
190.74	265.52
189.13	264
187.39	265.86
189.11	264.85
188.35	268.47
186.67	266.76
185.59	269.06
190.85	265.15
189.85	264.58
190.64	266.15
190.44	264.75
188.58	264.05
187.05	269.45
188.5	266.75
192.21	259.89
188.46	268.09
187.31	268.51
189.96	263.33
188.47	266.59
190.83	267.8
191.03	264.27
188.69	264.07
187.47	265.22
187.17	268.29
191.04	262.5
189.13	266.67
186.38	268.31
189.48	265.1
186.07	267.62
187.01	267.93
190.42	264.56
185.97	265.55
187.46	266.15
186.09	270.63
188.01	269.23
189.24	267.09
190.75	261.43
187.33	270.28
185.62	266.19
188.15	266.83
188.42	267.81
188.74	265
193.27	258.47
172.63	257.49
172.30	257.61
171.96	257.87
174.89	256.01
177.60	252.38
175.00	252.73
175.82	256.96
174.83	258.85
175.04	254.29
173.96	256.81
171.94	257.58
176.03	254.13
173.63	257.3
173.21	255.81
172.78	255.2
173.89	256.69
173.13	256.31
173.09	255.2
174.03	258.01
170.80	256.86
171.97	257
175.84	254.76
172.70	255.41
174.18	254.65
174.06	255.88
172.46	255.28
173.44	255.9
173.80	256.23
174.28	254.67
172.43	254.25
170.25	257.37
172.84	255.64
171.41	253.67
174.12	254.8
171.85	256.61
172.96	254.73
173.55	255.47
173.02	254.97
171.43	252.81
171.13	255.62
171.91	255.93
175.67	256.92
174.51	257.4
173.04	254.88
176.17	255.22
176.25	256.84
171.82	256.71
172.42	255.9
172.15	255.19
172.12	255.76
171.92	255.99
190.95	260.1
190.92	261.94
190.45	264.99
193.09	259.19
195.91	256.14
192.83	262.07
192.21	262.19
192.48	260.57
193.26	259.81
193.84	255.64
190.59	257.88
194.07	258.11
194.16	258.3
193.2	258.8
190.75	259.11
190.37	265.19
192.3	262.19
189.29	261.83
192.86	260.35
189.69	262.01
189.47	262.59
193.47	258.81
190.58	262.66
191.93	260.67
189.39	263.67
190.93	263.85
193.43	258.8
190.77	261.85
192.75	261.44
193.11	260.86
191.32	259.17
191.51	257.73
189.02	257.97
193.5	261.62
192.85	259.79
193.69	260.38
191.43	261.12
192.85	260.14
192.18	259.01
190.54	260.55
189.68	265.41
194.4	260.16
192.2	261.83
192.64	257.79
191.72	258.97
193.39	260.21
191.64	259.41
191.62	260.67
189.02	265.66
189.54	261.17
190.81	262.76
226.86	188.67
231.84	190.13
235	188.33
230.51	192.53
231.34	188.92
232.27	185.26
234.26	188.35
234.48	188.94
236.29	186.28
233.48	188.08
224.34	193.01
230.71	190.2
236.24	186.77
229.05	190.66
230.89	186.63
232.65	190.1
231.86	187.55
230.18	189.34
234.53	187.71
229.34	188.87
231.48	189.83
231.03	191.48
233.35	187.43
232.18	189.04
231.95	186.97
228.02	191.01
227.84	190.42
230.07	189.85
231.65	192.07
229.73	189.08
228.24	188.11
227.94	190.81
226.29	189.79
235.04	187.73
227.21	190.05
229.37	188.76
231.22	189.68
235.23	186.64
234.11	186.54
232.18	189.71
230.62	184.76
236.87	188.67
232.37	185.92
226.09	192.43
230.06	190.5
229.03	187.27
228.8	188.62
230.66	187.73
233.09	189.45
235.6	187.6
229.28	187.17
192.83	260.13
193.86	258.78
192.3	264.48
193.79	260.48
194.6	257.11
194.78	261.24
195.07	258.53
193	261.2
196.97	257.68
194.06	258.82
192.33	261.52
194.47	260.38
193.89	260.64
193.66	263.3
193.51	262.45
192.54	262.91
191.87	264.35
195.37	259.07
192.6	259.42
190.38	263.31
193.45	258.49
193.8	259.9
191.73	260.27
194.67	259.77
192.34	261.64
195.04	263
193.72	263.35
192.92	261.38
192.94	260.62
191.68	265.28
191.94	262.04
192.15	264.13
191.91	260.09
194.42	259.72
193.72	265.73
192.84	264.84
192.49	263.27
192.34	265.76
191.72	263.14
191.61	264.88
192.78	262.25
194.34	263.34
194.25	262.2
194.1	260.63
195.28	258.86
195.47	260.95
189.72	268.32
192.05	262.36
192.25	262.36
194.51	262.01
190.41	263.45
232.47	225.96
234.71	229.6
243.63	223.84
244.38	222.96
237.19	225.26
226.01	232.45
239.51	227.84
248.95	217.57
234.65	229.25
252.32	214.04
250.49	215.44
235.47	228.91
239.19	222.73
248.51	217.41
245.62	221.87
233.52	230.18
249.33	216.7
241.24	224.99
242.31	222.3
255.91	210
243.96	218.7
247.4	220.57
251.12	217.83
256.01	213.36
256.3	211.14
233.81	228.79
247.66	217.61
245.2	219.9
250.42	217.47
257.92	210.88
247.14	217.14
237.57	226.91
242.53	220
237.04	226.63
228.92	234.36
243.93	221.71
247.12	222.02
256.54	212.61
243.6	221.29
257.24	211.39
232.37	232.24
249.49	218.46
256.05	213.28
243.89	218.57
231.68	228.32
237.97	226.12
255.96	210.1
251.04	213.45
248.96	219.6
237.99	228.02
251.39	212.92
170.59	261.43
172.31	258
177.22	255.01
178.45	257.3
175.67	255.52
172.47	258.65
177.69	259.09
178.41	257.16
173.53	256.68
175.85	258.94
173.88	257.92
175.61	255.8
177.07	252.86
174.97	260.83
170.96	260.82
173.42	260.2
176.30	262.79
171.98	258.43
175.28	259.87
179.43	258
174.22	259.77
178.73	254.7
177.84	253.47
176.33	252.92
177.21	259.62
174.21	259.01
181	255.94
175.91	253.93
175.57	256.42
182.48	252.99
173.31	262.9
175.27	260.9
170.17	258.29
177.94	253.85
170.02	264.68
176.87	257.97
185.49	253.51
176.48	262.41
176.91	250.59
177.14	261.96
175.73	260.07
181.33	253.44
180.86	254.81
171.87	257.71
172.33	265.96
173.65	256.87
178.15	261.32
178.00	261.63
177.18	258.04
171.99	261.34
177.48	256.15
209.8	245.08
197.97	263.18
208.23	237.42
204.65	271.13
203.01	268.52
194.46	267.21
208.41	271.79
211.89	250.38
195.43	242.46
199.92	268.66
197.02	224.13
202.71	253.3
195.52	243.97
197.84	253.09
198.93	251.77
211.35	242.47
204.61	282.79
195.89	256.35
209.5	253.57
202.38	249.57
204.65	261.21
200.53	271.21
205.68	266.19
199.7	256.39
209.33	259.53
204.46	243.67
201.22	258.4
197.56	262.37
199.63	259.7
202.2	266.14
201.48	251.02
197.34	283.46
188.03	284.83
197.19	265.74
203.08	236.45
196.77	266.85
207.44	271.54
196.52	288.9
197.66	273.29
205.54	273.85
214.69	248.15
207.9	251.82
202.35	248.08
187.35	279.66
223.21	238.21
200.07	220.19
201.62	259.34
210.04	266.84
199.16	281.83
198.61	263.4
201.6	268.04
203.7	228.43
204.15	221.85
182.97	263.83
202.62	252.11
195.47	268.37
193.48	270.76
194.76	238.61
194.21	219.32
180.03	279.15
207.96	221.96
188.05	279.07
187.31	273.68
187.51	259.35
198.41	256.01
188.96	275.22
184.14	259.27
220.49	196.49
191.06	258.36
204.91	202.15
219.51	206.6
209.58	199.64
203.37	249.26
208.23	217.83
186.78	262.06
197.4	243.14
186.33	297
201.57	252.85
193.83	221.59
202.03	217.02
206.82	271.16
216.43	216.24
218.35	212.8
218.85	209.42
192.92	266.29
187.86	285.33
199.2	275.37
215.36	262.41
199.25	260.92
189.74	292.68
225.04	222.06
196.23	265.81
184.93	262.56
189.42	254.87
192.49	269.77
196.56	275.63
179.47	271.74
220.79	224.11
205.19	239.45
214.14	194.21
190.11	280.95
215.12	216.65
178.15	256.51
178.15	257.61
179.01	257.33
179.28	257.76
178.05	257.02
177.95	253.46
178.30	255.2
177.09	259.53
177.76	257.5
178.02	253.48
178.35	256.7
177.54	256.42
179.14	255.25
178.26	256.27
178.43	254.94
177.32	258.6
178.56	261.24
176.59	256.84
178.34	255.5
180.00	252.95
176.90	257.04
178.87	258.34
178.65	257.45
174.83	259.29
179.87	255.8
178.42	257.06
179.00	257.67
176.30	254.75
179.89	256.34
179.12	260.31
176.62	259.54
177.69	257.97
177.85	259.03
177.14	258.28
178.25	255.57
178.47	252.78
177.14	257.85
175.66	257.87
178.00	256.27
178.90	253.17
176.83	255.63
176.49	259.02
177.58	257.51
178.36	257.36
180.08	256.1
179.87	256.79
177.89	258.04
178.83	255.51
177.45	257.5
175.85	256.91
178.36	256.56
256.79	205.51
NaN	NaN
293.11	159.46
301.58	150.92
NaN	NaN
NaN	NaN
NaN	NaN
NaN	NaN
NaN	NaN
NaN	NaN
NaN	NaN
NaN	NaN
NaN	NaN
307.29	162.97
NaN	NaN
301.85	152.64
NaN	NaN
NaN	NaN
NaN	NaN
NaN	NaN
NaN	NaN
NaN	NaN
NaN	NaN
336.77	128.83
NaN	NaN
266.86	156.59
313.72	155.86
NaN	NaN
NaN	NaN
NaN	NaN
NaN	NaN
NaN	NaN
NaN	NaN
NaN	NaN
NaN	NaN
NaN	NaN
NaN	NaN
309.48	144.78
NaN	NaN
244.72	221.3
NaN	NaN
199.59	248.51
NaN	NaN
NaN	NaN
229.49	209.04
NaN	NaN
308.53	168.12
NaN	NaN
199.6	248.17
321.14	140.49
NaN	NaN
181.01	250.46
185.37	275.77
165.49	319.14
162.02	324.97
176.62	273.66
176.47	282.46
170.96	288.55
187.77	252.58
188.12	258.73
173.89	274.88
189.17	257.37
169.84	302.22
172.28	272.61
184.66	266.24
172.39	276.17
167.45	269.25
176.86	256.06
185.4	249.15
175.44	256.8
181.35	265.78
174.92	258.73
180.99	262.48
177.19	261.49
177.14	270.25
177.78	257.95
164.31	290.69
164.13	318.31
170.59	281.1
172.03	276.06
162.93	299.79
176.37	281.21
172.66	300.91
174.63	284.88
183.66	271.75
172.31	276.93
171.46	290.07
171.85	265.81
166.73	309.21
186.16	256.64
168.76	318.77
176.07	279.85
166.13	314.61
176.24	288.21
170.30	272.51
169.07	270.93
161.28	317.77
183.76	265.13
175.69	272.58
168.19	293.62
175.32	290.19
164.66	307.87
215.57	232.66
246.41	199.34
258.08	178.07
278.44	179.37
209.96	218.39
233.43	234.71
232.46	213.92
222.22	227.23
218.61	222.35
211.84	254.58
210.08	231.25
219.54	182.1
198.87	261.76
211.76	253.85
197.78	286.04
191.94	274.43
212.31	245.49
200.7	222.56
201.85	234.98
210.83	208.89
218.62	259.56
188.66	283.02
199.06	284.3
202.68	275.41
184.96	276.54
233.06	254.58
257.53	173.12
230.27	224.01
225.52	246.52
218.44	249.01
228.18	251.94
237.95	198.32
203.5	214.71
206.28	247.94
201.7	275.59
254.4	194.56
209.8	256.25
248.26	171.53
213.99	197.42
268.2	174.13
205.66	278.69
261.19	183.47
214.2	218.33
185.57	284.23
204.85	259.37
230.46	200.49
229.08	243.59
234.15	246.77
254.11	226.66
250.72	212.41
227.61	191.12
195.56	246.23
185.26	251.9
203.04	276.21
221.79	235.06
176.34	269.98
200.97	225.81
176.99	280.05
178.64	289.94
177.78	277.12
196.64	216.42
182.21	272.32
182.04	287.82
188.36	246.53
205.24	243
227.75	194.23
199.16	234.29
197.6	296.46
169.84	258.43
173.85	269.53
177.57	254.65
198.13	228.8
204.71	237.18
229.11	201.95
218.32	210.2
207.09	228.05
247.87	179.22
199.29	271.04
196.78	259.37
232.33	243.32
221.73	224.01
208.27	214.54
180.95	274.09
176.67	270.08
189.05	240.56
220.07	203.58
195.6	302.94
194.38	263.15
183.27	285.8
177.53	266.88
191.99	282.96
224.77	181.89
198.79	257.19
170.36	301.46
204.97	238.18
197.39	239.2
212.63	280.31
209.57	248.25
222.61	194.21
224.83	195.28
195.14	298.87
189.26	285.74
231.42	222.45
191.63	263.65
242.11	201.98
226.85	230.2
228.7	206.26
193.73	278
228.61	206.59
260.68	176.92
215.84	214.32
204.06	238.75
230.11	208.62
257.66	221.11
226.09	210.22
219.2	260.57
208.48	279.99
222.54	253.18
258.14	195.04
191.85	295.27
184.14	282.25
189.66	266.38
199.53	245.52
203.89	274.58
217.97	248.81
201.02	269.1
205.09	260.41
204.27	292.77
257.29	206.12
225.43	220.84
293.47	162.30
217.47	240.42
204.92	217.02
227.41	212.54
218.18	259.28
201.75	249.55
201.55	256.51
272.23	185.48
226.47	223.46
236.45	203.8
207.77	234.49
249.66	199.08
205.37	260.1
214.17	260.65
251.65	172.59
246.08	192.3
202.26	296.07
273.8	174.97
218.54	224.44
194.34	253.81
209.51	256.26
246.08	207.86
257.6	196.88
191.43	239.42
178.86	250.84
183.87	285.71
186.76	259.98
193.6	254.61
183.15	239.85
185.1	226.25
185.54	248.6
186.02	271.86
181.09	263.6
181.94	238.16
190.27	258.96
193.87	248.59
183.39	298.81
196.77	239.63
205.59	233.88
192.33	259.87
215.18	270.91
183.41	244.61
183.26	246.44
185.83	249.62
190.31	295.32
191.01	255.4
189.77	281.72
183.91	291.73
196.24	250.45
182.94	293.51
191.08	258.73
190.54	237.29
186.63	268.64
188.35	254.02
183.61	270.51
190.07	217.88
179.62	306.45
181.73	277.02
187.38	257.52
187.29	266.08
187.24	298.48
181.42	256.07
178.55	295.65
186.76	250.6
187.23	257.43
185.25	246.93
188.04	266.94
224.78	186.12
191.52	287.31
185.51	290.13
186.42	267.23
190.76	244.38
198.77	251.47
193.87	266.22
217.92	233.87
201.15	215.82
255.44	166.26
216.54	200.51
222.42	190.88
210.44	220.29
199.35	238.47
203.12	247.86
239.78	177.07
213.75	212.02
189.38	241.99
235.31	213.04
205.8	215.52
282.19	153.28
227.61	188.65
243.96	228.43
230.84	196.34
280.95	150.45
255.87	174.54
204.73	265.65
210.99	237.71
274.4	146.36
223.59	204.05
264.87	154.72
250.51	162.83
231.86	183.34
246.08	164.54
240.56	190.12
197.42	216.91
251.17	182.5
219.92	206.74
225.46	167.75
206.57	215.33
258.27	152.61
239.13	183.62
219.15	175.61
250.44	220.85
254.78	170.63
230.01	205.07
265.45	168.56
215.37	206.88
236.75	186.08
202.57	226.73
223.12	200.6
212.4	237.31
267.3	175.40
260.32	154.93
238.36	170.93
234.53	194.54
242.71	202.19
227.75	172.99
185.28	243.29
170.24	255.69
180.34	260.21
178.83	234.23
176.95	258.77
166.54	255.22
169.16	252.12
173.19	253.66
180.39	278.49
176.00	249.39
170.41	243.43
184.5	247.64
172.55	255.76
175.98	264.22
164.75	295.89
195.41	206.74
174.89	276.68
180.22	283.87
181.68	268.88
180.43	249.17
179.20	249.29
182.43	270.52
170.86	254.58
174.28	268.13
179.41	275.75
165.96	283.17
172.27	296.07
178.50	273.14
168.38	274.34
172.10	270.93
173.45	267.16
175.40	275.41
177.80	263.35
180.56	288.31
176.02	272.08
171.22	268.81
179.50	263.94
176.26	261.93
185.51	249.41
184.14	263.38
171.47	258.88
170.15	246.01
168.59	247.82
175.87	240.21
186.2	239.78
170.56	295.94
183.65	272.75
176.61	313.28
159.79	283.86
179.11	270.78
169.41	294.74
196.55	240.46
187.68	264.41
174.69	235.78
177.98	237.74
181.08	255.22
181.14	274.53
182.11	249.4
191.64	265.54
195.68	218.02
182.47	233.48
172.65	244.26
186.51	243.49
178.22	264.38
191	255.41
181.1	275.59
184.62	276.35
176.73	288.34
187.5	240.01
182.45	284.51
181.76	243.46
181.57	251.79
174.50	266.39
170.04	256.44
173.81	235.65
184.57	272.96
187.86	304.98
198.96	232.96
174.51	292.18
175.59	282.56
178.91	294.07
178.80	259.1
187.18	268.97
180.69	248.97
189.58	249.18
187.55	226.35
179.28	245.05
188.24	285.98
180.89	270.97
188.72	271.09
179.71	255.07
177.77	281.25
178.91	254.1
177.67	245.53
181.85	241.65
180.49	272.11
192.53	269.11
172.89	262.53
208.71	189.34
183.77	301.42
185.72	268.69
174.41	305.95
216.27	223.41
201.58	199.33
197.89	229.72
184.47	231.81
204.92	203.98
210.6	210
193.73	226.83
216.35	187.12
195.83	225.56
188.99	227.96
185.36	211.89
212.22	209.59
218.67	203.92
199.97	242.32
220.75	187.82
215.34	201.34
227.97	208.34
216.22	210.75
228.59	191.76
200.54	201.01
206.06	229.34
211.29	193.35
201.53	206.08
204.64	214.31
226.48	194.93
254.56	199.35
213.87	269.17
225.77	198.93
210.93	214.56
217.71	208.14
232.44	191.55
218.94	197.72
197.54	202.5
208.74	207.48
204	242.28
200.22	259.73
229.2	191.65
225.86	196.14
211.86	219.18
207.61	198.71
216.66	183.42
196.67	214.42
193.97	232.09
196.86	212.16
213.06	212.07
234.24	207.02
211.51	261.23
207.5	240.88
255.46	184.38
205.74	227.6
208.89	199.94
202.69	239.69
207.52	237.84
202.16	240.56
202.39	238.41
202.06	240.63
199.42	241.58
201.93	239.07
202.26	239.54
200.02	239.06
201.73	240.51
202.29	240.56
205.06	239.38
204.16	242.75
203.8	237.55
200.67	239.48
202.63	236.5
208.02	236.01
199.83	239.95
202.32	241.15
199.46	245.58
199.82	243.49
202.7	238.85
203.5	237.97
197.25	240.67
201.32	242.06
203.24	240.31
203.15	239.56
200.1	240.41
202.31	235.49
203.48	237.88
201.54	236.71
204.46	241.36
202.29	237.76
202.88	236.96
200.56	239.95
201.15	242.59
205.09	238.67
198.96	240.95
200.46	242.08
199.19	242.02
198.58	242.81
201.5	239.44
205.45	234.95
201.31	242.61
201.72	240.15
202.19	238.55
200.43	241.38
201.72	238.87
202.27	237.17
199.51	240.81
201.69	237.59
NaN	NaN
NaN	NaN
NaN	NaN
NaN	NaN
NaN	NaN
NaN	NaN
NaN	NaN
NaN	NaN
NaN	NaN
NaN	NaN
NaN	NaN
332.59	NaN
NaN	NaN
NaN	NaN
NaN	NaN
NaN	NaN
NaN	NaN
311.06	NaN
NaN	NaN
NaN	NaN
NaN	NaN
NaN	NaN
307.96	NaN
NaN	NaN
NaN	NaN
NaN	NaN
NaN	NaN
NaN	NaN
NaN	NaN
NaN	NaN
NaN	NaN
NaN	NaN
NaN	NaN
NaN	NaN
NaN	NaN
NaN	NaN
NaN	NaN
NaN	NaN
NaN	NaN
NaN	NaN
NaN	NaN
NaN	NaN
NaN	NaN
NaN	NaN
NaN	NaN
NaN	NaN
NaN	NaN
NaN	NaN
NaN	NaN
NaN	NaN
NaN	NaN
237.52	203.46
240.82	206.3
249.31	206.79
253	193.49
250.16	198.5
230.37	208.14
251.63	191.01
241.86	200.9
247.37	201.5
237.63	202.3
279.76	171.22
227.19	213.35
240.54	203.39
241.6	204.1
248.67	201.02
235.96	206.8
244.19	202.16
249.21	198.14
240.24	199.98
241.89	198.44
238.6	205.15
249.79	195.96
245.85	201.84
229.12	214.24
241.08	206.35
240.57	206.13
238.69	203.59
218.21	219.34
235.66	203.34
245.68	202.58
247.87	199.69
249.07	200.06
236	210.08
234.18	204.88
237.82	204.79
244.73	198.05
249.73	200.44
253.8	198.02
233.92	206.86
237.53	201.49
246.67	197.98
249.17	194.37
246.73	199.97
240.52	207.38
243	200.88
238.64	202.17
245.71	201.1
231.53	212.4
227.07	211.35
240.97	201.62
245.69	201.81
180.68	252.13
181.7	255.25
179.41	256.68
177.71	256.38
182.95	253.74
181.41	246.18
177.89	250.68
181.94	250.7
180.26	250.72
182.51	249.35
175.77	261.17
180.37	249.97
179.62	253.14
179.78	251.92
178.45	254.26
177.81	252.4
183.37	253.28
180.11	259.56
181.73	254.63
177.48	247.8
179.13	253.9
179.77	253.04
180.37	258.83
177.73	250.05
179.94	259.41
181	254.15
180.77	253.21
176.87	242.16
177.57	246.54
182.05	255.22
181.84	261.98
180.64	258.66
179.62	254.35
180.27	251.22
179.09	249
179.65	253.26
177.73	253.85
177.78	256.59
182.15	249.74
181.2	248.96
176.67	248.4
181.24	249.89
180.28	252.62
180.71	252.53
179.93	252.48
181.01	250.54
179.72	258.55
182.48	252.07
180.66	249.76
179.07	249.86
177.67	252.81
200.89	262.98
206.07	260.56
204.32	262.27
203.79	258.81
200.41	260.72
200	262.89
201.24	262.7
199.25	258.84
200.42	261.02
200.13	263.67
225.75	235.13
200.71	262.47
205.37	261.37
203.04	263.38
205.98	261.06
206.89	256.46
202.97	262.84
208.7	254.88
203.57	262.04
197.64	265.66
201.82	264.05
200.51	262.5
212.01	253.03
203.96	259.37
206.11	260.01
203.72	262.98
205.91	259.03
197.33	268.73
203.99	256.73
203.1	263.22
203.35	259.39
205.79	259.21
204.01	262.97
199.76	264.56
205.61	262.72
205.5	264.91
207.25	259.39
211.14	255.46
197.08	264.94
203.23	263.54
202.7	261.66
198.83	261.93
204.9	260.7
200.77	267.34
200.34	266.15
201.97	266.77
204.67	261.52
203.52	265.27
201.79	263.94
199.42	264.3
207.36	259.26
233.05	225.75
240.73	218.47
240.45	222.5
247.22	221.48
230.76	230.3
236.67	222.31
238.08	224.21
229.43	232.72
229.59	229.65
232.9	233.38
240.96	213.88
228.66	229.1
237.48	223.13
234.08	225.78
232.31	228.4
233.57	226.83
238.59	224.84
231.13	228.96
237.03	223.28
236.46	220.06
231.84	226.54
232.3	227.67
245.19	222.68
229.6	236.57
236.6	229.06
240.74	229.59
234.09	227.85
239.06	223.56
234.11	225.07
239.92	226.39
225.28	232.93
238.77	224.38
235.79	219.62
229.9	229.36
239.6	229.42
243.5	220.43
246.36	221.38
238.53	222.25
232.92	229.34
233.97	227.55
238.63	221.69
233.38	226.59
236.07	229.73
238.27	228.96
233.71	222.31
238.96	223.62
241.39	215.26
237.91	224.35
229.35	228.39
230.54	228.4
242.45	220.47
219.94	240.86
218.61	247.69
235.94	231.54
257.49	210.31
233.83	222.79
219.31	243.17
222.55	243.37
232.23	222.46
219.18	242.68
227.29	235.26
209.24	255.15
229.62	241.88
219.54	246.54
224.5	245.53
214.69	252.79
203.89	266.37
224.41	238.74
235.77	225.08
219.95	243.58
210.33	251.83
213.93	252.6
230.79	232.78
237.99	232.62
206.94	265.57
221.66	243.72
232.49	234.61
216.16	249.25
216.74	255.41
216.16	254.14
254.02	211.05
236.33	228.16
232.59	234.91
206.22	263.06
232.16	231.97
234.64	237.93
221.04	247.13
221.84	246.78
231.01	239.42
220.84	238.39
224.92	240.82
213.54	249.06
232.23	225.47
241.81	227.47
219.56	247.62
220.56	248.05
209.19	260.41
228.66	238.54
207.62	260.43
228.17	241.29
217.01	246.43
227.03	240.2
174.92	261.91
182.53	249.94
181.64	245.07
179.49	247.75
180.08	242.1
181.95	254.32
175.80	247.81
173.86	245.15
175.17	262.06
176.21	255.23
175.20	256.25
178.06	254.84
181.92	251.08
175.87	252.61
181.33	254.79
175.16	261.34
182.19	247.42
178.30	251.44
178.25	252.82
176.12	257.83
177.23	256.79
184.43	250.57
177.20	252.65
175.80	267.86
174.46	258.61
176.76	260.59
177.55	259.94
168.76	271.18
176.58	257.27
181.64	248.44
180.08	244.28
181.84	248.37
169.55	275.47
175.47	252.57
175.90	260.55
175.40	257.81
173.83	260.37
177.56	248.88
174.04	261.33
174.84	252.28
178.13	264.57
180.49	246.2
172.30	259.19
177.92	258.54
176.33	253.29
178.57	256.38
177.77	252.15
177.59	263.36
173.89	259.75
178.69	254.54
173.56	264.3
230.8	210.67
223.13	204.82
209.45	245.39
197.07	286.55
207.05	235.01
224.38	193.36
211.52	253.66
207.14	214.13
235.64	212.09
211.62	219.83
203.09	266.86
215.05	192.62
224.01	212.62
206.56	238.55
230.71	218.21
226.26	202.89
220.95	221.04
222.9	244.42
226.95	219.78
234.12	212.94
230.51	221.35
205.72	231.39
207.3	233.26
213.15	189.01
240.04	225.13
220.64	212.01
229.45	219.44
205.64	202
203.62	200.65
201.71	240.77
203.4	255.36
215.7	246.53
259.49	191.53
213.7	209.34
214.4	230.17
228.09	237.06
229.02	239.7
198.89	261.35
232.39	198.46
207.67	224.37
245.04	200.48
205.57	224.62
210.56	248.4
230.79	219.06
217.7	233.82
239.01	214.51
208.8	246.86
233.97	188.44
209.85	208.82
217.62	214.74
226.11	255.91
192.34	260.26
185.11	289.18
180.96	270
192.15	221.83
172.54	314.03
187.6	266.19
178.92	248.16
174.44	317.66
170.74	335.71
180.56	307.34
168.58	333.79
186.61	274.63
187.25	282.22
187.07	264.24
172.76	336.11
189.22	292.67
179.53	273.39
180.81	310.12
182.35	304.94
184.48	263.1
189.92	268.01
185.29	290.4
173.76	340.48
198.52	311.78
196.34	278.62
177.10	313.23
191.82	298.79
195.3	280.19
187.27	278.57
180.5	295.36
182.88	270.6
171.29	321.35
183.78	310.88
186.55	262.92
185.24	281.58
188.14	276.29
177.95	313.33
179.91	292.55
182.1	299.58
186.67	279.88
177.60	324.19
179.38	277.81
177.22	324.48
182.65	281.51
180.16	276.04
188.05	252.91
185.88	268.39
187.95	276.72
186.4	264.83
184.8	288.04
200.4	293.97
219.65	224.39
191.64	269.88
210.04	210.91
202.38	244.18
259.47	167.49
215.76	223.25
199.22	261.56
264.29	136.80
267.12	140.10
261.66	155.76
NaN	NaN
196.2	264.09
214.91	218.89
201.57	257.83
270.81	182.13
185.47	289.28
217.8	198.84
236.31	221.93
246.42	187.6
204.32	263.59
200.32	254.59
244.84	177.58
271.09	155.52
238.75	194.35
193.29	254.8
253.75	153.71
244.52	202.32
236.28	181.09
162.92	341.18
241.99	174.36
193.93	262.57
291.93	132.43
194.16	273.23
209.17	226.27
234.42	170.20
230.44	181.32
244.86	165.62
213.41	221.36
237.54	169.71
229.14	180.53
254.18	146.11
236.26	187.9
273.8	148.11
224.64	172.75
208.74	230.1
204.39	255.91
203.06	224.76
216.86	193.93
193.64	276.43
229.24	208.41
273.26	145.88
184.3	251.31
184.16	254.26
181.65	251.84
185.03	251.44
181.67	250.55
184.73	247.61
182.98	251.75
187.52	248.44
185.05	248.92
186.47	247.74
182.87	249.54
183.3	249.38
183.73	251.38
183.66	251.44
183.31	250.21
184.62	248.41
184.6	250.43
185	249.36
183.24	249.95
182.43	255.24
184.45	249.1
185.05	247.26
182.22	250.86
184.85	246.89
185.24	251.87
183.56	245.48
186.93	246.08
185.01	246.97
183.57	249.35
182.93	250.75
182.89	248.7
184.29	252.94
184.73	247.8
184.84	250.25
186.08	250.63
184.2	253.45
183.2	250.06
182.11	249.66
185.11	250.61
181.49	250.85
184.3	246.84
182.53	253.36
185.86	249.45
183.49	250.06
186.21	251.66
182.11	253.62
184.19	250.7
183.88	250.28
184.75	250.09
184.29	247.49
183.36	247.88
