1 3.43
2 3.43
3 3.54
4 3.54
5 2.53
6 2.53
7 4.85
8 4.85
9 3.29
10 3.29
11 2.36
12 2.36
13 4.59
14 4.59
15 3.92
16 3.92
17 5.10
18 5.10
19 2.49
20 2.49
21 3.09
22 3.09
23 4.83
24 4.83
25 3.06
26 3.06
27 2.45
28 2.45
29 2.25
30 2.25
31 4.27
32 4.27
33 2.55
34 2.55
35 2.28
36 2.28
37 2.87
38 2.87
39 2.82
40 2.82
41 2.25
42 2.25
43 4.26
44 4.26
45 4.77
46 4.77
47 2.71
48 2.71
49 2.97
50 2.97
51 3.86
52 3.86
53 5.17
54 5.17
55 2.12
56 2.12
57 1.97
58 1.97
59 4.08
60 4.08
61 2.89
62 2.89
63 2.16
64 2.16
65 2.81
66 2.81
67 2.66
68 2.66
69 3.96
70 3.96
71 5.27
72 5.27
73 2.47
74 2.47
75 3.88
76 3.88
77 2.33
78 2.33
79 4.01
80 4.01
81 3.18
82 3.18
83 4.90
84 4.90
85 4.37
86 4.37
87 3.96
88 3.96
89 3.12
90 3.12
91 1.33
92 1.33
93 4.34
94 4.34
95 4.63
96 4.63
97 3.71
98 3.71
99 5.10
100 5.10
101 3.82
102 3.82
