1 0.40
2 0.40
3 0.38
4 0.38
5 0.39
6 0.39
7 0.37
8 0.37
9 0.39
10 0.39
11 0.35
12 0.35
13 0.36
14 0.36
15 0.38
16 0.38
17 0.38
18 0.38
19 0.36
20 0.36
21 0.38
22 0.38
23 0.36
24 0.36
25 0.38
26 0.38
27 0.37
28 0.37
29 0.32
30 0.32
31 0.38
32 0.38
33 0.37
34 0.37
35 0.40
36 0.40
37 0.38
38 0.38
39 0.40
40 0.40
41 0.41
42 0.41
43 0.42
44 0.42
45 0.35
46 0.35
47 0.41
48 0.41
49 0.37
50 0.37
51 0.36
52 0.36
53 0.38
54 0.38
55 0.43
56 0.43
57 0.37
58 0.37
59 0.40
60 0.40
61 0.38
62 0.38
63 0.37
64 0.37
65 0.35
66 0.35
67 0.40
68 0.40
69 0.40
70 0.40
71 0.35
72 0.35
73 0.37
74 0.37
75 0.39
76 0.39
77 0.40
78 0.40
79 0.45
80 0.45
81 0.38
82 0.38
83 0.38
84 0.38
85 0.43
86 0.43
87 0.42
88 0.42
89 0.34
90 0.34
91 0.38
92 0.38
93 0.37
94 0.37
95 0.39
96 0.39
97 0.40
98 0.40
99 0.40
100 0.40
101 0.37
102 0.37
