DG-1   248.26 175.72 72.54
DA-2   184.83 171.86 12.97
DT-3   182.75 185.78 -3.03
DT-4   149.65 185.78 -36.13
DA-5    60.38 171.86 -111.48
DC-6    80.11 176.41 -96.3
DA-7   148.29 171.86 -23.57
DT-8   142.61 185.78 -43.17
DA-9   172.61 171.86 0.75
DC-10   182.14 176.41 5.72999999999999
DA-11   168.07 171.86 -3.79000000000002
DT-12   152.51 185.78 -33.27
DA-13   114.67 171.86 -57.19
DC-14   186.43 176.41 10.02
DA-15   201.32 171.86 29.46
DG-16   189.70 175.72 13.98
DA-17   175.89 171.86 4.02999999999997
DT-18   171.20 185.78 -14.58
DT-19   175.69 185.78 -10.09
DA-20   156.30 171.86 -15.56
DC-21   197.77 176.41 21.36
DA-22   187.19 171.86 15.33
DT-23   203.65 185.78 17.87
DA-24   170.07 171.86 -1.79000000000002
DC-25   187.48 176.41 11.07
DA-26   185.44 171.86 13.58
DT-27   184.90 185.78 -0.879999999999995
DA-28   153.76 171.86 -18.1
DC-29   175.70 176.41 -0.710000000000008
DA-30   187.46 171.86 15.6
DG-31   216.30 175.72 40.58
DA-32   114.46 171.86 -57.4
DT-33   124.67 185.78 -61.11
DT-34    95.60 185.78 -90.18
DA-35    47.08 171.86 -124.78
DC-36   146.57 176.41 -29.84
DA-37   142.47 171.86 -29.39
DT-38   206.33 185.78 20.55
DA-39   160.78 171.86 -11.08
DC-40   179.75 176.41 3.34
DA-41   180.72 171.86 8.85999999999999
DT-42   194.34 185.78 8.56
DA-43   169.66 171.86 -2.20000000000002
DC-44   172.96 176.41 -3.44999999999999
DA-45   178.82 171.86 6.95999999999998
DG-46   174.79 175.72 -0.930000000000007
DA-47   155.23 171.86 -16.63
DT-48   186.34 185.78 0.560000000000002
DT-49   188.01 185.78 2.22999999999999
DA-50   202.42 171.86 30.56
DC-51   199.40 176.41 22.99
DA-52   192.10 171.86 20.24
DT-53   199.20 185.78 13.42
DA-54   171.30 171.86 -0.560000000000002
DC-55   187.44 176.41 11.03
DA-56   183.44 171.86 11.58
DT-57   204.11 185.78 18.33
DA-58   177.12 171.86 5.25999999999999
DC-59   178.93 176.41 2.52000000000001
DA-60   142.64 171.86 -29.22
DG-61    51.12 175.72 -124.6
DA-62    92.75 171.86 -79.11
DT-63   128.53 185.78 -57.25
DT-64   164.06 185.78 -21.72
DA-65   168.97 171.86 -2.89000000000001
DC-66   178.69 176.41 2.28
DA-67   179.13 171.86 7.26999999999998
DT-68   186.47 185.78 0.689999999999998
DA-69   153.06 171.86 -18.8
DC-70   159.17 176.41 -17.24
DA-71   208.00 171.86 36.14
DT-72   196.74 185.78 10.96
DA-73   172.71 171.86 0.849999999999994
DC-74   194.04 176.41 17.63
DA-75   192.52 171.86 20.66
DG-76   188.49 175.72 12.77
DA-77   182.73 171.86 10.87
DT-78   193.39 185.78 7.60999999999999
DT-79   198.03 185.78 12.25
DA-80   181.68 171.86 9.81999999999999
DC-81   275.20 176.41 98.79
DA-82   148.81 171.86 -23.05
DT-83   140.86 185.78 -44.92
DA-84    93.05 171.86 -78.81
DC-85    94.83 176.41 -81.58
DA-86    61.34 171.86 -110.52
DT-87   176.62 185.78 -9.16
DA-88   173.71 171.86 1.84999999999999
DC-89   179.12 176.41 2.71000000000001
DA-90   308.22 171.86 136.36
DT-91   231.82 185.78 46.04
DG-92   169.94 175.72 -5.78
DT-93   193.51 185.78 7.72999999999999
DA-94   166.54 171.86 -5.32000000000002
DT-95   182.50 185.78 -3.28
DG-96   151.91 175.72 -23.81
DT-97   120.96 185.78 -64.82
DA-98    32.95 171.86 -138.91
DT-99   122.16 185.78 -63.62
DG-100   124.91 175.72 -50.81
DT-101   161.09 185.78 -24.69
DA-102   184.15 171.86 12.29
DA-103   178.46 171.86 6.59999999999999
DT-104   185.82 185.78 0.039999999999992
DC-105   170.20 176.41 -6.21000000000001
DT-106   193.71 185.78 7.93000000000001
DG-107   175.85 175.72 0.129999999999995
DT-108   197.83 185.78 12.05
DA-109   186.57 171.86 14.71
DT-110   182.52 185.78 -3.25999999999999
DG-111   186.67 175.72 10.95
DT-112   187.88 185.78 2.09999999999999
DA-113   178.77 171.86 6.91
DT-114   121.68 185.78 -64.1
DG-115    50.70 175.72 -125.02
DT-116    66.54 185.78 -119.24
DA-117   152.30 171.86 -19.56
DA-118   166.51 171.86 -5.35000000000002
DT-119   175.46 185.78 -10.32
DC-120   155.99 176.41 -20.42
DT-121   204.39 185.78 18.61
DG-122   174.93 175.72 -0.789999999999992
DT-123   189.16 185.78 3.38
DA-124   189.53 171.86 17.67
DT-125   185.03 185.78 -0.75
DG-126   168.66 175.72 -7.06
DT-127   187.83 185.78 2.05000000000001
DA-128   178.53 171.86 6.66999999999999
DT-129   191.23 185.78 5.44999999999999
DG-130   141.10 175.72 -34.62
DT-131   150.23 185.78 -35.55
DA-132   195.91 171.86 24.05
DA-133   170.88 171.86 -0.980000000000018
DT-134   172.73 185.78 -13.05
DC-135   170.25 176.41 -6.16
DT-136   193.61 185.78 7.83000000000001
DG-137   172.61 175.72 -3.10999999999999
DT-138   195.21 185.78 9.43000000000001
DA-139   187.96 171.86 16.1
DT-140   204.24 185.78 18.46
DG-141   173.81 175.72 -1.91
DT-142   199.39 185.78 13.61
DA-143   185.13 171.86 13.27
DT-144   187.78 185.78 2
DG-145   157.61 175.72 -18.11
DT-146   174.33 185.78 -11.45
DA-147   165.69 171.86 -6.17000000000002
DA-148    95.77 171.86 -76.09
DT-149    70.21 185.78 -115.57
DC-150    45.49 176.41 -130.92
DT-151   162.15 185.78 -23.63
DG-152   104.23 175.72 -71.49
DT-153   178.77 185.78 -7.00999999999999
DA-154   165.43 171.86 -6.43000000000001
DT-155   200.00 185.78 14.22
DG-156   177.32 175.72 1.59999999999999
DT-157   183.79 185.78 -1.99000000000001
DA-158   168.10 171.86 -3.76000000000002
DT-159   206.52 185.78 20.74
DG-160   174.34 175.72 -1.38
DT-161   190.22 185.78 4.44
DA-162   169.71 171.86 -2.15000000000001
DA-163   163.47 171.86 -8.39000000000001
DT-164   162.56 185.78 -23.22
DC-165   182.73 176.41 6.31999999999999
DT-166   188.96 185.78 3.18000000000001
DG-167   163.51 175.72 -12.21
DT-168   189.88 185.78 4.09999999999999
DA-169   132.89 171.86 -38.97
DT-170    96.08 185.78 -89.7
DG-171    20.28 175.72 -155.44
DT-172    60.80 185.78 -124.98
DA-173   154.16 171.86 -17.7
DT-174   172.14 185.78 -13.64
DG-175   163.68 175.72 -12.04
DT-176   181.29 185.78 -4.49000000000001
DA-177   169.90 171.86 -1.96000000000001
DA-178   180.76 171.86 8.89999999999998
DT-179   188.23 185.78 2.44999999999999
DC-180   276.10 176.41 99.69
