DG-1   240.04 175.72 64.32
DA-2   179.75 171.86 7.88999999999999
DT-3   163.96 185.78 -21.82
DT-4   149.37 185.78 -36.41
DA-5    59.28 171.86 -112.58
DC-6    79.57 176.41 -96.84
DA-7   152.50 171.86 -19.36
DT-8   140.92 185.78 -44.86
DA-9   168.78 171.86 -3.08000000000001
DC-10   182.43 176.41 6.02000000000001
DA-11   169.39 171.86 -2.47000000000003
DT-12   149.94 185.78 -35.84
DA-13   119.79 171.86 -52.07
DC-14   189.36 176.41 12.95
DA-15   196.56 171.86 24.7
DG-16   183.34 175.72 7.62
DA-17   172.82 171.86 0.95999999999998
DT-18   185.84 185.78 0.0600000000000023
DT-19   193.50 185.78 7.72
DA-20   184.52 171.86 12.66
DC-21   178.48 176.41 2.06999999999999
DA-22   191.96 171.86 20.1
DT-23   191.66 185.78 5.88
DA-24   184.77 171.86 12.91
DC-25   188.80 176.41 12.39
DA-26   196.89 171.86 25.03
DT-27   207.88 185.78 22.1
DA-28   180.27 171.86 8.41
DC-29   194.72 176.41 18.31
DA-30   195.36 171.86 23.5
DG-31   213.09 175.72 37.37
DA-32   105.29 171.86 -66.57
DT-33   123.24 185.78 -62.54
DT-34   100.07 185.78 -85.71
DA-35    49.18 171.86 -122.68
DC-36   149.65 176.41 -26.76
DA-37   170.60 171.86 -1.26000000000002
DT-38   191.20 185.78 5.41999999999999
DA-39   163.28 171.86 -8.58000000000001
DC-40   186.63 176.41 10.22
DA-41   187.91 171.86 16.05
DT-42   196.67 185.78 10.89
DA-43   180.38 171.86 8.51999999999998
DC-44   189.90 176.41 13.49
DA-45   198.57 171.86 26.71
DG-46   189.95 175.72 14.23
DA-47   196.94 171.86 25.08
DT-48   180.13 185.78 -5.65000000000001
DT-49   195.49 185.78 9.71000000000001
DA-50   199.45 171.86 27.59
DC-51   186.60 176.41 10.19
DA-52   184.16 171.86 12.3
DT-53   196.07 185.78 10.29
DA-54   181.63 171.86 9.76999999999998
DC-55   170.44 176.41 -5.97
DA-56   181.76 171.86 9.89999999999998
DT-57   187.00 185.78 1.22
DA-58   150.88 171.86 -20.98
DC-59   168.80 176.41 -7.60999999999999
DA-60   123.33 171.86 -48.53
DG-61    50.48 175.72 -125.24
DA-62    93.87 171.86 -77.99
DT-63   129.86 185.78 -55.92
DT-64   162.34 185.78 -23.44
DA-65   170.80 171.86 -1.06
DC-66   178.60 176.41 2.19
DA-67   180.21 171.86 8.34999999999999
DT-68   184.37 185.78 -1.41
DA-69   156.84 171.86 -15.02
DC-70   189.37 176.41 12.96
DA-71   187.28 171.86 15.42
DT-72   197.66 185.78 11.88
DA-73   175.36 171.86 3.5
DC-74   192.79 176.41 16.38
DA-75   171.78 171.86 -0.0800000000000125
DG-76   181.18 175.72 5.46000000000001
DA-77   185.17 171.86 13.31
DT-78   184.53 185.78 -1.25
DT-79   195.99 185.78 10.21
DA-80   164.23 171.86 -7.63000000000002
DC-81   261.51 176.41 85.1
DA-82   147.44 171.86 -24.42
DT-83   145.27 185.78 -40.51
DA-84    92.95 171.86 -78.91
DC-85    96.73 176.41 -79.68
DA-86    57.67 171.86 -114.19
DT-87   170.31 185.78 -15.47
DA-88   153.92 171.86 -17.94
DC-89   182.09 176.41 5.68000000000001
DA-90   304.65 171.86 132.79
DT-91   248.65 185.78 62.87
DG-92   175.69 175.72 -0.0300000000000011
DT-93   192.74 185.78 6.96000000000001
DA-94   182.05 171.86 10.19
DT-95   188.26 185.78 2.47999999999999
DG-96   156.95 175.72 -18.77
DT-97   125.60 185.78 -60.18
DA-98    36.37 171.86 -135.49
DT-99   118.37 185.78 -67.41
DG-100   118.15 175.72 -57.57
DT-101   134.29 185.78 -51.49
DA-102   178.25 171.86 6.38999999999999
DA-103   167.59 171.86 -4.27000000000001
DT-104   166.00 185.78 -19.78
DC-105   170.00 176.41 -6.41
DT-106   189.13 185.78 3.34999999999999
DG-107   200.27 175.72 24.55
DT-108   213.28 185.78 27.5
DA-109   196.81 171.86 24.95
DT-110   205.70 185.78 19.92
DG-111   178.96 175.72 3.24000000000001
DT-112   195.00 185.78 9.22
DA-113   185.83 171.86 13.97
DT-114   123.03 185.78 -62.75
DG-115    50.20 175.72 -125.52
DT-116    67.71 185.78 -118.07
DA-117   152.46 171.86 -19.4
DA-118   167.58 171.86 -4.28
DT-119   175.42 185.78 -10.36
DC-120   145.23 176.41 -31.18
DT-121   205.79 185.78 20.01
DG-122   171.70 175.72 -4.02000000000001
DT-123   200.92 185.78 15.14
DA-124   168.73 171.86 -3.13000000000002
DT-125   195.39 185.78 9.60999999999999
DG-126   176.64 175.72 0.919999999999987
DT-127   187.12 185.78 1.34
DA-128   166.21 171.86 -5.65000000000001
DT-129   180.27 185.78 -5.50999999999999
DG-130   154.96 175.72 -20.76
DT-131   196.41 185.78 10.63
DA-132   187.63 171.86 15.77
DA-133   172.58 171.86 0.719999999999999
DT-134   171.37 185.78 -14.41
DC-135   179.80 176.41 3.39000000000001
DT-136   177.91 185.78 -7.87
DG-137   182.00 175.72 6.28
DT-138   186.25 185.78 0.469999999999999
DA-139   181.16 171.86 9.29999999999998
DT-140   231.77 185.78 45.99
DG-141   177.91 175.72 2.19
DT-142   188.72 185.78 2.94
DA-143   165.66 171.86 -6.20000000000002
DT-144   176.76 185.78 -9.02000000000001
DG-145   161.98 175.72 -13.74
DT-146   174.03 185.78 -11.75
DA-147   163.20 171.86 -8.66000000000003
DA-148    94.57 171.86 -77.29
DT-149    70.09 185.78 -115.69
DC-150    46.18 176.41 -130.23
DT-151   163.15 185.78 -22.63
DG-152   118.23 175.72 -57.49
DT-153   179.50 185.78 -6.28
DA-154   184.59 171.86 12.73
DT-155   177.97 185.78 -7.81
DG-156   175.15 175.72 -0.569999999999993
DT-157   196.77 185.78 10.99
DA-158   174.68 171.86 2.81999999999999
DT-159   188.44 185.78 2.66
DG-160   151.31 175.72 -24.41
DT-161   182.66 185.78 -3.12
DA-162   174.47 171.86 2.60999999999999
DA-163   161.55 171.86 -10.31
DT-164   162.74 185.78 -23.04
DC-165   174.65 176.41 -1.75999999999999
DT-166   191.56 185.78 5.78
DG-167   173.91 175.72 -1.81
DT-168   192.18 185.78 6.40000000000001
DA-169   125.69 171.86 -46.17
DT-170    96.64 185.78 -89.14
DG-171    22.57 175.72 -153.15
DT-172    62.82 185.78 -122.96
DA-173   158.88 171.86 -12.98
DT-174   179.76 185.78 -6.02000000000001
DG-175   164.19 175.72 -11.53
DT-176   187.85 185.78 2.06999999999999
DA-177   175.71 171.86 3.84999999999999
DA-178   171.25 171.86 -0.610000000000014
DT-179   164.40 185.78 -21.38
DC-180   270.10 176.41 93.69
