DG-1   245.24 175.72 69.52
DA-2   178.01 171.86 6.14999999999998
DT-3   176.87 185.78 -8.91
DT-4   147.24 185.78 -38.54
DA-5    59.06 171.86 -112.8
DC-6    78.53 176.41 -97.88
DA-7   148.93 171.86 -22.93
DT-8   142.79 185.78 -42.99
DA-9   171.25 171.86 -0.610000000000014
DC-10   184.21 176.41 7.80000000000001
DA-11   172.00 171.86 0.139999999999986
DT-12   150.34 185.78 -35.44
DA-13   113.27 171.86 -58.59
DC-14   191.17 176.41 14.76
DA-15   203.70 171.86 31.84
DG-16   197.10 175.72 21.38
DA-17   168.23 171.86 -3.63000000000002
DT-18   169.96 185.78 -15.82
DT-19   182.77 185.78 -3.00999999999999
DA-20   169.28 171.86 -2.58000000000001
DC-21   212.69 176.41 36.28
DA-22   176.74 171.86 4.88
DT-23   204.02 185.78 18.24
DA-24   168.74 171.86 -3.12
DC-25   189.99 176.41 13.58
DA-26   192.15 171.86 20.29
DT-27   192.88 185.78 7.09999999999999
DA-28   172.02 171.86 0.159999999999997
DC-29   179.05 176.41 2.64000000000001
DA-30   179.27 171.86 7.41
DG-31   203.06 175.72 27.34
DA-32   111.98 171.86 -59.88
DT-33   123.86 185.78 -61.92
DT-34   102.03 185.78 -83.75
DA-35    47.89 171.86 -123.97
DC-36   152.52 176.41 -23.89
DA-37   161.09 171.86 -10.77
DT-38   174.44 185.78 -11.34
DA-39   172.28 171.86 0.419999999999987
DC-40   188.55 176.41 12.14
DA-41   195.02 171.86 23.16
DT-42   192.16 185.78 6.38
DA-43   180.28 171.86 8.41999999999999
DC-44   188.37 176.41 11.96
DA-45   181.01 171.86 9.14999999999998
DG-46   191.19 175.72 15.47
DA-47   175.83 171.86 3.97
DT-48   187.41 185.78 1.63
DT-49   190.96 185.78 5.18000000000001
DA-50   205.60 171.86 33.74
DC-51   177.52 176.41 1.11000000000001
DA-52   171.28 171.86 -0.580000000000013
DT-53   186.01 185.78 0.22999999999999
DA-54   154.43 171.86 -17.43
DC-55   199.00 176.41 22.59
DA-56   171.07 171.86 -0.79000000000002
DT-57   174.70 185.78 -11.08
DA-58   181.36 171.86 9.5
DC-59   191.70 176.41 15.29
DA-60   116.30 171.86 -55.56
DG-61    46.18 175.72 -129.54
DA-62    95.74 171.86 -76.12
DT-63   129.62 185.78 -56.16
DT-64   163.73 185.78 -22.05
DA-65   168.57 171.86 -3.29000000000002
DC-66   177.45 176.41 1.03999999999999
DA-67   185.35 171.86 13.49
DT-68   194.25 185.78 8.47
DA-69   160.61 171.86 -11.25
DC-70   184.06 176.41 7.65000000000001
DA-71   197.93 171.86 26.07
DT-72   198.37 185.78 12.59
DA-73   160.20 171.86 -11.66
DC-74   192.70 176.41 16.29
DA-75   180.83 171.86 8.97
DG-76   188.96 175.72 13.24
DA-77   180.30 171.86 8.44
DT-78   184.12 185.78 -1.66
DT-79   184.62 185.78 -1.16
DA-80   150.46 171.86 -21.4
DC-81   264.76 176.41 88.35
DA-82   148.17 171.86 -23.69
DT-83   143.00 185.78 -42.78
DA-84    93.91 171.86 -77.95
DC-85    93.90 176.41 -82.51
DA-86    65.34 171.86 -106.52
DT-87   177.05 185.78 -8.72999999999999
DA-88   175.96 171.86 4.09999999999999
DC-89   184.86 176.41 8.45000000000002
DA-90   296.49 171.86 124.63
DT-91   220.88 185.78 35.1
DG-92   181.92 175.72 6.19999999999999
DT-93   193.34 185.78 7.56
DA-94   174.20 171.86 2.33999999999997
DT-95   186.46 185.78 0.680000000000007
DG-96   153.20 175.72 -22.52
DT-97   124.07 185.78 -61.71
DA-98    35.70 171.86 -136.16
DT-99   121.10 185.78 -64.68
DG-100   120.22 175.72 -55.5
DT-101   153.18 185.78 -32.6
DA-102   173.40 171.86 1.53999999999999
DA-103   162.82 171.86 -9.04000000000002
DT-104   182.34 185.78 -3.44
DC-105   166.61 176.41 -9.79999999999998
DT-106   190.71 185.78 4.93000000000001
DG-107   182.31 175.72 6.59
DT-108   199.57 185.78 13.79
DA-109   175.47 171.86 3.60999999999999
DT-110   193.19 185.78 7.41
DG-111   169.86 175.72 -5.85999999999999
DT-112   197.24 185.78 11.46
DA-113   198.28 171.86 26.42
DT-114   118.54 185.78 -67.24
DG-115    50.59 175.72 -125.13
DT-116    67.97 185.78 -117.81
DA-117   151.97 171.86 -19.89
DA-118   170.21 171.86 -1.65000000000001
DT-119   177.42 185.78 -8.36000000000001
DC-120   142.11 176.41 -34.3
DT-121   185.03 185.78 -0.75
DG-122   182.49 175.72 6.77000000000001
DT-123   186.07 185.78 0.289999999999992
DA-124   156.24 171.86 -15.62
DT-125   185.66 185.78 -0.120000000000005
DG-126   191.35 175.72 15.63
DT-127   199.33 185.78 13.55
DA-128   169.85 171.86 -2.01000000000002
DT-129   197.75 185.78 11.97
DG-130   138.86 175.72 -36.86
DT-131   181.65 185.78 -4.13
DA-132   190.36 171.86 18.5
DA-133   160.19 171.86 -11.67
DT-134   181.90 185.78 -3.88
DC-135   152.19 176.41 -24.22
DT-136   217.46 185.78 31.68
DG-137   196.51 175.72 20.79
DT-138   202.71 185.78 16.93
DA-139   172.51 171.86 0.649999999999977
DT-140   207.45 185.78 21.67
DG-141   182.75 175.72 7.03
DT-142   184.64 185.78 -1.14000000000001
DA-143   168.37 171.86 -3.49000000000001
DT-144   182.43 185.78 -3.34999999999999
DG-145   165.41 175.72 -10.31
DT-146   176.89 185.78 -8.89000000000001
DA-147   164.77 171.86 -7.09
DA-148    97.83 171.86 -74.03
DT-149    71.32 185.78 -114.46
DC-150    45.25 176.41 -131.16
DT-151   165.02 185.78 -20.76
DG-152   122.55 175.72 -53.17
DT-153   192.42 185.78 6.63999999999999
DA-154   172.59 171.86 0.72999999999999
DT-155   190.12 185.78 4.34
DG-156   168.82 175.72 -6.90000000000001
DT-157   190.60 185.78 4.81999999999999
DA-158   156.04 171.86 -15.82
DT-159   200.65 185.78 14.87
DG-160   164.99 175.72 -10.73
DT-161   193.50 185.78 7.72
DA-162   182.76 171.86 10.9
DA-163   171.99 171.86 0.129999999999995
DT-164   178.14 185.78 -7.64000000000001
DC-165   166.76 176.41 -9.65000000000001
DT-166   217.03 185.78 31.25
DG-167   176.89 175.72 1.16999999999999
DT-168   191.84 185.78 6.06
DA-169   120.96 171.86 -50.9
DT-170   100.09 185.78 -85.69
DG-171    22.17 175.72 -153.55
DT-172    64.12 185.78 -121.66
DA-173   157.99 171.86 -13.87
DT-174   174.99 185.78 -10.79
DG-175   165.17 175.72 -10.55
DT-176   183.49 185.78 -2.28999999999999
DA-177   173.79 171.86 1.92999999999998
DA-178   175.05 171.86 3.19
DT-179   181.25 185.78 -4.53
DC-180   282.15 176.41 105.74
