DG-1   242.09 175.72 66.37
DA-2   204.19 171.86 32.33
DT-3   174.90 185.78 -10.88
DT-4   144.33 185.78 -41.45
DA-5    58.47 171.86 -113.39
DC-6    80.05 176.41 -96.36
DA-7   153.40 171.86 -18.46
DT-8   142.52 185.78 -43.26
DA-9   172.11 171.86 0.25
DC-10   180.14 176.41 3.72999999999999
DA-11   172.15 171.86 0.289999999999992
DT-12   148.17 185.78 -37.61
DA-13   114.03 171.86 -57.83
DC-14   185.45 176.41 9.03999999999999
DA-15   192.55 171.86 20.69
DG-16   201.55 175.72 25.83
DA-17   171.57 171.86 -0.29000000000002
DT-18   190.37 185.78 4.59
DT-19   192.47 185.78 6.69
DA-20   202.20 171.86 30.34
DC-21   177.71 176.41 1.30000000000001
DA-22   172.48 171.86 0.619999999999976
DT-23   192.35 185.78 6.56999999999999
DA-24   166.18 171.86 -5.68000000000001
DC-25   189.05 176.41 12.64
DA-26   182.31 171.86 10.45
DT-27   195.26 185.78 9.47999999999999
DA-28   183.20 171.86 11.34
DC-29   187.85 176.41 11.44
DA-30   165.21 171.86 -6.65000000000001
DG-31   214.90 175.72 39.18
DA-32   104.81 171.86 -67.05
DT-33   122.21 185.78 -63.57
DT-34    97.90 185.78 -87.88
DA-35    47.75 171.86 -124.11
DC-36   145.88 176.41 -30.53
DA-37   155.33 171.86 -16.53
DT-38   203.80 185.78 18.02
DA-39   156.74 171.86 -15.12
DC-40   150.14 176.41 -26.27
DA-41   179.24 171.86 7.38
DT-42   211.97 185.78 26.19
DA-43   157.51 171.86 -14.35
DC-44   195.75 176.41 19.34
DA-45   201.36 171.86 29.5
DG-46   197.49 175.72 21.77
DA-47   181.85 171.86 9.98999999999998
DT-48   176.68 185.78 -9.09999999999999
DT-49   189.87 185.78 4.09
DA-50   184.80 171.86 12.94
DC-51   164.21 176.41 -12.2
DA-52   183.87 171.86 12.01
DT-53   185.37 185.78 -0.409999999999997
DA-54   151.70 171.86 -20.16
DC-55   181.18 176.41 4.77000000000001
DA-56   155.53 171.86 -16.33
DT-57   174.72 185.78 -11.06
DA-58   191.79 171.86 19.93
DC-59   184.08 176.41 7.67000000000002
DA-60   112.20 171.86 -59.66
DG-61    46.45 175.72 -129.27
DA-62    93.22 171.86 -78.64
DT-63   129.63 185.78 -56.15
DT-64   165.35 185.78 -20.43
DA-65   169.17 171.86 -2.69000000000003
DC-66   179.99 176.41 3.58000000000001
DA-67   188.66 171.86 16.8
DT-68   196.83 185.78 11.05
DA-69   158.79 171.86 -13.07
DC-70   171.44 176.41 -4.97
DA-71   169.13 171.86 -2.73000000000002
DT-72   196.03 185.78 10.25
DA-73   166.48 171.86 -5.38000000000002
DC-74   173.28 176.41 -3.13
DA-75   178.36 171.86 6.5
DG-76   175.44 175.72 -0.280000000000001
DA-77   160.82 171.86 -11.04
DT-78   173.91 185.78 -11.87
DT-79   186.46 185.78 0.680000000000007
DA-80   159.52 171.86 -12.34
DC-81   276.35 176.41 99.94
DA-82   149.61 171.86 -22.25
DT-83   143.31 185.78 -42.47
DA-84    95.07 171.86 -76.79
DC-85    95.57 176.41 -80.84
DA-86    64.46 171.86 -107.4
DT-87   187.51 185.78 1.72999999999999
DA-88   161.37 171.86 -10.49
DC-89   177.11 176.41 0.700000000000017
DA-90   301.55 171.86 129.69
DT-91   242.69 185.78 56.91
DG-92   163.75 175.72 -11.97
DT-93   180.88 185.78 -4.90000000000001
DA-94   172.01 171.86 0.149999999999977
DT-95   184.94 185.78 -0.840000000000003
DG-96   154.99 175.72 -20.73
DT-97   122.06 185.78 -63.72
DA-98    38.39 171.86 -133.47
DT-99   120.56 185.78 -65.22
DG-100   119.40 175.72 -56.32
DT-101   147.34 185.78 -38.44
DA-102   166.65 171.86 -5.21000000000001
DA-103   162.34 171.86 -9.52000000000001
DT-104   169.59 185.78 -16.19
DC-105   159.66 176.41 -16.75
DT-106   191.51 185.78 5.72999999999999
DG-107   188.98 175.72 13.26
DT-108   213.69 185.78 27.91
DA-109   193.59 171.86 21.73
DT-110   203.16 185.78 17.38
DG-111   175.70 175.72 -0.0200000000000102
DT-112   193.02 185.78 7.24000000000001
DA-113   198.84 171.86 26.98
DT-114   118.92 185.78 -66.86
DG-115    52.30 175.72 -123.42
DT-116    65.14 185.78 -120.64
DA-117   152.83 171.86 -19.03
DA-118   169.30 171.86 -2.56
DT-119   177.50 185.78 -8.28
DC-120   144.21 176.41 -32.2
DT-121   174.71 185.78 -11.07
DG-122   193.78 175.72 18.06
DT-123   207.35 185.78 21.57
DA-124   157.30 171.86 -14.56
DT-125   181.84 185.78 -3.94
DG-126   174.07 175.72 -1.65000000000001
DT-127   185.89 185.78 0.109999999999985
DA-128   181.17 171.86 9.30999999999997
DT-129   203.42 185.78 17.64
DG-130   179.85 175.72 4.13
DT-131   205.97 185.78 20.19
DA-132   198.22 171.86 26.36
DA-133   163.35 171.86 -8.51000000000002
DT-134   161.35 185.78 -24.43
DC-135   166.68 176.41 -9.72999999999999
DT-136   213.65 185.78 27.87
DG-137   169.02 175.72 -6.69999999999999
DT-138   180.17 185.78 -5.61000000000001
DA-139   170.02 171.86 -1.84
DT-140   188.44 185.78 2.66
DG-141   177.43 175.72 1.71000000000001
DT-142   190.23 185.78 4.44999999999999
DA-143   176.85 171.86 4.98999999999998
DT-144   179.25 185.78 -6.53
DG-145   156.24 175.72 -19.48
DT-146   174.03 185.78 -11.75
DA-147   164.53 171.86 -7.33000000000001
DA-148    92.73 171.86 -79.13
DT-149    70.39 185.78 -115.39
DC-150    43.44 176.41 -132.97
DT-151   165.46 185.78 -20.32
DG-152   109.68 175.72 -66.04
DT-153   189.23 185.78 3.44999999999999
DA-154   182.97 171.86 11.11
DT-155   200.92 185.78 15.14
DG-156   183.69 175.72 7.97
DT-157   190.93 185.78 5.15000000000001
DA-158   161.80 171.86 -10.06
DT-159   181.99 185.78 -3.78999999999999
DG-160   143.01 175.72 -32.71
DT-161   181.19 185.78 -4.59
DA-162   201.21 171.86 29.35
DA-163   165.15 171.86 -6.71000000000001
DT-164   183.32 185.78 -2.46000000000001
DC-165   168.47 176.41 -7.94
DT-166   204.71 185.78 18.93
DG-167   177.63 175.72 1.91
DT-168   190.42 185.78 4.63999999999999
DA-169   122.07 171.86 -49.79
DT-170    92.45 185.78 -93.33
DG-171    20.07 175.72 -155.65
DT-172    60.79 185.78 -124.99
DA-173   154.64 171.86 -17.22
DT-174   171.07 185.78 -14.71
DG-175   163.55 175.72 -12.17
DT-176   178.37 185.78 -7.41
DA-177   171.90 171.86 0.039999999999992
DA-178   186.19 171.86 14.33
DT-179   193.48 185.78 7.69999999999999
DC-180   282.38 176.41 105.97
