DG-1   241.83 175.72 66.11
DA-2   188.05 171.86 16.19
DT-3   183.22 185.78 -2.56
DT-4   146.49 185.78 -39.29
DA-5    62.64 171.86 -109.22
DC-6    79.12 176.41 -97.29
DA-7   149.05 171.86 -22.81
DT-8   143.43 185.78 -42.35
DA-9   170.94 171.86 -0.920000000000016
DC-10   188.27 176.41 11.86
DA-11   171.89 171.86 0.0299999999999727
DT-12   145.92 185.78 -39.86
DA-13   118.48 171.86 -53.38
DC-14   184.85 176.41 8.44
DA-15   193.52 171.86 21.66
DG-16   183.75 175.72 8.03
DA-17   161.35 171.86 -10.51
DT-18   179.04 185.78 -6.74000000000001
DT-19   190.34 185.78 4.56
DA-20   177.64 171.86 5.77999999999997
DC-21   177.08 176.41 0.670000000000016
DA-22   177.80 171.86 5.94
DT-23   196.47 185.78 10.69
DA-24   186.80 171.86 14.94
DC-25   188.24 176.41 11.83
DA-26   196.91 171.86 25.05
DT-27   208.34 185.78 22.56
DA-28   172.54 171.86 0.679999999999978
DC-29   166.43 176.41 -9.97999999999999
DA-30   197.71 171.86 25.85
DG-31   227.79 175.72 52.07
DA-32   110.17 171.86 -61.69
DT-33   123.06 185.78 -62.72
DT-34    98.99 185.78 -86.79
DA-35    45.30 171.86 -126.56
DC-36   156.23 176.41 -20.18
DA-37   158.87 171.86 -12.99
DT-38   207.08 185.78 21.3
DA-39   171.77 171.86 -0.0900000000000034
DC-40   167.71 176.41 -8.69999999999999
DA-41   182.89 171.86 11.03
DT-42   193.41 185.78 7.63
DA-43   161.35 171.86 -10.51
DC-44   177.58 176.41 1.17000000000002
DA-45   179.31 171.86 7.44999999999999
DG-46   186.12 175.72 10.4
DA-47   180.64 171.86 8.77999999999997
DT-48   200.72 185.78 14.94
DT-49   194.34 185.78 8.56
DA-50   197.27 171.86 25.41
DC-51   179.39 176.41 2.97999999999999
DA-52   170.53 171.86 -1.33000000000001
DT-53   192.25 185.78 6.47
DA-54   171.18 171.86 -0.680000000000007
DC-55   195.15 176.41 18.74
DA-56   176.50 171.86 4.63999999999999
DT-57   177.95 185.78 -7.83000000000001
DA-58   183.07 171.86 11.21
DC-59   171.50 176.41 -4.91
DA-60   107.29 171.86 -64.57
DG-61    48.57 175.72 -127.15
DA-62    92.34 171.86 -79.52
DT-63   129.31 185.78 -56.47
DT-64   163.69 185.78 -22.09
DA-65   171.56 171.86 -0.300000000000011
DC-66   178.39 176.41 1.97999999999999
DA-67   179.49 171.86 7.63
DT-68   193.47 185.78 7.69
DA-69   166.86 171.86 -5
DC-70   175.45 176.41 -0.960000000000008
DA-71   200.64 171.86 28.78
DT-72   188.09 185.78 2.31
DA-73   159.86 171.86 -12
DC-74   190.39 176.41 13.98
DA-75   193.47 171.86 21.61
DG-76   196.95 175.72 21.23
DA-77   175.27 171.86 3.41
DT-78   171.89 185.78 -13.89
DT-79   180.63 185.78 -5.15000000000001
DA-80   152.08 171.86 -19.78
DC-81   264.72 176.41 88.31
DA-82   155.98 171.86 -15.88
DT-83   141.07 185.78 -44.71
DA-84    95.62 171.86 -76.24
DC-85    94.94 176.41 -81.47
DA-86    57.78 171.86 -114.08
DT-87   174.63 185.78 -11.15
DA-88   170.27 171.86 -1.59
DC-89   188.87 176.41 12.46
DA-90   307.06 171.86 135.2
DT-91   262.32 185.78 76.54
DG-92   193.97 175.72 18.25
DT-93   191.24 185.78 5.46000000000001
DA-94   159.31 171.86 -12.55
DT-95   182.62 185.78 -3.16
DG-96   153.50 175.72 -22.22
DT-97   124.32 185.78 -61.46
DA-98    37.53 171.86 -134.33
DT-99   120.75 185.78 -65.03
DG-100   122.26 175.72 -53.46
DT-101   129.08 185.78 -56.7
DA-102   171.38 171.86 -0.480000000000018
DA-103   172.81 171.86 0.949999999999989
DT-104   177.47 185.78 -8.31
DC-105   157.12 176.41 -19.29
DT-106   206.24 185.78 20.46
DG-107   172.90 175.72 -2.81999999999999
DT-108   190.65 185.78 4.87
DA-109   182.01 171.86 10.15
DT-110   194.40 185.78 8.62
DG-111   178.40 175.72 2.68000000000001
DT-112   198.55 185.78 12.77
DA-113   182.32 171.86 10.46
DT-114   118.19 185.78 -67.59
DG-115    49.63 175.72 -126.09
DT-116    67.18 185.78 -118.6
DA-117   152.95 171.86 -18.91
DA-118   168.49 171.86 -3.37
DT-119   177.53 185.78 -8.25
DC-120   139.34 176.41 -37.07
DT-121   163.28 185.78 -22.5
DG-122   195.99 175.72 20.27
DT-123   194.32 185.78 8.53999999999999
DA-124   172.32 171.86 0.45999999999998
DT-125   195.35 185.78 9.56999999999999
DG-126   189.37 175.72 13.65
DT-127   202.25 185.78 16.47
DA-128   170.95 171.86 -0.910000000000025
DT-129   191.11 185.78 5.33000000000001
DG-130   186.56 175.72 10.84
DT-131   192.68 185.78 6.90000000000001
DA-132   189.76 171.86 17.9
DA-133   191.77 171.86 19.91
DT-134   190.60 185.78 4.81999999999999
DC-135   157.67 176.41 -18.74
DT-136   184.52 185.78 -1.25999999999999
DG-137   162.64 175.72 -13.08
DT-138   185.84 185.78 0.0600000000000023
DA-139   181.50 171.86 9.63999999999999
DT-140   207.81 185.78 22.03
DG-141   158.35 175.72 -17.37
DT-142   185.70 185.78 -0.0800000000000125
DA-143   173.07 171.86 1.20999999999998
DT-144   196.77 185.78 10.99
DG-145   158.37 175.72 -17.35
DT-146   176.30 185.78 -9.47999999999999
DA-147   163.84 171.86 -8.02000000000001
DA-148    95.12 171.86 -76.74
DT-149    69.74 185.78 -116.04
DC-150    53.30 176.41 -123.11
DT-151   164.80 185.78 -20.98
DG-152   114.36 175.72 -61.36
DT-153   182.75 185.78 -3.03
DA-154   196.08 171.86 24.22
DT-155   199.88 185.78 14.1
DG-156   183.73 175.72 8.00999999999999
DT-157   196.05 185.78 10.27
DA-158   183.06 171.86 11.2
DT-159   187.39 185.78 1.60999999999999
DG-160   157.80 175.72 -17.92
DT-161   168.98 185.78 -16.8
DA-162   168.84 171.86 -3.02000000000001
DA-163   167.85 171.86 -4.01000000000002
DT-164   171.25 185.78 -14.53
DC-165   161.58 176.41 -14.83
DT-166   189.12 185.78 3.34
DG-167   178.12 175.72 2.40000000000001
DT-168   189.50 185.78 3.72
DA-169   126.06 171.86 -45.8
DT-170    98.96 185.78 -86.82
DG-171    20.51 175.72 -155.21
DT-172    59.66 185.78 -126.12
DA-173   155.04 171.86 -16.82
DT-174   174.53 185.78 -11.25
DG-175   164.44 175.72 -11.28
DT-176   181.25 185.78 -4.53
DA-177   171.16 171.86 -0.700000000000017
DA-178   184.66 171.86 12.8
DT-179   183.87 185.78 -1.91
DC-180   268.17 176.41 91.76
