DG-1   234.94 175.72 59.22
DA-2   173.75 171.86 1.88999999999999
DT-3   172.40 185.78 -13.38
DT-4   142.76 185.78 -43.02
DA-5    60.57 171.86 -111.29
DC-6    79.47 176.41 -96.94
DA-7   155.97 171.86 -15.89
DT-8   144.65 185.78 -41.13
DA-9   171.92 171.86 0.0599999999999739
DC-10   184.64 176.41 8.22999999999999
DA-11   168.89 171.86 -2.97000000000003
DT-12   150.69 185.78 -35.09
DA-13   116.11 171.86 -55.75
DC-14   186.17 176.41 9.75999999999999
DA-15   188.15 171.86 16.29
DG-16   192.75 175.72 17.03
DA-17   161.60 171.86 -10.26
DT-18   173.78 185.78 -12
DT-19   174.34 185.78 -11.44
DA-20   169.36 171.86 -2.5
DC-21   176.55 176.41 0.140000000000015
DA-22   176.27 171.86 4.41
DT-23   197.97 185.78 12.19
DA-24   162.37 171.86 -9.49000000000001
DC-25   186.37 176.41 9.96000000000001
DA-26   171.01 171.86 -0.850000000000023
DT-27   189.81 185.78 4.03
DA-28   166.84 171.86 -5.02000000000001
DC-29   172.16 176.41 -4.25
DA-30   186.23 171.86 14.37
DG-31   215.46 175.72 39.74
DA-32   107.33 171.86 -64.53
DT-33   124.76 185.78 -61.02
DT-34    97.97 185.78 -87.81
DA-35    49.03 171.86 -122.83
DC-36   152.20 176.41 -24.21
DA-37   168.23 171.86 -3.63000000000002
DT-38   192.52 185.78 6.74000000000001
DA-39   178.76 171.86 6.89999999999998
DC-40   191.12 176.41 14.71
DA-41   199.85 171.86 27.99
DT-42   190.92 185.78 5.13999999999999
DA-43   177.43 171.86 5.56999999999999
DC-44   199.33 176.41 22.92
DA-45   181.14 171.86 9.27999999999997
DG-46   195.40 175.72 19.68
DA-47   184.32 171.86 12.46
DT-48   182.33 185.78 -3.44999999999999
DT-49   208.23 185.78 22.45
DA-50   181.10 171.86 9.23999999999998
DC-51   192.42 176.41 16.01
DA-52   184.13 171.86 12.27
DT-53   195.18 185.78 9.40000000000001
DA-54   174.38 171.86 2.51999999999998
DC-55   177.44 176.41 1.03
DA-56   222.95 171.86 51.09
DT-57   192.65 185.78 6.87
DA-58   163.08 171.86 -8.78
DC-59   188.80 176.41 12.39
DA-60   125.34 171.86 -46.52
DG-61    45.00 175.72 -130.72
DA-62    93.66 171.86 -78.2
DT-63   126.67 185.78 -59.11
DT-64   164.02 185.78 -21.76
DA-65   170.96 171.86 -0.900000000000006
DC-66   178.71 176.41 2.30000000000001
DA-67   180.11 171.86 8.25
DT-68   189.89 185.78 4.10999999999999
DA-69   156.46 171.86 -15.4
DC-70   162.63 176.41 -13.78
DA-71   151.86 171.86 -20
DT-72   196.45 185.78 10.67
DA-73   171.39 171.86 -0.470000000000027
DC-74   178.64 176.41 2.22999999999999
DA-75   179.82 171.86 7.95999999999998
DG-76   180.41 175.72 4.69
DA-77   167.10 171.86 -4.76000000000002
DT-78   189.94 185.78 4.16
DT-79   184.38 185.78 -1.40000000000001
DA-80   145.66 171.86 -26.2
DC-81   260.56 176.41 84.15
DA-82   146.02 171.86 -25.84
DT-83   145.56 185.78 -40.22
DA-84    94.60 171.86 -77.26
DC-85    92.93 176.41 -83.48
DA-86    65.54 171.86 -106.32
DT-87   179.10 185.78 -6.68000000000001
DA-88   163.32 171.86 -8.54000000000002
DC-89   179.89 176.41 3.47999999999999
DA-90   305.30 171.86 133.44
DT-91   245.34 185.78 59.56
DG-92   173.83 175.72 -1.88999999999999
DT-93   187.16 185.78 1.38
DA-94   178.12 171.86 6.25999999999999
DT-95   185.82 185.78 0.039999999999992
DG-96   156.03 175.72 -19.69
DT-97   122.06 185.78 -63.72
DA-98    35.81 171.86 -136.05
DT-99   118.63 185.78 -67.15
DG-100   120.43 175.72 -55.29
DT-101   151.23 185.78 -34.55
DA-102   175.84 171.86 3.97999999999999
DA-103   170.38 171.86 -1.48000000000002
DT-104   187.80 185.78 2.02000000000001
DC-105   175.58 176.41 -0.829999999999984
DT-106   187.21 185.78 1.43000000000001
DG-107   169.17 175.72 -6.55000000000001
DT-108   203.12 185.78 17.34
DA-109   187.65 171.86 15.79
DT-110   218.43 185.78 32.65
DG-111   184.51 175.72 8.78999999999999
DT-112   192.64 185.78 6.85999999999999
DA-113   177.81 171.86 5.94999999999999
DT-114   120.06 185.78 -65.72
DG-115    50.73 175.72 -124.99
DT-116    66.55 185.78 -119.23
DA-117   150.68 171.86 -21.18
DA-118   170.13 171.86 -1.73000000000002
DT-119   178.38 185.78 -7.40000000000001
DC-120   144.22 176.41 -32.19
DT-121   189.01 185.78 3.22999999999999
DG-122   192.10 175.72 16.38
DT-123   181.59 185.78 -4.19
DA-124   191.75 171.86 19.89
DT-125   189.93 185.78 4.15000000000001
DG-126   170.29 175.72 -5.43000000000001
DT-127   188.61 185.78 2.83000000000001
DA-128   177.62 171.86 5.75999999999999
DT-129   201.23 185.78 15.45
DG-130   164.09 175.72 -11.63
DT-131   178.19 185.78 -7.59
DA-132   193.15 171.86 21.29
DA-133   188.87 171.86 17.01
DT-134   169.53 185.78 -16.25
DC-135   160.25 176.41 -16.16
DT-136   194.80 185.78 9.02000000000001
DG-137   179.50 175.72 3.78
DT-138   198.99 185.78 13.21
DA-139   175.07 171.86 3.20999999999998
DT-140   204.35 185.78 18.57
DG-141   180.04 175.72 4.31999999999999
DT-142   182.62 185.78 -3.16
DA-143   187.58 171.86 15.72
DT-144   179.93 185.78 -5.84999999999999
DG-145   155.50 175.72 -20.22
DT-146   174.50 185.78 -11.28
DA-147   162.96 171.86 -8.90000000000001
DA-148    95.78 171.86 -76.08
DT-149    72.33 185.78 -113.45
DC-150    52.44 176.41 -123.97
DT-151   161.02 185.78 -24.76
DG-152   117.72 175.72 -58
DT-153   179.48 185.78 -6.30000000000001
DA-154   169.29 171.86 -2.57000000000002
DT-155   186.38 185.78 0.599999999999994
DG-156   174.74 175.72 -0.97999999999999
DT-157   198.05 185.78 12.27
DA-158   162.22 171.86 -9.64000000000001
DT-159   188.58 185.78 2.80000000000001
DG-160   165.24 175.72 -10.48
DT-161   157.81 185.78 -27.97
DA-162   168.76 171.86 -3.10000000000002
DA-163   161.52 171.86 -10.34
DT-164   188.21 185.78 2.43000000000001
DC-165   159.53 176.41 -16.88
DT-166   195.72 185.78 9.94
DG-167   172.31 175.72 -3.41
DT-168   189.03 185.78 3.25
DA-169   125.41 171.86 -46.45
DT-170   101.00 185.78 -84.78
DG-171    20.73 175.72 -154.99
DT-172    60.39 185.78 -125.39
DA-173   158.39 171.86 -13.47
DT-174   176.18 185.78 -9.59999999999999
DG-175   162.76 175.72 -12.96
DT-176   183.16 185.78 -2.62
DA-177   170.61 171.86 -1.25
DA-178   179.62 171.86 7.75999999999999
DT-179   178.34 185.78 -7.44
DC-180   272.01 176.41 95.6
