1	-3.73
2	3.59
3	4.91
4	10.10
5	15.92
6	11.39
7	-1.35
8	2.83
9	3.11
10	13.72
11	10.18
12	4.36
13	3.70
14	2.56
15	8.85
16	-1.32
17	4.25
18	5.50
19	6.51
20	-0.11
21	-6.62
22	2.81
23	4.23
24	7.20
25	13.90
26	-1.16
27	3.70
28	4.54
29	5.09
30	5.62
31	3.98
32	0.98
33	10.01
34	4.78
35	5.25
36	0.31
37	8.16
38	10.59
39	2.99
40	7.67
41	7.56
42	9.12
43	-0.07
44	1.32
45	6.72
46	6.87
47	7.12
48	3.87
49	2.08
50	0.22
51	2.58
52	8.15
53	-1.44
54	4.77
55	7.14
56	3.88
57	5.84
58	-2.20
59	-0.87
60	7.81
61	7.93
62	1.84
63	-1.11
64	0.61
65	-2.88
66	0.15
67	2.47
68	-0.13
69	-0.99
70	7.76
71	10.95
72	10.26
73	4.66
74	9.40
75	13.68
76	7.12
77	4.85
78	2.76
79	0.47
80	5.58
81	20.40
82	10.17
83	6.60
84	8.89
85	11.93
86	10.00
87	7.00
88	9.15
89	3.23
90	4.13
91	1.98
92	8.23
93	10.80
94	8.03
95	6.78
96	13.02
97	13.09
98	13.02
99	9.64
100	3.60
101	6.34
