1	-0.16
2	-0.57
3	-0.03
4	-0.03
5	0.19
6	0.18
7	-0.39
8	-0.77
9	0.26
10	-0.28
11	0.52
12	1.41
13	-0.39
14	-0.04
15	-0.01
16	-0.88
17	-0.05
18	0.19
19	0.12
20	0.06
21	0.96
22	0.08
23	0.22
24	0.08
25	-0.71
26	0.46
27	-0.34
28	-0.14
29	-0.19
30	0.33
31	0.12
32	0.64
33	-0.99
34	0.03
35	-0.65
36	-0.44
37	0.42
38	-0.10
39	-0.01
40	0.30
41	-0.04
42	0.36
43	-0.86
44	-0.17
45	0.54
46	0.02
47	0.38
48	0.43
49	-0.16
50	-0.14
51	-0.13
52	-0.46
53	-0.62
54	0.09
55	0.02
56	-0.11
57	-0.66
58	-1.12
59	0.68
60	0.11
61	0.63
62	0.75
63	-0.15
64	0.11
65	-0.42
66	-0.14
67	0.75
68	0.34
69	0.24
70	1.01
71	-0.53
72	0.45
73	0.45
74	0.23
75	-0.50
76	-0.58
77	0.62
78	-0.98
79	-0.02
80	-0.02
81	0.50
82	0.90
83	-0.01
84	-0.13
85	-0.38
86	0.24
87	0.34
88	0.48
89	-0.05
90	0.53
91	0.66
92	0.23
93	-0.82
94	-0.35
95	0.30
96	0.87
97	0.14
98	0.60
99	0.36
100	-0.84
101	0.30
