   0.20  -0.31   3.20  -2.20   1.70  32.88
   0.20  -0.31   3.20  -2.20   1.70  32.88
   0.30  -1.03   3.34  -3.81 -11.05  32.21
   0.30  -1.03   3.34  -3.81 -11.05  32.21
   0.81  -0.13   4.32  -1.15 -20.80  34.52
   0.81  -0.13   4.32  -1.15 -20.80  34.52
   0.77  -0.64   2.61  -1.34  13.39  24.09
   0.77  -0.64   2.61  -1.34  13.39  24.09
   0.59  -0.67   2.96  -3.20  13.14  17.77
   0.59  -0.67   2.96  -3.20  13.14  17.77
   0.20  -0.29   3.92  -2.15 -23.76  32.03
   0.20  -0.29   3.92  -2.15 -23.76  32.03
  -0.04  -1.05   4.19  -3.82 -13.59  32.55
  -0.04  -1.05   4.19  -3.82 -13.59  32.55
   0.39  -1.14   2.62  -1.20  12.72  27.09
   0.39  -1.14   2.62  -1.20  12.72  27.09
   0.57  -0.48   3.70  -0.11  -6.78  29.45
   0.57  -0.48   3.70  -0.11  -6.78  29.45
   0.52   0.02   3.81  -2.97  -2.12  33.73
   0.52   0.02   3.81  -2.97  -2.12  33.73
   0.49  -0.98   3.62  -3.27 -25.77  35.21
   0.49  -0.98   3.62  -3.27 -25.77  35.21
   0.45  -0.79   2.94   0.92   3.00  24.98
   0.45  -0.79   2.94   0.92   3.00  24.98
   0.70  -0.48   3.90   0.26  -0.98  31.60
   0.70  -0.48   3.90   0.26  -0.98  31.60
   0.78  -0.41   3.27  -3.61  -8.29  33.59
   0.78  -0.41   3.27  -3.61  -8.29  33.59
   0.47  -1.10   4.90  -4.09 -16.74  35.52
   0.47  -1.10   4.90  -4.09 -16.74  35.52
   0.27  -0.93   2.91   0.95  10.27  24.92
   0.27  -0.93   2.91   0.95  10.27  24.92
   1.08  -0.80   3.45  -0.69  -5.31  25.23
   1.08  -0.80   3.45  -0.69  -5.31  25.23
   0.36  -0.59   4.12  -5.71 -15.61  34.62
   0.36  -0.59   4.12  -5.71 -15.61  34.62
   0.59  -0.59   3.43  -5.80   4.33  27.83
   0.59  -0.59   3.43  -5.80   4.33  27.83
   1.14  -1.22   3.92  -3.82 -24.34  32.74
   1.14  -1.22   3.92  -3.82 -24.34  32.74
   0.80  -0.64   3.52  -7.81  -0.25  35.76
   0.80  -0.64   3.52  -7.81  -0.25  35.76
   0.02  -0.64   3.95  -4.75 -11.69  34.27
   0.02  -0.64   3.95  -4.75 -11.69  34.27
   0.74  -1.01   2.78  -3.62  20.36  19.45
   0.74  -1.01   2.78  -3.62  20.36  19.45
   0.60  -0.30   2.33  -5.04  29.35   9.51
   0.60  -0.30   2.33  -5.04  29.35   9.51
   1.09  -1.02   3.30  -6.90  -9.32  30.80
   1.09  -1.02   3.30  -6.90  -9.32  30.80
  -0.50  -0.50   4.28  -2.82 -27.70  35.08
  -0.50  -0.50   4.28  -2.82 -27.70  35.08
   0.66  -0.57   3.69  -3.46 -10.74  34.71
   0.66  -0.57   3.69  -3.46 -10.74  34.71
   0.47  -0.63   4.80  -5.71 -32.22  37.59
   0.47  -0.63   4.80  -5.71 -32.22  37.59
   0.40  -0.34   3.32   0.43   4.45  28.10
   0.40  -0.34   3.32   0.43   4.45  28.10
   0.65  -0.63   3.62  -1.89  -7.15  28.54
   0.65  -0.63   3.62  -1.89  -7.15  28.54
   0.50  -0.43   4.11  -4.83 -20.07  39.36
   0.50  -0.43   4.11  -4.83 -20.07  39.36
   0.72  -0.97   3.39   0.98  -5.52  35.81
   0.72  -0.97   3.39   0.98  -5.52  35.81
   0.24  -0.94   3.37  -0.75  -4.50  25.29
   0.24  -0.94   3.37  -0.75  -4.50  25.29
   1.19  -0.93   3.39   4.20 -12.80  25.34
   1.19  -0.93   3.39   4.20 -12.80  25.34
   0.80  -0.38   3.55  -4.11 -28.48  35.14
   0.80  -0.38   3.55  -4.11 -28.48  35.14
   0.71  -0.45   2.77   3.66  -1.52  26.27
   0.71  -0.45   2.77   3.66  -1.52  26.27
   0.72  -1.03   3.79  -4.80  -6.67  31.74
   0.72  -1.03   3.79  -4.80  -6.67  31.74
   0.24  -0.50   4.04  -1.67 -13.88  33.48
   0.24  -0.50   4.04  -1.67 -13.88  33.48
   0.71  -0.74   2.55  -2.22  17.18  25.56
   0.71  -0.74   2.55  -2.22  17.18  25.56
   0.71  -1.04   3.21  -3.26   5.05  36.16
   0.71  -1.04   3.21  -3.26   5.05  36.16
   0.77  -0.97   3.95  -4.41 -36.40  32.05
   0.77  -0.97   3.95  -4.41 -36.40  32.05
   0.04  -0.46   2.62  -0.90  41.04  19.31
   0.04  -0.46   2.62  -0.90  41.04  19.31
   0.52  -0.42   2.68  -3.90  23.61  17.60
   0.52  -0.42   2.68  -3.90  23.61  17.60
  -0.03  -1.31   2.91  -1.88  23.42  27.58
  -0.03  -1.31   2.91  -1.88  23.42  27.58
   0.66  -0.62   2.51  -4.58  25.26  27.50
   0.66  -0.62   2.51  -4.58  25.26  27.50
   0.41  -0.48   4.01   0.61 -23.22  34.73
   0.41  -0.48   4.01   0.61 -23.22  34.73
   0.80  -0.87   3.46  -3.49  -2.56  30.44
   0.80  -0.87   3.46  -3.49  -2.56  30.44
   0.62  -0.52   3.22  -3.47  13.15  27.21
   0.62  -0.52   3.22  -3.47  13.15  27.21
   0.22  -0.87   3.16   0.05   3.53  36.61
   0.22  -0.87   3.16   0.05   3.53  36.61
   0.96  -0.98   3.23   0.66  -1.81  32.42
   0.96  -0.98   3.23   0.66  -1.81  32.42
   0.65  -0.31   3.62  -3.12 -17.81  32.35
   0.65  -0.31   3.62  -3.12 -17.81  32.35
   0.81  -0.62   2.90  -3.18  23.17  18.00
   0.81  -0.62   2.90  -3.18  23.17  18.00
   0.43  -1.39   3.20  -3.57   0.58  29.51
   0.43  -1.39   3.20  -3.57   0.58  29.51
   0.50  -1.25   3.62  -2.63  -5.32  32.46
   0.50  -1.25   3.62  -2.63  -5.32  32.46
  -0.28  -0.73   3.41  -2.72  -2.54  33.79
  -0.28  -0.73   3.41  -2.72  -2.54  33.79
   0.28  -0.99   3.67  -4.72 -13.45  33.00
   0.28  -0.99   3.67  -4.72 -13.45  33.00
   0.22  -0.76   2.61  -0.80  29.67  19.32
   0.22  -0.76   2.61  -0.80  29.67  19.32
   0.15  -0.41   3.70  -0.90 -10.25  30.05
   0.15  -0.41   3.70  -0.90 -10.25  30.05
   0.49  -0.61   3.50   0.95 -13.29  27.99
   0.49  -0.61   3.50   0.95 -13.29  27.99
   0.20  -0.98   4.39  -1.36 -22.84  31.34
   0.20  -0.98   4.39  -1.36 -22.84  31.34
   0.45  -1.41   2.50  -2.35  22.40  14.83
   0.45  -1.41   2.50  -2.35  22.40  14.83
  -0.14  -1.18   3.19  -2.65   3.56  28.42
  -0.14  -1.18   3.19  -2.65   3.56  28.42
   0.75  -0.71   3.30  -0.73  -7.22  31.05
   0.75  -0.71   3.30  -0.73  -7.22  31.05
   0.11  -0.52   3.40  -2.38  -4.87  32.17
   0.11  -0.52   3.40  -2.38  -4.87  32.17
   1.37  -0.83   2.62  -1.88  13.53  28.35
   1.37  -0.83   2.62  -1.88  13.53  28.35
   0.64  -0.74   3.99  -3.04 -15.32  36.61
   0.64  -0.74   3.99  -3.04 -15.32  36.61
  -0.35  -1.13   4.17   0.29 -25.32  33.67
  -0.35  -1.13   4.17   0.29 -25.32  33.67
   0.31  -0.73   2.67  -0.62   8.48  20.83
   0.31  -0.73   2.67  -0.62   8.48  20.83
   0.60  -0.35   3.31  -4.55   3.61  30.57
   0.60  -0.35   3.31  -4.55   3.61  30.57
  -0.40  -0.64   4.56  -0.85 -20.25  34.06
  -0.40  -0.64   4.56  -0.85 -20.25  34.06
   0.61  -0.66   3.09  -6.04  14.57  34.41
   0.61  -0.66   3.09  -6.04  14.57  34.41
   0.46  -0.74   3.97  -5.35 -13.48  36.82
   0.46  -0.74   3.97  -5.35 -13.48  36.82
   0.83  -0.34   3.66   0.09  -6.76  35.12
   0.83  -0.34   3.66   0.09  -6.76  35.12
   0.14  -0.85   3.59  -7.01   1.47  36.84
   0.14  -0.85   3.59  -7.01   1.47  36.84
   0.05  -0.97   4.14  -3.34 -19.98  34.61
   0.05  -0.97   4.14  -3.34 -19.98  34.61
   0.69  -0.76   3.08   1.97  -2.91  29.99
   0.69  -0.76   3.08   1.97  -2.91  29.99
  -0.23  -0.88   3.38  -4.02   3.84  27.64
  -0.23  -0.88   3.38  -4.02   3.84  27.64
   0.71  -0.35   3.92  -2.33 -32.84  38.16
   0.71  -0.35   3.92  -2.33 -32.84  38.16
   0.98  -1.10   2.90  -1.76   5.62  31.36
   0.98  -1.10   2.90  -1.76   5.62  31.36
   0.77  -0.66   3.62  -0.26  -0.24  25.95
   0.77  -0.66   3.62  -0.26  -0.24  25.95
   0.12  -0.53   4.16  -4.78 -13.35  33.83
   0.12  -0.53   4.16  -4.78 -13.35  33.83
   0.63  -0.59   4.22  -3.81 -26.51  35.78
   0.63  -0.59   4.22  -3.81 -26.51  35.78
   1.26  -0.57   2.99   1.62  -0.83  27.90
   1.26  -0.57   2.99   1.62  -0.83  27.90
   0.54  -1.03   2.49  -1.30  24.01  26.71
   0.54  -1.03   2.49  -1.30  24.01  26.71
   0.84  -0.30   2.94  -2.07  -2.09  25.54
   0.84  -0.30   2.94  -2.07  -2.09  25.54
   0.75  -0.84   3.84  -3.20   0.37  30.56
   0.75  -0.84   3.84  -3.20   0.37  30.56
   0.20  -0.79   4.05  -2.09  -2.62  32.75
   0.20  -0.79   4.05  -2.09  -2.62  32.75
   0.70  -0.65   3.22  -6.42  -1.91  31.85
   0.70  -0.65   3.22  -6.42  -1.91  31.85
   0.94  -0.74   3.17  -4.06   7.52  26.43
   0.94  -0.74   3.17  -4.06   7.52  26.43
  -0.26  -0.67   3.83  -2.08  -9.50  31.91
  -0.26  -0.67   3.83  -2.08  -9.50  31.91
   0.47  -1.10   3.72  -4.52 -15.16  34.51
   0.47  -1.10   3.72  -4.52 -15.16  34.51
   0.44  -0.30   2.87  -5.26  21.88  23.32
   0.44  -0.30   2.87  -5.26  21.88  23.32
   0.81  -0.93   3.27  -0.61  11.84  30.86
   0.81  -0.93   3.27  -0.61  11.84  30.86
   0.93  -0.29   4.10  -4.48 -15.22  28.98
   0.93  -0.29   4.10  -4.48 -15.22  28.98
   0.26  -0.56   3.71  -4.57  -0.29  35.72
   0.26  -0.56   3.71  -4.57  -0.29  35.72
   0.50  -0.77   3.72  -3.68 -10.31  37.95
   0.50  -0.77   3.72  -3.68 -10.31  37.95
   0.49  -0.16   3.07  -3.61   8.44  25.85
   0.49  -0.16   3.07  -3.61   8.44  25.85
   0.14  -0.52   3.69  -5.31   3.18  30.32
   0.14  -0.52   3.69  -5.31   3.18  30.32
   0.25  -0.43   3.28  -4.76  -1.28  37.48
   0.25  -0.43   3.28  -4.76  -1.28  37.48
   0.81  -0.37   4.58  -0.95 -21.34  30.33
   0.81  -0.37   4.58  -0.95 -21.34  30.33
   0.51  -0.43   2.67  -2.97  27.03  26.13
   0.51  -0.43   2.67  -2.97  27.03  26.13
