  -0.01  -0.53   3.66  -0.34  -5.05  33.03
  -0.01  -0.53   3.66  -0.34  -5.05  33.03
   0.86  -0.59   4.48  -0.73 -16.98  32.28
   0.86  -0.59   4.48  -0.73 -16.98  32.28
   0.33  -1.00   3.79   3.29  -4.90  35.63
   0.33  -1.00   3.79   3.29  -4.90  35.63
  -0.51  -1.27   3.21   4.29  -1.79  32.50
  -0.51  -1.27   3.21   4.29  -1.79  32.50
   0.11  -1.21   2.36   0.02  34.18  23.33
   0.11  -1.21   2.36   0.02  34.18  23.33
   0.74  -1.57   3.79   1.04  -9.58  33.47
   0.74  -1.57   3.79   1.04  -9.58  33.47
  -0.12  -0.71   3.84   1.76   3.92  31.51
  -0.12  -0.71   3.84   1.76   3.92  31.51
   0.52  -1.14   5.17  -0.28 -48.81  35.56
   0.52  -1.14   5.17  -0.28 -48.81  35.56
   0.21  -1.10   4.50   1.82  -7.18  33.00
   0.21  -1.10   4.50   1.82  -7.18  33.00
   0.96  -0.94   3.48  -0.56  -6.07  31.94
   0.96  -0.94   3.48  -0.56  -6.07  31.94
   0.66  -1.43   3.89   2.65  -8.22  27.74
   0.66  -1.43   3.89   2.65  -8.22  27.74
  -0.44  -1.49   3.96   3.01 -13.49  28.47
  -0.44  -1.49   3.96   3.01 -13.49  28.47
   0.66  -1.80   4.02   0.00  -4.32  30.08
   0.66  -1.80   4.02   0.00  -4.32  30.08
  -0.07  -0.98   3.51   3.28   2.20  28.56
  -0.07  -0.98   3.51   3.28   2.20  28.56
   0.11  -1.33   2.74   0.37  32.89  20.11
   0.11  -1.33   2.74   0.37  32.89  20.11
  -0.25  -1.00   4.10   5.97  -3.14  30.54
  -0.25  -1.00   4.10   5.97  -3.14  30.54
  -0.38  -1.17   3.32   3.06   1.59  32.44
  -0.38  -1.17   3.32   3.06   1.59  32.44
   0.50  -1.16   3.67   1.13   3.29  28.07
   0.50  -1.16   3.67   1.13   3.29  28.07
  -0.30  -1.04   3.37   3.61  -0.13  31.22
  -0.30  -1.04   3.37   3.61  -0.13  31.22
   0.24  -0.82   3.72   3.32   2.45  33.78
   0.24  -0.82   3.72   3.32   2.45  33.78
  -0.06  -1.39   4.46   3.02 -22.70  34.68
  -0.06  -1.39   4.46   3.02 -22.70  34.68
   0.19  -1.57   3.52   1.06  -2.28  26.07
   0.19  -1.57   3.52   1.06  -2.28  26.07
   0.74  -1.09   3.90   0.79  -3.95  30.81
   0.74  -1.09   3.90   0.79  -3.95  30.81
   0.56  -0.74   3.42   1.00  -1.53  29.40
   0.56  -0.74   3.42   1.00  -1.53  29.40
   0.17  -1.39   2.73   1.75  23.82  20.75
   0.17  -1.39   2.73   1.75  23.82  20.75
  -0.23  -1.29   3.51   1.22  -1.18  26.20
  -0.23  -1.29   3.51   1.22  -1.18  26.20
   0.89  -0.78   3.51  -0.41   9.11  29.53
   0.89  -0.78   3.51  -0.41   9.11  29.53
  -0.26  -1.21   3.62   1.02  -1.98  31.27
  -0.26  -1.21   3.62   1.02  -1.98  31.27
   0.26  -0.94   3.43   0.84  25.55  21.17
   0.26  -0.94   3.43   0.84  25.55  21.17
  -0.68  -1.49   3.12   4.12   1.71  31.47
  -0.68  -1.49   3.12   4.12   1.71  31.47
   0.52  -1.06   4.53   4.15 -27.29  31.90
   0.52  -1.06   4.53   4.15 -27.29  31.90
   0.98  -1.34   3.21   1.02  -2.85  30.19
   0.98  -1.34   3.21   1.02  -2.85  30.19
   0.09  -0.89   3.65   1.43  -2.48  33.11
   0.09  -0.89   3.65   1.43  -2.48  33.11
  -0.32  -1.33   4.38   0.16   6.22  28.69
  -0.32  -1.33   4.38   0.16   6.22  28.69
   0.83  -0.67   3.31   0.56   6.00  29.56
   0.83  -0.67   3.31   0.56   6.00  29.56
  -0.05  -0.82   3.48   0.99   1.89  28.41
  -0.05  -0.82   3.48   0.99   1.89  28.41
  -0.01  -1.14   3.31   1.81  -2.74  31.07
  -0.01  -1.14   3.31   1.81  -2.74  31.07
   0.19  -0.87   3.00   1.79   5.89  27.02
   0.19  -0.87   3.00   1.79   5.89  27.02
  -0.24  -0.74   3.78   1.91   4.28  35.37
  -0.24  -0.74   3.78   1.91   4.28  35.37
  -0.72  -0.93   2.83   1.58  11.36  30.44
  -0.72  -0.93   2.83   1.58  11.36  30.44
   0.02  -0.97   2.94   0.28   9.79  26.77
   0.02  -0.97   2.94   0.28   9.79  26.77
  -0.35  -1.40   3.67   0.67 -12.99  31.13
  -0.35  -1.40   3.67   0.67 -12.99  31.13
   1.55  -1.34   4.45   0.74 -14.55  26.71
   1.55  -1.34   4.45   0.74 -14.55  26.71
  -0.39  -1.04   3.42   4.28   4.08  30.69
  -0.39  -1.04   3.42   4.28   4.08  30.69
  -0.03  -1.36   2.81   2.43   2.19  28.96
  -0.03  -1.36   2.81   2.43   2.19  28.96
   0.65  -1.08   4.36  -1.34 -28.42  36.02
   0.65  -1.08   4.36  -1.34 -28.42  36.02
   0.03  -1.02   2.92   1.30  18.93  28.26
   0.03  -1.02   2.92   1.30  18.93  28.26
   0.45  -0.81   4.06  -0.43  -3.20  33.50
   0.45  -0.81   4.06  -0.43  -3.20  33.50
   0.13  -0.96   4.37   1.43 -14.69  31.34
   0.13  -0.96   4.37   1.43 -14.69  31.34
  -0.08  -0.91   3.20   2.77   4.62  25.66
  -0.08  -0.91   3.20   2.77   4.62  25.66
  -0.20  -0.54   3.59   0.13  13.81  26.61
  -0.20  -0.54   3.59   0.13  13.81  26.61
   0.93  -1.23   3.78   1.50  -7.74  28.99
   0.93  -1.23   3.78   1.50  -7.74  28.99
   0.87  -1.59   4.08   2.22 -13.61  32.90
   0.87  -1.59   4.08   2.22 -13.61  32.90
  -0.08  -1.42   3.47   2.82   7.91  29.21
  -0.08  -1.42   3.47   2.82   7.91  29.21
   0.73  -1.73   3.61   0.09  -0.02  31.08
   0.73  -1.73   3.61   0.09  -0.02  31.08
  -0.67  -1.10   2.99   0.93  25.16  23.47
  -0.67  -1.10   2.99   0.93  25.16  23.47
   0.03  -1.23   3.72   6.40   7.30  26.81
   0.03  -1.23   3.72   6.40   7.30  26.81
   0.54  -0.93   4.08   0.44 -20.92  34.47
   0.54  -0.93   4.08   0.44 -20.92  34.47
   0.13  -1.00   4.79   4.92 -18.98  36.68
   0.13  -1.00   4.79   4.92 -18.98  36.68
  -0.13  -1.19   2.94   3.42  12.96  31.98
  -0.13  -1.19   2.94   3.42  12.96  31.98
   0.01  -0.76   3.10   3.18   4.15  33.48
   0.01  -0.76   3.10   3.18   4.15  33.48
  -0.22  -1.19   4.17  -0.22   0.62  29.90
  -0.22  -1.19   4.17  -0.22   0.62  29.90
   0.35  -0.98   4.09   2.49  -8.09  28.66
   0.35  -0.98   4.09   2.49  -8.09  28.66
  -0.16  -1.63   4.68   2.34 -11.53  34.15
  -0.16  -1.63   4.68   2.34 -11.53  34.15
   0.08  -1.02   4.32  -0.99 -11.05  30.41
   0.08  -1.02   4.32  -0.99 -11.05  30.41
   0.49  -1.05   2.66  -0.43  26.58  23.17
   0.49  -1.05   2.66  -0.43  26.58  23.17
  -0.36  -1.61   4.63   1.35 -14.39  32.69
  -0.36  -1.61   4.63   1.35 -14.39  32.69
   0.18  -0.98   3.54   2.77   2.60  28.57
   0.18  -0.98   3.54   2.77   2.60  28.57
   0.22  -1.38   4.27   1.97 -15.14  35.05
   0.22  -1.38   4.27   1.97 -15.14  35.05
  -0.01  -0.94   3.21  -0.61  32.98  16.23
  -0.01  -0.94   3.21  -0.61  32.98  16.23
  -0.07  -1.31   4.28   1.24 -15.04  33.64
  -0.07  -1.31   4.28   1.24 -15.04  33.64
  -0.21  -1.76   3.20   2.69  -0.19  28.84
  -0.21  -1.76   3.20   2.69  -0.19  28.84
   0.02  -1.46   3.52   0.66  -5.67  31.67
   0.02  -1.46   3.52   0.66  -5.67  31.67
   0.26  -1.29   2.94   0.70  15.67  29.52
   0.26  -1.29   2.94   0.70  15.67  29.52
  -0.21  -1.24   3.27   2.59   2.87  28.60
  -0.21  -1.24   3.27   2.59   2.87  28.60
   0.28  -0.75   3.52   1.20  11.58  27.07
   0.28  -0.75   3.52   1.20  11.58  27.07
  -0.17  -1.18   3.83   2.59   8.54  31.85
  -0.17  -1.18   3.83   2.59   8.54  31.85
   0.04  -1.41   3.45  -1.66  -8.65  32.63
   0.04  -1.41   3.45  -1.66  -8.65  32.63
   0.13  -0.90   4.40   0.87 -20.02  30.77
   0.13  -0.90   4.40   0.87 -20.02  30.77
   0.75  -1.03   3.57   0.43   8.30  32.71
   0.75  -1.03   3.57   0.43   8.30  32.71
  -0.20  -1.12   2.64   0.24  43.39  13.98
  -0.20  -1.12   2.64   0.24  43.39  13.98
  -0.22  -1.42   2.32  -0.22  31.81  23.82
  -0.22  -1.42   2.32  -0.22  31.81  23.82
  -0.05  -1.36   3.11  -0.36  24.95  25.29
  -0.05  -1.36   3.11  -0.36  24.95  25.29
   0.41  -0.73   3.65   1.39  -1.91  29.14
   0.41  -0.73   3.65   1.39  -1.91  29.14
  -0.31  -0.88   3.14   0.25  18.43  27.86
  -0.31  -0.88   3.14   0.25  18.43  27.86
  -0.14  -1.29   3.44   1.76   0.70  33.15
  -0.14  -1.29   3.44   1.76   0.70  33.15
   0.27  -0.83   3.19   1.93  19.66  21.20
   0.27  -0.83   3.19   1.93  19.66  21.20
   0.33  -0.68   2.96   2.36  33.79  14.66
   0.33  -0.68   2.96   2.36  33.79  14.66
   0.06  -0.52   3.15  -0.49  19.22  22.74
   0.06  -0.52   3.15  -0.49  19.22  22.74
  -0.14  -1.57   3.65   1.89 -12.36  33.01
  -0.14  -1.57   3.65   1.89 -12.36  33.01
  -0.65  -1.10   2.77   3.23  20.50  23.49
  -0.65  -1.10   2.77   3.23  20.50  23.49
  -0.10  -1.48   3.58   2.67   9.97  30.75
  -0.10  -1.48   3.58   2.67   9.97  30.75
   0.06  -0.65   3.24   1.05  31.93  25.29
   0.06  -0.65   3.24   1.05  31.93  25.29
  -0.20  -0.70   3.47   2.33   7.76  28.66
  -0.20  -0.70   3.47   2.33   7.76  28.66
   0.08  -1.47   4.06  -0.58 -17.99  29.15
   0.08  -1.47   4.06  -0.58 -17.99  29.15
  -0.34  -0.79   3.74   5.08  -5.61  29.16
  -0.34  -0.79   3.74   5.08  -5.61  29.16
  -0.07  -1.02   4.12   1.66   1.09  25.34
  -0.07  -1.02   4.12   1.66   1.09  25.34
   0.34  -0.86   3.41  -0.20   7.50  29.70
   0.34  -0.86   3.41  -0.20   7.50  29.70
   0.65  -0.66   3.02   0.50  22.53  17.39
   0.65  -0.66   3.02   0.50  22.53  17.39
  -0.13  -1.01   3.85   0.57  -2.11  34.86
  -0.13  -1.01   3.85   0.57  -2.11  34.86
   0.40  -0.75   2.84   5.30  42.93  20.13
   0.40  -0.75   2.84   5.30  42.93  20.13
