  -0.03   0.26   3.10   0.48   0.90  39.02
  -0.03   0.26   3.10   0.48   0.90  39.02
   0.39   0.18   3.10  -1.66   5.25  44.40
   0.39   0.18   3.10  -1.66   5.25  44.40
  -0.35  -0.01   3.25  -3.63  13.28  35.04
  -0.35  -0.01   3.25  -3.63  13.28  35.04
   0.18   0.36   3.28  -1.99  16.03  34.71
   0.18   0.36   3.28  -1.99  16.03  34.71
  -0.22   0.39   3.30  -0.09 -10.49  40.14
  -0.22   0.39   3.30  -0.09 -10.49  40.14
   0.01   0.30   2.02  -1.08  29.03  27.83
   0.01   0.30   2.02  -1.08  29.03  27.83
  -0.21   0.01   3.11  -2.44   5.87  42.31
  -0.21   0.01   3.11  -2.44   5.87  42.31
   0.13   0.44   2.65   1.15  37.19  32.24
   0.13   0.44   2.65   1.15  37.19  32.24
  -1.00   0.75   2.55  -0.06  26.51  30.21
  -1.00   0.75   2.55  -0.06  26.51  30.21
   0.78   0.27   2.58  -1.52  37.26  29.23
   0.78   0.27   2.58  -1.52  37.26  29.23
  -0.25   0.80   2.02   2.69  36.94  21.78
  -0.25   0.80   2.02   2.69  36.94  21.78
  -0.11  -0.07   2.28   1.00  30.61  30.11
  -0.11  -0.07   2.28   1.00  30.61  30.11
  -0.13   0.71   2.16  -0.47  31.49  28.41
  -0.13   0.71   2.16  -0.47  31.49  28.41
  -0.17   0.08   3.19  -4.44   9.82  34.58
  -0.17   0.08   3.19  -4.44   9.82  34.58
  -0.38   0.43   3.95  -2.23 -16.38  47.40
  -0.38   0.43   3.95  -2.23 -16.38  47.40
   0.36   0.18   3.83  -3.57  -4.01  44.98
   0.36   0.18   3.83  -3.57  -4.01  44.98
  -0.61  -0.22   3.46   0.72  14.89  33.45
  -0.61  -0.22   3.46   0.72  14.89  33.45
   0.03   0.09   3.72   0.10  -7.90  45.34
   0.03   0.09   3.72   0.10  -7.90  45.34
   0.06  -0.53   3.84  -1.69   7.08  43.07
   0.06  -0.53   3.84  -1.69   7.08  43.07
  -0.15   0.20   3.09  -1.65  20.29  35.11
  -0.15   0.20   3.09  -1.65  20.29  35.11
  -0.12   0.35   2.78   0.55  25.09  27.67
  -0.12   0.35   2.78   0.55  25.09  27.67
   0.24   0.49   3.35  -0.31  20.37  35.67
   0.24   0.49   3.35  -0.31  20.37  35.67
  -0.30   0.85   2.85   1.64  23.05  26.22
  -0.30   0.85   2.85   1.64  23.05  26.22
   0.11  -0.25   3.61  -2.05  -0.13  40.49
   0.11  -0.25   3.61  -2.05  -0.13  40.49
   1.21  -0.06   3.56  -3.20 -11.18  42.49
   1.21  -0.06   3.56  -3.20 -11.18  42.49
   0.34   0.47   3.61   0.29 -14.92  45.59
   0.34   0.47   3.61   0.29 -14.92  45.59
   0.39   0.36   3.43  -3.37  -1.52  40.94
   0.39   0.36   3.43  -3.37  -1.52  40.94
   0.00  -0.05   3.22  -1.30   8.34  34.09
   0.00  -0.05   3.22  -1.30   8.34  34.09
   0.31  -0.25   3.29  -4.76   3.07  41.20
   0.31  -0.25   3.29  -4.76   3.07  41.20
   0.21  -0.25   3.28  -5.49  25.02  36.08
   0.21  -0.25   3.28  -5.49  25.02  36.08
   0.62   0.04   2.86  -0.70  37.15  35.58
   0.62   0.04   2.86  -0.70  37.15  35.58
   0.09   0.12   2.79   1.35  27.90  36.46
   0.09   0.12   2.79   1.35  27.90  36.46
   0.43   0.65   3.35  -0.96   3.76  42.35
   0.43   0.65   3.35  -0.96   3.76  42.35
  -0.32   1.18   2.76   3.96  14.42  25.17
  -0.32   1.18   2.76   3.96  14.42  25.17
   0.53  -0.58   3.27  -3.69  14.11  41.95
   0.53  -0.58   3.27  -3.69  14.11  41.95
   0.27   0.50   3.94   0.44 -22.26  43.98
   0.27   0.50   3.94   0.44 -22.26  43.98
   0.14  -0.12   2.74  -0.94  29.35  34.12
   0.14  -0.12   2.74  -0.94  29.35  34.12
   0.51  -0.21   3.26  -2.18  16.90  35.34
   0.51  -0.21   3.26  -2.18  16.90  35.34
   0.28   0.85   3.25  -0.88  -1.31  37.29
   0.28   0.85   3.25  -0.88  -1.31  37.29
  -0.24   0.17   3.83   0.45   1.40  39.92
  -0.24   0.17   3.83   0.45   1.40  39.92
   0.66  -0.17   3.68   1.08   2.49  41.74
   0.66  -0.17   3.68   1.08   2.49  41.74
   0.14   0.22   3.17   2.17  26.89  33.87
   0.14   0.22   3.17   2.17  26.89  33.87
   0.64   0.69   3.20  -2.55   1.31  39.44
   0.64   0.69   3.20  -2.55   1.31  39.44
  -0.57  -0.22   3.87  -1.94  -8.35  41.77
  -0.57  -0.22   3.87  -1.94  -8.35  41.77
  -0.08  -0.11   3.03  -2.34  16.73  30.54
  -0.08  -0.11   3.03  -2.34  16.73  30.54
   0.17  -0.15   2.85   1.48  31.13  36.34
   0.17  -0.15   2.85   1.48  31.13  36.34
  -0.32  -0.02   2.85  -1.33  23.40  33.46
  -0.32  -0.02   2.85  -1.33  23.40  33.46
  -0.10   0.14   2.60  -0.78  19.69  32.71
  -0.10   0.14   2.60  -0.78  19.69  32.71
   0.35   0.61   2.62  -1.82  30.53  30.41
   0.35   0.61   2.62  -1.82  30.53  30.41
   0.44   0.45   3.82  -1.72 -12.98  42.94
   0.44   0.45   3.82  -1.72 -12.98  42.94
   0.33   0.35   3.51  -0.94  -5.15  39.14
   0.33   0.35   3.51  -0.94  -5.15  39.14
   0.35   0.47   2.52  -1.67  30.67  28.29
   0.35   0.47   2.52  -1.67  30.67  28.29
   0.10   0.38   3.37   2.60  25.37  37.97
   0.10   0.38   3.37   2.60  25.37  37.97
   0.04  -0.33   3.18  -2.35  12.52  40.33
   0.04  -0.33   3.18  -2.35  12.52  40.33
  -0.56   0.64   2.89   0.54  13.61  37.07
  -0.56   0.64   2.89   0.54  13.61  37.07
  -0.50  -0.25   3.44  -0.78   1.61  44.13
  -0.50  -0.25   3.44  -0.78   1.61  44.13
   1.09   0.18   3.25  -4.31   4.73  40.49
   1.09   0.18   3.25  -4.31   4.73  40.49
   0.25   0.22   2.68  -0.94  21.75  38.35
   0.25   0.22   2.68  -0.94  21.75  38.35
  -0.11   0.85   2.99  -0.69  30.58  33.30
  -0.11   0.85   2.99  -0.69  30.58  33.30
  -0.22  -0.01   3.90  -0.96   6.76  45.65
  -0.22  -0.01   3.90  -0.96   6.76  45.65
  -0.18   0.16   3.80  -0.71  22.54  39.45
  -0.18   0.16   3.80  -0.71  22.54  39.45
  -0.09   0.54   2.59   2.93  25.68  22.87
  -0.09   0.54   2.59   2.93  25.68  22.87
  -0.53   0.21   3.53  -3.38  -3.66  34.57
  -0.53   0.21   3.53  -3.38  -3.66  34.57
   0.38   1.00   2.64  -1.84  17.80  27.26
   0.38   1.00   2.64  -1.84  17.80  27.26
   0.07   0.58   2.77   2.78  23.45  36.11
   0.07   0.58   2.77   2.78  23.45  36.11
   0.32  -0.02   3.81  -0.97 -13.63  41.79
   0.32  -0.02   3.81  -0.97 -13.63  41.79
   0.16   0.60   2.08  -0.34  26.79  24.18
   0.16   0.60   2.08  -0.34  26.79  24.18
   0.10   0.20   3.50  -2.87   4.43  44.11
   0.10   0.20   3.50  -2.87   4.43  44.11
   0.08  -0.04   2.57  -2.08  31.98  36.22
   0.08  -0.04   2.57  -2.08  31.98  36.22
  -0.33   0.18   3.60  -3.05  -6.05  37.20
  -0.33   0.18   3.60  -3.05  -6.05  37.20
   0.01   0.30   2.14  -0.45  32.23  31.33
   0.01   0.30   2.14  -0.45  32.23  31.33
   0.22   0.34   2.74  -0.86  25.71  28.98
   0.22   0.34   2.74  -0.86  25.71  28.98
   0.36   0.07   2.68  -2.02  24.99  30.44
   0.36   0.07   2.68  -2.02  24.99  30.44
  -0.22   0.05   3.39   0.81  -2.19  42.70
  -0.22   0.05   3.39   0.81  -2.19  42.70
  -0.04  -0.15   3.14  -0.51  15.85  40.45
  -0.04  -0.15   3.14  -0.51  15.85  40.45
   0.77  -0.08   3.96  -2.21 -12.78  41.15
   0.77  -0.08   3.96  -2.21 -12.78  41.15
  -0.10   0.51   3.39  -2.33  25.75  33.43
  -0.10   0.51   3.39  -2.33  25.75  33.43
   0.20   0.08   3.11   2.35  16.12  37.48
   0.20   0.08   3.11   2.35  16.12  37.48
   0.01   0.49   2.51  -1.46  23.03  27.84
   0.01   0.49   2.51  -1.46  23.03  27.84
   0.05  -0.14   2.93  -0.12  30.79  32.45
   0.05  -0.14   2.93  -0.12  30.79  32.45
  -0.36  -0.33   2.82  -1.29   4.23  34.28
  -0.36  -0.33   2.82  -1.29   4.23  34.28
  -0.74  -0.42   2.99  -0.45   4.11  38.46
  -0.74  -0.42   2.99  -0.45   4.11  38.46
  -0.45  -0.95   2.81   1.28   9.70  37.24
  -0.45  -0.95   2.81   1.28   9.70  37.24
  -0.17  -0.20   3.59  -3.94   5.62  37.51
  -0.17  -0.20   3.59  -3.94   5.62  37.51
   0.31  -0.03   3.91  -2.91 -17.54  43.12
   0.31  -0.03   3.91  -2.91 -17.54  43.12
  -0.18   0.20   2.69  -3.04  29.34  32.29
  -0.18   0.20   2.69  -3.04  29.34  32.29
  -0.16   0.10   3.18  -1.69  11.21  40.53
  -0.16   0.10   3.18  -1.69  11.21  40.53
  -0.88  -0.32   3.17  -4.33  -7.98  38.38
  -0.88  -0.32   3.17  -4.33  -7.98  38.38
   0.11  -0.48   3.69   0.67  -1.24  47.07
   0.11  -0.48   3.69   0.67  -1.24  47.07
  -0.15   0.48   2.97   5.52  19.03  37.00
  -0.15   0.48   2.97   5.52  19.03  37.00
   0.23  -0.47   3.20  -4.46   6.72  35.75
   0.23  -0.47   3.20  -4.46   6.72  35.75
  -0.70   0.11   3.08  -0.92  18.95  27.71
  -0.70   0.11   3.08  -0.92  18.95  27.71
  -0.34  -0.06   3.55  -3.86   4.57  43.86
  -0.34  -0.06   3.55  -3.86   4.57  43.86
   0.88   0.15   3.40  -4.45  -3.19  38.39
   0.88   0.15   3.40  -4.45  -3.19  38.39
   0.31   0.33   2.51   4.14  40.38  25.82
   0.31   0.33   2.51   4.14  40.38  25.82
   0.12  -0.19   3.07  -1.37  22.70  31.01
   0.12  -0.19   3.07  -1.37  22.70  31.01
  -0.51   0.81   2.39   3.61  35.64  23.56
  -0.51   0.81   2.39   3.61  35.64  23.56
  -0.45   0.07   3.02  -2.24  17.67  26.89
  -0.45   0.07   3.02  -2.24  17.67  26.89
   0.06   0.14   3.51  -3.77  14.60  36.39
   0.06   0.14   3.51  -3.77  14.60  36.39
   0.14   0.12   2.82  -1.11  19.24  37.09
   0.14   0.12   2.82  -1.11  19.24  37.09
  -0.52  -0.14   4.17  -3.72 -19.61  43.48
  -0.52  -0.14   4.17  -3.72 -19.61  43.48
