1 3.22
2 3.22
3 3.25
4 3.25
5 2.94
6 2.94
7 3.44
8 3.44
9 3.69
10 3.69
11 3.33
12 3.33
13 3.30
14 3.30
15 4.22
16 4.22
17 2.67
18 2.67
19 2.27
20 2.27
21 2.58
22 2.58
23 3.29
24 3.29
25 2.86
26 2.86
27 3.60
28 3.60
29 3.15
30 3.15
31 3.22
32 3.22
33 4.06
34 4.06
35 2.79
36 2.79
37 3.29
38 3.29
39 3.47
40 3.47
41 3.47
42 3.47
43 3.29
44 3.29
45 3.31
46 3.31
47 2.66
48 2.66
49 3.65
50 3.65
51 3.72
52 3.72
53 3.23
54 3.23
55 3.14
56 3.14
57 2.93
58 2.93
59 3.22
60 3.22
61 2.81
62 2.81
63 3.33
64 3.33
65 2.76
66 2.76
67 2.44
68 2.44
69 2.81
70 2.81
71 2.89
72 2.89
73 2.94
74 2.94
75 2.34
76 2.34
77 2.68
78 2.68
79 3.09
80 3.09
81 2.40
82 2.40
83 2.69
84 2.69
85 3.19
86 3.19
87 3.82
88 3.82
89 3.09
90 3.09
91 2.36
92 2.36
93 3.30
94 3.30
95 3.10
96 3.10
97 3.64
98 3.64
99 3.86
100 3.86
101 3.68
102 3.68
103 3.76
104 3.76
105 3.44
106 3.44
107 2.77
108 2.77
109 2.37
110 2.37
111 2.73
112 2.73
113 3.54
114 3.54
115 2.95
116 2.95
117 3.64
118 3.64
119 3.20
120 3.20
121 3.56
122 3.56
123 2.90
124 2.90
125 3.25
126 3.25
127 3.27
128 3.27
129 3.28
130 3.28
131 2.98
132 2.98
133 3.18
134 3.18
135 3.24
136 3.24
137 3.41
138 3.41
139 2.72
140 2.72
141 3.52
142 3.52
143 2.86
144 2.86
145 3.35
146 3.35
147 2.55
148 2.55
149 3.47
150 3.47
151 2.96
152 2.96
153 3.34
154 3.34
155 2.16
156 2.16
157 2.79
158 2.79
159 3.33
160 3.33
161 2.01
162 2.01
163 2.47
164 2.47
165 3.37
166 3.37
167 3.90
168 3.90
169 2.65
170 2.65
171 3.63
172 3.63
173 2.55
174 2.55
175 3.31
176 3.31
177 2.89
178 2.89
179 3.29
180 3.29
181 3.81
182 3.81
183 3.75
184 3.75
185 3.19
186 3.19
187 3.44
188 3.44
189 3.90
190 3.90
191 2.56
192 2.56
193 2.71
194 2.71
195 2.00
196 2.00
197 2.85
198 2.85
199 2.16
200 2.16
201 3.26
202 3.26
