1	152.43
2	148.91
3	149.51
4	154.65
5	154.71
6	152.57
7	150.78
8	158.43
9	153.02
10	151.17
11	155.04
12	149.62
13	152.24
14	148.84
15	150.78
16	150.06
17	151.93
18	152.11
19	150.41
20	148.76
21	151.51
22	152.79
23	152.09
24	152.72
25	150.71
26	153.60
27	150.86
28	153.60
29	152.13
30	153.37
31	150.12
32	152.67
33	146.72
34	150.52
35	149.88
36	149.98
37	150.11
38	149.49
39	153.38
40	154.50
41	153.91
42	155.53
43	151.65
44	148.15
45	148.08
46	146.23
47	151.31
48	151.75
49	150.52
50	152.60
51	151.83
