1	-1.55
2	-8.16
3	-7.12
4	-5.07
5	-7.69
6	0.66
7	1.85
8	-17.67
9	-8.67
10	-7.12
11	-3.07
12	-0.52
13	-7.54
14	-2.00
15	-3.71
16	2.90
17	-7.73
18	-2.24
19	-8.22
20	-3.37
21	-3.54
22	-10.20
23	-4.77
24	-4.44
25	1.07
26	-4.10
27	2.14
28	-2.68
29	0.52
30	-1.21
31	-9.05
32	-4.64
33	-6.92
34	-9.98
35	2.11
36	3.72
37	1.58
38	-4.46
39	-3.26
40	-2.36
41	-7.95
42	-4.99
43	0.71
44	-10.34
45	2.08
46	-3.07
47	-2.33
48	-2.11
49	0.33
50	1.46
51	-4.74
52	2.16
53	8.83
54	1.85
55	-8.54
56	1.39
57	-4.03
58	2.26
59	-1.38
60	0.58
61	3.88
62	-5.14
63	-4.24
64	-5.47
65	-3.06
66	-7.07
67	-6.38
68	-1.79
69	-1.81
70	-11.29
71	-2.62
72	-6.42
73	-4.39
74	-5.81
75	1.39
76	-1.59
77	-8.86
78	0.82
79	-3.56
80	-5.60
81	-3.71
82	-13.55
83	-7.68
84	-3.22
85	0.20
86	-8.16
87	-4.74
88	-1.57
89	-4.36
90	-6.21
91	3.94
92	-7.81
93	2.37
94	-3.90
95	-5.15
96	-8.36
97	-11.41
98	-4.40
99	-6.25
100	-4.18
101	-0.91
