1	1.82
2	-2.40
3	6.31
4	-0.59
5	2.58
6	4.23
7	9.89
8	4.55
9	-2.20
10	9.02
11	-3.37
12	2.28
13	2.79
14	-3.41
15	11.32
16	2.74
17	7.79
18	0.57
19	-0.81
20	-0.67
21	-5.39
22	3.35
23	-3.02
24	5.72
25	2.04
26	-1.41
27	9.87
28	1.60
29	1.40
30	-0.76
31	-3.13
32	7.16
33	6.52
34	3.16
35	0.02
36	5.64
37	8.38
38	-0.37
39	1.42
40	2.65
41	1.25
42	5.17
43	-1.76
44	4.32
45	0.95
46	-0.80
47	1.28
48	4.95
49	15.96
50	4.74
51	-1.09
52	9.75
53	5.49
54	0.95
55	1.86
56	-8.46
57	19.70
58	4.92
59	6.24
60	-2.66
61	10.72
62	10.44
63	6.67
64	0.32
65	-4.75
66	8.62
67	2.54
68	-1.78
69	4.50
70	-0.97
71	-1.06
72	-1.40
73	7.90
74	-2.78
75	3.25
76	10.19
77	3.46
78	5.89
79	5.81
80	4.77
81	6.35
82	3.91
83	-6.51
84	10.98
85	2.85
86	-3.87
87	5.10
88	1.18
89	3.02
90	1.05
91	11.79
92	8.19
93	0.70
94	3.67
95	-1.57
96	5.81
97	3.95
98	-2.98
99	2.41
100	2.88
101	3.49
