1	4.59
2	5.84
3	3.82
4	5.01
5	NaN
6	3.45
7	2.39
8	5.75
9	4.59
10	3.04
11	3.46
12	3.40
13	3.11
14	6.42
15	6.08
16	8.75
17	6.99
18	6.18
19	5.70
20	7.15
21	6.68
22	5.91
23	6.95
24	6.04
25	7.41
26	5.92
27	6.45
28	2.43
29	1.86
30	2.52
31	4.64
32	7.61
33	9.91
34	7.73
35	0.80
36	8.46
37	7.34
38	2.82
39	6.87
40	4.68
41	NaN
42	8.17
43	8.07
44	7.04
45	6.94
46	7.97
47	5.92
48	6.60
49	5.88
50	6.43
51	7.78
52	7.79
53	9.04
54	8.87
55	7.39
56	7.58
57	1.26
58	4.45
59	7.27
60	8.18
61	7.99
62	6.80
63	7.38
64	5.00
65	4.51
66	2.26
67	6.51
68	7.30
69	5.34
70	2.35
71	6.96
72	2.60
73	5.47
74	5.28
75	3.89
76	3.61
77	4.93
78	1.02
79	5.13
80	3.25
81	3.23
82	1.98
83	2.74
84	2.18
85	7.96
86	5.08
87	3.00
88	4.61
89	3.03
90	3.52
91	2.67
92	4.45
93	3.44
94	2.11
95	6.07
96	7.15
97	4.74
98	5.13
99	7.24
100	2.97
101	7.80
