1	12.32
2	12.42
3	12.29
4	12.26
5	NaN
6	12.83
7	13.76
8	12.61
9	13.56
10	13.14
11	12.12
12	11.35
13	12.19
14	12.02
15	14.11
16	12.43
17	12.58
18	10.71
19	12.52
20	10.40
21	10.77
22	13.13
23	7.54
24	13.84
25	11.50
26	14.10
27	9.97
28	11.10
29	13.35
30	12.75
31	11.20
32	13.27
33	8.96
34	14.59
35	14.22
36	12.31
37	9.03
38	12.82
39	7.36
40	12.72
41	NaN
42	13.60
43	12.89
44	12.62
45	9.96
46	15.05
47	12.81
48	10.25
49	13.66
50	11.90
51	12.05
52	10.89
53	12.04
54	11.38
55	11.93
56	11.82
57	14.43
58	12.18
59	10.79
60	13.16
61	9.71
62	12.06
63	13.63
64	13.41
65	11.72
66	12.53
67	12.34
68	10.27
69	11.45
70	12.55
71	10.61
72	13.59
73	11.55
74	11.85
75	12.97
76	13.67
77	14.24
78	14.49
79	13.38
80	13.04
81	11.33
82	13.25
83	11.64
84	13.19
85	13.10
86	11.66
87	12.11
88	11.26
89	12.15
90	12.53
91	13.77
92	12.89
93	11.64
94	12.57
95	12.82
96	10.69
97	13.29
98	13.49
99	10.12
100	12.34
101	11.81
