2	ATAT   2.61  14.20
3	TTAA  -5.71   9.80
4	TATA   9.40  11.20
5	ACGT   6.28  11.00
6	CATG  -7.24  13.30
7	ATAT   2.47  16.10
8	TATA  12.66  15.40
9	ACGT   7.71  10.50
10	CATG  -7.40   9.20
11	ATAT  -0.84  13.60
12	TATA  15.67  17.60
13	ACGT  -2.84  15.80
14	CATG   2.60  14.60
15	AGCT   3.73  13.00
16	GATC   2.74  13.00
17	ATAT  -1.91  11.70
18	TTAA  -5.44  10.10
19	TATA   7.98   9.20
20	ACGT  -0.43   9.80
21	CATG   1.98  11.40
22	ATAT   0.77  18.00
23	TATA  12.82  15.40
24	ACGT   1.67  14.50
25	CATG  -2.08  14.00
26	ATAT   4.03  17.70
27	TATA  11.00  18.40
28	ACGT   0.72  18.80
