2	ATAT  -1.11   0.30
3	TTAA  -0.14   0.30
4	TATA   0.31   0.30
5	ACGT  -0.55   0.30
6	CATG   0.10   0.30
7	ATAT  -1.10   0.30
8	TATA   0.16   0.40
9	ACGT  -0.68   0.30
10	CATG   0.29   0.40
11	ATAT  -1.07   0.30
12	TATA   0.14   0.30
13	ACGT  -0.70   0.30
14	CATG  -0.18   0.30
15	AGCT  -0.31   0.30
16	GATC   0.07   0.30
17	ATAT  -1.09   0.30
18	TTAA  -0.16   0.30
19	TATA   0.26   0.30
20	ACGT  -0.47   0.40
21	CATG   0.17   0.30
22	ATAT  -1.03   0.30
23	TATA   0.13   0.30
24	ACGT  -0.68   0.20
25	CATG   0.00   0.30
26	ATAT  -1.09   0.30
27	TATA   0.15   0.30
28	ACGT  -0.73   0.30
