1	-3.26
2	7.16
3	4.52
4	5.60
5	12.37
6	11.49
7	1.13
8	5.63
9	3.72
10	13.67
11	13.99
12	4.46
13	9.54
14	3.64
15	4.51
16	-1.26
17	-2.65
18	2.70
19	5.33
20	7.38
21	-1.39
22	7.97
23	1.11
24	6.23
25	10.59
26	8.37
27	4.42
28	4.52
29	4.85
30	6.91
31	4.20
32	2.08
33	9.87
34	9.46
35	3.20
36	-1.50
37	8.17
38	10.15
39	-1.44
40	8.45
41	12.69
42	7.46
43	12.55
44	-1.22
45	2.34
46	11.30
47	4.66
48	4.84
49	-2.73
50	-4.84
51	-0.36
52	5.66
53	1.74
54	9.44
55	9.92
56	2.68
57	3.92
58	-0.65
59	1.41
60	6.07
61	4.76
62	6.11
63	-3.12
64	2.32
65	-0.74
66	-1.34
67	9.21
68	-0.46
69	3.48
70	9.47
71	11.16
72	10.40
73	4.86
74	7.28
75	9.59
76	7.10
77	5.40
78	7.88
79	7.61
80	5.67
81	20.73
82	10.26
83	5.82
84	4.82
85	14.78
86	7.03
87	8.87
88	6.40
89	6.83
90	8.35
91	7.75
92	7.34
93	8.93
94	7.47
95	7.49
96	15.53
97	12.62
98	16.38
99	10.14
100	5.43
101	4.88
