1	1.51
2	12.82
3	-2.08
4	3.20
5	-12.29
6	3.08
7	-1.94
8	23.78
9	-8.87
10	-10.11
11	-18.82
12	5.07
13	1.53
14	-4.74
15	-1.53
16	6.54
17	-6.26
18	2.71
19	1.57
20	2.77
21	5.57
22	11.93
23	-6.41
24	-4.13
25	-4.71
26	17.47
27	-0.95
28	-2.36
29	-16.74
30	-4.92
31	6.94
32	0.55
33	-5.96
34	-9.46
35	-9.82
36	11.03
37	-3.54
38	-8.30
39	-9.03
40	-2.02
41	-3.65
42	-21.36
43	27.99
44	0.38
45	-4.66
46	-5.78
47	-4.99
48	1.94
49	-5.15
50	0.91
51	-12.61
52	-3.78
53	3.13
54	1.50
55	-3.15
56	5.63
57	-3.78
58	-1.10
59	-1.18
60	-2.85
61	-3.82
62	-4.11
63	4.46
64	5.59
65	3.52
66	-3.00
67	2.44
68	4.26
69	4.88
70	-20.20
71	2.15
72	-10.18
73	-0.43
74	-11.96
75	-7.86
76	2.79
77	-4.99
78	-4.18
79	16.05
80	-10.65
81	-34.18
82	-19.36
83	-11.56
84	-0.66
85	2.13
86	-3.30
87	-17.76
88	-19.77
89	-10.48
90	1.22
91	12.17
92	-3.29
93	-11.91
94	1.18
95	-2.19
96	-8.38
97	-13.63
98	-13.84
99	-0.83
100	-5.16
101	-13.75
