1 1.00
2 1.00
3 17.18
4 17.18
5 26.11
6 26.11
7 7.18
8 7.18
9 37.61
10 37.61
11 5.76
12 5.76
13 0.50
14 0.50
15 41.23
16 41.23
17 20.66
18 20.66
19 18.96
20 18.96
21 3.00
22 3.00
23 5.18
24 5.18
25 -2.06
26 -2.06
27 11.93
28 11.93
29 -2.09
30 -2.09
31 12.67
32 12.67
33 3.23
34 3.23
35 23.37
36 23.37
37 13.60
38 13.60
39 -1.00
40 -1.00
41 -0.36
42 -0.36
43 5.20
44 5.20
45 19.12
46 19.12
47 8.97
48 8.97
49 25.51
50 25.51
51 8.11
52 8.11
53 4.76
54 4.76
55 12.07
56 12.07
57 -2.99
58 -2.99
59 10.40
60 10.40
61 7.64
62 7.64
63 -7.61
64 -7.61
65 21.42
66 21.42
67 2.04
68 2.04
69 1.25
70 1.25
71 14.15
72 14.15
73 5.73
74 5.73
75 -0.54
76 -0.54
77 1.97
78 1.97
79 9.54
80 9.54
81 -1.78
82 -1.78
83 17.94
84 17.94
85 11.79
86 11.79
87 -3.85
88 -3.85
89 8.03
90 8.03
91 15.10
92 15.10
93 3.05
94 3.05
95 8.58
96 8.58
97 9.40
98 9.40
99 14.83
100 14.83
101 14.32
102 14.32
103 16.83
104 16.83
105 22.19
106 22.19
107 -4.79
108 -4.79
109 -0.61
110 -0.61
111 10.87
112 10.87
113 13.41
114 13.41
115 2.63
116 2.63
117 -7.73
118 -7.73
119 5.91
120 5.91
121 22.16
122 22.16
123 -4.09
124 -4.09
125 -7.12
126 -7.12
127 -1.14
128 -1.14
129 0.36
130 0.36
131 3.79
132 3.79
133 4.62
134 4.62
135 11.52
136 11.52
137 11.96
138 11.96
139 -5.66
140 -5.66
141 15.52
142 15.52
143 3.89
144 3.89
145 -22.08
146 -22.08
147 11.56
148 11.56
149 25.96
150 25.96
151 3.11
152 3.11
153 4.50
154 4.50
155 20.41
156 20.41
157 -6.48
158 -6.48
159 14.98
160 14.98
161 47.01
162 47.01
163 14.25
164 14.25
165 8.23
166 8.23
167 5.57
168 5.57
169 7.81
170 7.81
171 22.01
172 22.01
173 0.50
174 0.50
175 19.29
176 19.29
177 9.31
178 9.31
179 -12.68
180 -12.68
181 9.66
182 9.66
183 7.13
184 7.13
185 29.95
186 29.95
187 14.29
188 14.29
189 30.55
190 30.55
191 6.76
192 6.76
193 26.11
194 26.11
195 10.86
196 10.86
197 18.63
198 18.63
199 6.18
200 6.18
201 13.55
202 13.55
