1 -0.57
2 -0.57
3 -0.06
4 -0.06
5 -0.22
6 -0.22
7 -3.10
8 -3.10
9 -0.59
10 -0.59
11 -2.16
12 -2.16
13 -3.43
14 -3.43
15 1.63
16 1.63
17 -3.63
18 -3.63
19 -1.55
20 -1.55
21 -4.03
22 -4.03
23 -3.48
24 -3.48
25 -4.61
26 -4.61
27 -1.24
28 -1.24
29 -2.42
30 -2.42
31 -1.14
32 -1.14
33 -1.75
34 -1.75
35 -1.01
36 -1.01
37 -2.77
38 -2.77
39 -2.01
40 -2.01
41 -1.69
42 -1.69
43 -2.13
44 -2.13
45 -1.55
46 -1.55
47 -3.28
48 -3.28
49 -1.11
50 -1.11
51 -1.40
52 -1.40
53 0.18
54 0.18
55 -2.75
56 -2.75
57 0.01
58 0.01
59 -1.81
60 -1.81
61 -3.27
62 -3.27
63 -2.04
64 -2.04
65 2.61
66 2.61
67 0.73
68 0.73
69 -1.18
70 -1.18
71 -4.52
72 -4.52
73 -2.04
74 -2.04
75 -2.22
76 -2.22
77 -1.18
78 -1.18
79 1.54
80 1.54
81 -1.76
82 -1.76
83 -1.99
84 -1.99
85 -2.89
86 -2.89
87 -0.41
88 -0.41
89 -2.78
90 -2.78
91 0.00
92 0.00
93 -2.88
94 -2.88
95 -3.22
96 -3.22
97 0.79
98 0.79
99 -0.09
100 -0.09
101 -0.02
102 -0.02
103 0.00
104 0.00
105 0.30
106 0.30
107 -3.32
108 -3.32
109 -3.36
110 -3.36
111 -3.91
112 -3.91
113 -2.44
114 -2.44
115 -3.56
116 -3.56
117 -2.84
118 -2.84
119 -2.67
120 -2.67
121 -2.19
122 -2.19
123 0.65
124 0.65
125 -3.14
126 -3.14
127 -1.73
128 -1.73
129 -1.31
130 -1.31
131 -2.59
132 -2.59
133 -2.06
134 -2.06
135 -1.80
136 -1.80
137 -4.67
138 -4.67
139 -0.52
140 -0.52
141 -1.67
142 -1.67
143 -3.43
144 -3.43
145 -2.06
146 -2.06
147 -1.12
148 -1.12
149 -0.22
150 -0.22
151 -3.24
152 -3.24
153 0.45
154 0.45
155 -2.39
156 -2.39
157 -2.23
158 -2.23
159 0.54
160 0.54
161 0.64
162 0.64
163 0.13
164 0.13
165 -2.85
166 -2.85
167 -0.13
168 -0.13
169 -0.44
170 -0.44
171 -1.85
172 -1.85
173 0.57
174 0.57
175 -1.49
176 -1.49
177 -0.55
178 -0.55
179 -3.64
180 -3.64
181 -1.91
182 -1.91
183 -2.05
184 -2.05
185 0.40
186 0.40
187 1.30
188 1.30
189 -0.41
190 -0.41
191 0.89
192 0.89
193 0.22
194 0.22
195 2.47
196 2.47
197 0.12
198 0.12
199 -2.09
200 -2.09
201 1.44
202 1.44
