1	4.24
2	6.07
3	3.05
4	4.29
5	5.16
6	4.87
7	6.35
8	6.54
9	5.95
10	1.60
11	4.64
12	4.84
13	1.90
14	6.60
15	6.05
16	5.03
17	5.76
18	5.99
19	4.99
20	7.77
21	5.22
22	6.48
23	6.13
24	6.89
25	5.36
26	5.73
27	4.31
28	5.38
29	5.50
30	4.61
31	5.80
32	4.05
33	6.42
34	6.00
35	3.02
36	2.52
37	5.53
38	4.04
39	4.91
40	4.77
41	4.38
42	4.96
43	2.51
44	1.52
45	3.62
46	5.41
47	3.13
48	4.40
49	4.39
50	4.43
51	0.94
52	4.59
53	2.54
54	3.18
55	4.40
56	5.26
57	6.32
58	4.14
59	3.89
60	5.14
61	5.59
62	6.08
63	1.00
64	5.94
65	5.09
66	2.47
67	4.50
68	6.17
69	4.67
70	3.77
71	6.05
72	5.12
73	5.40
74	4.62
75	7.24
76	6.53
77	6.10
78	7.10
79	5.85
80	5.98
81	3.98
82	4.96
83	5.97
84	5.44
85	5.64
86	5.72
87	4.70
88	5.56
89	5.94
90	5.73
91	7.38
92	5.95
93	4.45
94	4.87
95	6.71
96	5.30
97	6.01
98	4.92
99	5.02
100	2.27
101	4.00
