1 -0.73
2 -0.73
3 -0.73
4 -0.73
5 -0.65
6 -0.65
7 -0.69
8 -0.69
9 -0.73
10 -0.73
11 -0.69
12 -0.69
13 -0.65
14 -0.65
15 -0.69
16 -0.69
17 -0.77
18 -0.77
19 -0.72
20 -0.72
21 -0.78
22 -0.78
23 -0.68
24 -0.68
25 -0.65
26 -0.65
27 -0.71
28 -0.71
29 -0.78
30 -0.78
31 -0.69
32 -0.69
33 -0.63
34 -0.63
35 -0.77
36 -0.77
37 -0.67
38 -0.67
39 -0.66
40 -0.66
41 -0.70
42 -0.70
43 -0.64
44 -0.64
45 -0.70
46 -0.70
47 -0.75
48 -0.75
49 -0.71
50 -0.71
51 -0.66
52 -0.66
53 -0.64
54 -0.64
55 -0.71
56 -0.71
57 -0.72
58 -0.72
59 -0.62
60 -0.62
61 -0.76
62 -0.76
63 -0.69
64 -0.69
65 -0.79
66 -0.79
67 -0.66
68 -0.66
69 -0.77
70 -0.77
71 -0.63
72 -0.63
73 -0.57
74 -0.57
75 -0.70
76 -0.70
77 -0.69
78 -0.69
79 -0.68
80 -0.68
81 -0.71
82 -0.71
83 -0.64
84 -0.64
85 -0.63
86 -0.63
87 -0.78
88 -0.78
89 -0.72
90 -0.72
91 -0.70
92 -0.70
93 -0.73
94 -0.73
95 -0.69
96 -0.69
97 -0.70
98 -0.70
99 -0.75
100 -0.75
101 -0.64
102 -0.64
