1	152.31
2	156.62
3	148.82
4	176.30
5	126.16
6	151.75
7	172.96
8	162.35
9	145.67
10	144.57
11	148.01
12	147.35
13	160.31
14	136.56
15	165.52
16	163.01
17	154.32
18	142.70
19	172.15
20	159.12
21	166.63
22	150.79
23	172.01
24	157.48
25	129.71
26	164.23
27	161.05
28	121.82
29	167.42
30	159.56
31	138.13
32	157.54
33	153.79
34	157.00
35	153.92
36	127.12
37	167.83
38	151.51
39	144.72
40	166.18
41	142.83
42	131.50
43	159.90
44	174.86
45	152.78
46	152.88
47	155.22
48	155.71
49	168.43
50	171.10
51	185.44
52	160.89
53	162.36
54	141.93
55	141.10
56	141.16
57	175.12
58	159.29
59	163.12
60	179.52
61	148.94
62	152.74
63	164.11
64	158.14
65	157.42
66	138.74
67	163.15
68	138.17
69	132.01
70	141.66
71	156.90
72	137.29
73	169.29
74	151.99
75	137.47
76	140.73
77	185.81
78	143.46
79	164.45
80	162.71
81	147.51
82	160.25
83	151.71
84	144.95
85	156.87
86	145.25
87	154.25
88	138.53
89	149.98
90	137.84
91	156.63
92	176.14
93	151.36
94	163.23
95	179.76
96	146.24
97	140.06
98	148.95
99	141.79
100	158.43
101	151.56
