1	240.86
2	287.54
3	295.89
4	268.32
5	315.49
6	276.58
7	281.35
8	308.68
9	289.45
10	270.98
11	301.86
12	283.54
13	277.11
14	263.79
15	296.61
16	254.24
17	309.47
18	287.01
19	290.89
20	280.16
21	257.48
22	275.94
23	293.4
24	290.1
25	319.84
26	282.23
27	274.93
28	311.12
29	285
30	271.66
31	277.94
32	270.45
33	261.59
34	242.49
35	283.32
36	312.39
37	286.95
38	276.65
39	279.07
40	264.31
41	242.85
42	296.1
43	312.71
44	277.26
45	290.02
46	250.02
47	277.62
48	269.44
49	255.89
50	264.74
51	262.32
52	289.89
53	272.17
54	187.12
55	233.82
56	316.86
57	287.81
58	280.41
59	292.88
60	264.47
61	300.1
62	241.82
63	277.2
64	294.18
65	282.43
66	287.47
67	293.98
68	288.02
69	290.69
70	239.43
71	300.75
72	329.52
73	289.18
74	279.18
75	286.66
76	276.89
77	261.45
78	299.72
79	270.32
80	267.48
81	328.75
82	266.33
83	292.95
84	308.65
85	262.39
86	270.56
87	277.44
88	NaN
89	242.2
90	225.46
91	302.62
92	275.76
93	284.2
94	276.26
95	309.66
96	217.46
97	315.88
98	264.25
99	288.11
100	304.3
101	330.71
