1 -1.286
2 -0.673
3 -3.738
4 0.644
5 -0.721
6 1.213
7 5.872
8 -3.171
9 -0.476
10 2.293
11 0.105
12 -3.530
13 2.692
14 -0.072
15 -2.023
16 2.078
17 1.901
18 -0.885
19 0.212
20 0.392
21 1.215
22 1.698
23 -1.188
24 -2.917
25 -0.218
26 2.558
27 0.464
28 -3.682
29 -3.936
30 1.482
31 1.573
32 -1.846
33 0.168
34 -1.849
35 -1.844
36 -4.397
37 2.593
38 -1.476
39 -2.788
40 0.675
41 -0.862
42 -3.493
43 -2.019
44 0.359
45 -2.705
46 0.157
47 2.511
48 -1.090
49 -1.425
50 -4.351
51 0.755
52 1.966
53 0.797
54 4.779
55 2.870
56 -1.946
57 0.476
58 -0.421
59 0.362
60 2.144
61 1.272
62 1.798
63 2.259
64 1.788
65 -3.516
66 1.259
67 0.464
68 0.703
69 0.786
70 -0.713
71 1.537
72 -0.313
73 2.457
74 -2.045
75 -1.187
76 -1.166
77 2.071
78 -0.204
79 -3.046
80 4.843
81 -4.561
82 -3.068
83 0.593
84 -4.572
85 0.832
86 0.986
87 0.266
88 -0.577
89 1.115
90 5.189
91 1.662
92 2.374
93 1.830
94 1.253
95 0.010
96 3.591
97 -2.551
98 -1.133
99 -2.848
100 -0.248
101 3.134
