1 -4.721
2 -9.586
3 -10.899
4 -11.940
5 -15.658
6 -18.401
7 -24.216
8 -12.914
9 -11.181
10 -15.120
11 -10.108
12 6.600
13 18.992
14 25.574
15 25.957
16 19.951
17 13.971
18 13.700
19 8.832
20 3.616
21 7.588
22 9.939
23 11.103
24 3.659
25 4.880
26 0.755
27 -4.848
28 5.138
29 1.955
30 -5.889
31 2.373
32 6.811
33 11.148
34 9.243
35 2.184
36 6.002
37 2.559
38 -6.183
39 -13.461
40 -15.477
41 -15.908
42 -14.676
43 2.981
44 -8.331
45 -6.201
46 -13.657
47 -14.767
48 -6.901
49 -8.632
50 -8.553
51 -9.358
52 3.953
53 5.129
54 -3.541
55 5.630
56 13.396
57 7.793
58 7.490
59 14.143
60 12.572
61 13.208
62 9.773
63 4.549
64 3.219
65 3.871
66 6.141
67 7.442
68 1.169
69 -0.654
70 2.839
71 -1.628
72 7.795
73 -2.018
74 -5.546
75 -6.166
76 -5.095
77 4.646
78 6.721
79 7.592
80 1.369
81 -8.312
82 -3.040
83 8.567
84 3.570
85 -8.214
86 -17.152
87 -6.538
88 3.238
89 -0.872
90 -1.317
91 -4.676
92 -13.354
93 -10.272
94 9.902
95 6.581
96 -2.547
97 -3.141
98 3.299
99 10.599
100 6.862
101 12.246
