1 0.039
2 -4.661
3 -4.543
4 -0.434
5 2.012
6 -3.436
7 -6.011
8 -1.978
9 -1.684
10 2.849
11 4.326
12 0.083
13 5.896
14 -3.276
15 0.921
16 -4.029
17 3.149
18 -2.198
19 5.677
20 7.214
21 -7.024
22 0.398
23 0.595
24 2.687
25 1.526
26 1.312
27 1.039
28 -6.573
29 -6.482
30 1.147
31 -4.264
32 2.146
33 0.794
34 4.960
35 1.667
36 2.298
37 2.328
38 3.437
39 1.031
40 1.898
41 2.310
42 1.173
43 2.739
44 2.556
45 1.966
46 -1.373
47 -3.004
48 3.301
49 1.976
50 -2.453
51 -1.062
52 -0.977
53 0.717
54 5.045
55 2.268
56 3.377
57 4.814
58 -6.277
59 -5.874
60 -1.735
61 2.440
62 -4.224
63 -6.608
64 -3.179
65 -6.419
66 -6.555
67 -0.793
68 -5.165
69 0.235
70 -0.125
71 -4.563
72 -1.523
73 -1.952
74 3.893
75 -0.640
76 -0.706
77 -3.305
78 5.230
79 -0.461
80 -3.804
81 2.801
82 -5.640
83 -2.622
84 -2.502
85 -1.448
86 1.304
87 7.544
88 -1.121
89 1.412
90 0.616
91 0.497
92 2.457
93 -1.245
94 1.682
95 2.155
96 6.301
97 0.268
98 7.620
99 4.229
100 -0.200
101 3.339
