1 0.14
2 0.14
3 -0.32
4 -0.32
5 -0.29
6 -0.29
7 1.03
8 1.03
9 0.52
10 0.52
11 1.00
12 1.00
13 0.03
14 0.03
15 1.58
16 1.58
17 0.06
18 0.06
19 0.22
20 0.22
21 0.10
22 0.10
23 0.80
24 0.80
25 0.60
26 0.60
27 0.80
28 0.80
29 0.54
30 0.54
31 0.64
32 0.64
33 0.72
34 0.72
35 -0.05
36 -0.05
37 0.76
38 0.76
39 0.12
40 0.12
41 0.60
42 0.60
43 1.16
44 1.16
45 -0.50
46 -0.50
47 0.98
48 0.98
49 0.22
50 0.22
51 0.43
52 0.43
53 0.48
54 0.48
55 0.07
56 0.07
57 1.26
58 1.26
59 0.69
60 0.69
61 0.93
62 0.93
63 0.85
64 0.85
65 0.45
66 0.45
67 0.86
68 0.86
69 0.49
70 0.49
71 0.45
72 0.45
73 1.35
74 1.35
75 0.48
76 0.48
77 0.22
78 0.22
79 0.15
80 0.15
81 0.38
82 0.38
83 0.39
84 0.39
85 0.33
86 0.33
87 0.56
88 0.56
89 -0.10
90 -0.10
91 0.95
92 0.95
93 0.91
94 0.91
95 -0.11
96 -0.11
97 0.65
98 0.65
99 0.98
100 0.98
101 0.67
102 0.67
