1 -3.03
2 -3.03
3 -2.41
4 -2.41
5 -2.91
6 -2.91
7 -1.86
8 -1.86
9 -3.31
10 -3.31
11 -4.96
12 -4.96
13 0.70
14 0.70
15 -2.52
16 -2.52
17 -1.75
18 -1.75
19 -2.45
20 -2.45
21 -0.86
22 -0.86
23 -2.03
24 -2.03
25 -1.77
26 -1.77
27 -0.96
28 -0.96
29 -4.91
30 -4.91
31 -4.11
32 -4.11
33 -5.82
34 -5.82
35 -3.15
36 -3.15
37 -1.81
38 -1.81
39 -3.08
40 -3.08
41 -1.73
42 -1.73
43 -3.33
44 -3.33
45 -3.68
46 -3.68
47 -3.57
48 -3.57
49 -3.02
50 -3.02
51 -1.60
52 -1.60
53 -2.55
54 -2.55
55 0.03
56 0.03
57 -3.15
58 -3.15
59 -4.37
60 -4.37
61 -3.94
62 -3.94
63 -1.56
64 -1.56
65 -2.35
66 -2.35
67 -4.12
68 -4.12
69 -3.97
70 -3.97
71 -3.24
72 -3.24
73 -3.54
74 -3.54
75 -3.52
76 -3.52
77 -3.03
78 -3.03
79 -3.53
80 -3.53
81 -2.08
82 -2.08
83 -1.93
84 -1.93
85 -2.99
86 -2.99
87 -0.70
88 -0.70
89 -4.10
90 -4.10
91 -4.63
92 -4.63
93 -3.75
94 -3.75
95 -1.84
96 -1.84
97 -1.14
98 -1.14
99 -3.00
100 -3.00
101 -0.62
102 -0.62
