1	-3.04
2	-0.79
3	-5.29
4	-3.51
5	6.69
6	-1.82
7	3.73
8	10.42
9	-1.81
10	-6.55
11	-5.76
12	3.66
13	11.33
14	9.71
15	6.53
16	8.55
17	7.92
18	1.00
19	4.78
20	4.12
21	4.85
22	0.74
23	5.06
24	10.25
25	3.98
26	3.42
27	-0.63
28	1.72
29	7.55
30	2.38
31	2.21
32	8.02
33	16.78
34	11.27
35	0.73
36	13.35
37	9.94
38	1.86
39	5.61
40	7.91
41	-0.84
42	9.03
43	9.20
44	13.99
45	4.03
46	5.65
47	1.62
48	7.09
49	5.66
50	5.59
51	8.51
52	12.06
53	10.65
54	9.48
55	2.82
56	6.24
57	12.67
58	5.49
59	6.64
60	7.94
61	7.81
62	6.72
63	5.75
64	3.81
65	0.48
66	-1.50
67	8.12
68	5.95
69	0.25
70	2.98
71	5.03
72	4.44
73	-3.06
74	3.81
75	-0.75
76	5.45
77	-3.95
78	2.14
79	3.89
80	-2.00
81	-5.87
82	-1.03
83	4.52
84	11.02
85	7.94
86	-5.60
87	-2.98
88	1.99
89	3.48
90	8.08
91	3.77
92	-2.16
93	8.95
94	-1.68
95	3.45
96	2.57
97	-2.65
98	3.82
99	5.92
100	4.90
101	8.50
