1	0.23
2	-0.94
3	-1.48
4	-0.99
5	-2.29
6	-1.75
7	-1.19
8	-1.39
9	-1.82
10	-1.01
11	-0.93
12	-1.86
13	-1.97
14	-2.39
15	-1.38
16	-1.63
17	-1.47
18	-0.75
19	-1.61
20	-0.91
21	-1.93
22	-1.21
23	-1.77
24	-1.77
25	-0.97
26	-0.89
27	-0.92
28	-1.71
29	-1.63
30	-1.26
31	-1.00
32	-2.26
33	-2.43
34	-2.13
35	-1.65
36	-1.86
37	-1.07
38	-1.06
39	-1.17
40	-1.91
41	-2.06
42	-1.67
43	-1.53
44	-0.90
45	-1.60
46	-1.57
47	-1.35
48	-1.29
49	-2.24
50	-2.14
51	-0.87
52	-2.50
53	-2.17
54	-1.81
55	-0.66
56	-1.06
57	-2.75
58	-1.54
59	-0.88
60	-1.23
61	-1.36
62	-1.51
63	-1.97
64	-1.19
65	-1.06
66	-0.72
67	-1.16
68	-0.70
69	-1.03
70	-1.03
71	-1.65
72	-1.49
73	-1.11
74	-0.70
75	-1.20
76	-0.95
77	-0.58
78	-1.74
79	-1.78
80	-1.02
81	-1.17
82	-1.50
83	-1.55
84	-2.01
85	-1.41
86	-0.40
87	-0.81
88	-1.41
89	-1.33
90	-1.29
91	-1.86
92	-1.89
93	-1.98
94	-1.30
95	-1.80
96	-1.20
97	-1.07
98	-1.43
99	-1.77
100	-1.71
101	-1.73
