DG-1   234.36 175.72 58.64
DA-2   165.83 171.86 -6.03
DT-3   189.11 185.78 3.33000000000001
DT-4   145.21 185.78 -40.57
DA-5    58.83 171.86 -113.03
DC-6    80.24 176.41 -96.17
DA-7   150.93 171.86 -20.93
DT-8   144.27 185.78 -41.51
DA-9   170.46 171.86 -1.40000000000001
DC-10   185.87 176.41 9.46000000000001
DA-11   166.40 171.86 -5.46000000000001
DT-12   149.41 185.78 -36.37
DA-13   117.57 171.86 -54.29
DC-14   182.15 176.41 5.74000000000001
DA-15   187.43 171.86 15.57
DG-16   188.27 175.72 12.55
DA-17   165.86 171.86 -6
DT-18   186.84 185.78 1.06
DT-19   194.58 185.78 8.80000000000001
DA-20   177.00 171.86 5.13999999999999
DC-21   164.23 176.41 -12.18
DA-22   181.53 171.86 9.66999999999999
DT-23   180.58 185.78 -5.19999999999999
DA-24   147.66 171.86 -24.2
DC-25   185.65 176.41 9.24000000000001
DA-26   164.08 171.86 -7.78
DT-27   194.47 185.78 8.69
DA-28   138.89 171.86 -32.97
DC-29   200.69 176.41 24.28
DA-30   177.41 171.86 5.54999999999998
DG-31   238.57 175.72 62.85
DA-32   107.33 171.86 -64.53
DT-33   123.48 185.78 -62.3
DT-34    95.05 185.78 -90.73
DA-35    46.38 171.86 -125.48
DC-36   161.26 176.41 -15.15
DA-37   168.00 171.86 -3.86000000000001
DT-38   211.33 185.78 25.55
DA-39   166.05 171.86 -5.81
DC-40   178.94 176.41 2.53
DA-41   181.43 171.86 9.56999999999999
DT-42   188.44 185.78 2.66
DA-43   196.39 171.86 24.53
DC-44   171.07 176.41 -5.34
DA-45   178.54 171.86 6.67999999999998
DG-46   174.25 175.72 -1.47
DA-47   182.11 171.86 10.25
DT-48   190.86 185.78 5.08000000000001
DT-49   200.38 185.78 14.6
DA-50   183.85 171.86 11.99
DC-51   150.80 176.41 -25.61
DA-52   193.54 171.86 21.68
DT-53   193.61 185.78 7.83000000000001
DA-54   154.58 171.86 -17.28
DC-55   181.78 176.41 5.37
DA-56   161.73 171.86 -10.13
DT-57   174.34 185.78 -11.44
DA-58   164.30 171.86 -7.56
DC-59   177.73 176.41 1.31999999999999
DA-60   124.44 171.86 -47.42
DG-61    48.65 175.72 -127.07
DA-62    93.77 171.86 -78.09
DT-63   130.71 185.78 -55.07
DT-64   165.46 185.78 -20.32
DA-65   171.96 171.86 0.0999999999999943
DC-66   180.67 176.41 4.25999999999999
DA-67   185.55 171.86 13.69
DT-68   193.15 185.78 7.37
DA-69   161.46 171.86 -10.4
DC-70   176.56 176.41 0.150000000000006
DA-71   186.46 171.86 14.6
DT-72   195.69 185.78 9.91
DA-73   155.37 171.86 -16.49
DC-74   190.04 176.41 13.63
DA-75   183.14 171.86 11.28
DG-76   186.25 175.72 10.53
DA-77   175.27 171.86 3.41
DT-78   178.33 185.78 -7.44999999999999
DT-79   198.71 185.78 12.93
DA-80   162.51 171.86 -9.35000000000002
DC-81   264.46 176.41 88.05
DA-82   145.07 171.86 -26.79
DT-83   141.60 185.78 -44.18
DA-84    94.49 171.86 -77.37
DC-85    87.89 176.41 -88.52
DA-86    67.92 171.86 -103.94
DT-87   183.04 185.78 -2.74000000000001
DA-88   163.27 171.86 -8.59
DC-89   176.48 176.41 0.0699999999999932
DA-90   313.18 171.86 141.32
DT-91   242.42 185.78 56.64
DG-92   180.81 175.72 5.09
DT-93   193.59 185.78 7.81
DA-94   178.83 171.86 6.97
DT-95   188.25 185.78 2.47
DG-96   155.17 175.72 -20.55
DT-97   122.27 185.78 -63.51
DA-98    36.33 171.86 -135.53
DT-99   120.92 185.78 -64.86
DG-100   119.56 175.72 -56.16
DT-101   152.94 185.78 -32.84
DA-102   191.06 171.86 19.2
DA-103   170.63 171.86 -1.23000000000002
DT-104   170.73 185.78 -15.05
DC-105   164.52 176.41 -11.89
DT-106   194.12 185.78 8.34
DG-107   181.39 175.72 5.66999999999999
DT-108   190.78 185.78 5
DA-109   165.97 171.86 -5.89000000000001
DT-110   172.91 185.78 -12.87
DG-111   174.52 175.72 -1.19999999999999
DT-112   205.08 185.78 19.3
DA-113   201.40 171.86 29.54
DT-114   120.32 185.78 -65.46
DG-115    51.14 175.72 -124.58
DT-116    65.04 185.78 -120.74
DA-117   153.01 171.86 -18.85
DA-118   170.78 171.86 -1.08000000000001
DT-119   180.80 185.78 -4.97999999999999
DC-120   143.58 176.41 -32.83
DT-121   181.97 185.78 -3.81
DG-122   193.93 175.72 18.21
DT-123   207.77 185.78 21.99
DA-124   158.21 171.86 -13.65
DT-125   191.99 185.78 6.21000000000001
DG-126   171.71 175.72 -4.00999999999999
DT-127   185.53 185.78 -0.25
DA-128   178.35 171.86 6.48999999999998
DT-129   201.98 185.78 16.2
DG-130   166.03 175.72 -9.69
DT-131   196.93 185.78 11.15
DA-132   180.23 171.86 8.36999999999998
DA-133   179.29 171.86 7.42999999999998
DT-134   165.77 185.78 -20.01
DC-135   158.47 176.41 -17.94
DT-136   180.51 185.78 -5.27000000000001
DG-137   198.72 175.72 23
DT-138   194.87 185.78 9.09
DA-139   171.15 171.86 -0.710000000000008
DT-140   226.09 185.78 40.31
DG-141   197.75 175.72 22.03
DT-142   181.71 185.78 -4.06999999999999
DA-143   185.66 171.86 13.8
DT-144   224.05 185.78 38.27
DG-145   158.67 175.72 -17.05
DT-146   174.78 185.78 -11
DA-147   160.46 171.86 -11.4
DA-148    93.41 171.86 -78.45
DT-149    69.90 185.78 -115.88
DC-150    46.26 176.41 -130.15
DT-151   175.63 185.78 -10.15
DG-152   128.14 175.72 -47.58
DT-153   191.91 185.78 6.13
DA-154   161.83 171.86 -10.03
DT-155   204.98 185.78 19.2
DG-156   179.41 175.72 3.69
DT-157   200.11 185.78 14.33
DA-158   186.56 171.86 14.7
DT-159   191.12 185.78 5.34
DG-160   178.47 175.72 2.75
DT-161   152.23 185.78 -33.55
DA-162   178.24 171.86 6.38
DA-163   160.34 171.86 -11.52
DT-164   172.29 185.78 -13.49
DC-165   160.29 176.41 -16.12
DT-166   186.21 185.78 0.430000000000007
DG-167   170.94 175.72 -4.78
DT-168   188.40 185.78 2.62
DA-169   128.56 171.86 -43.3
DT-170    96.34 185.78 -89.44
DG-171    21.41 175.72 -154.31
DT-172    61.19 185.78 -124.59
DA-173   153.27 171.86 -18.59
DT-174   177.20 185.78 -8.58000000000001
DG-175   161.48 175.72 -14.24
DT-176   183.11 185.78 -2.66999999999999
DA-177   175.18 171.86 3.31999999999999
DA-178   177.93 171.86 6.06999999999999
DT-179   177.45 185.78 -8.33000000000001
DC-180   263.95 176.41 87.54
