DG-1   236.84 175.72 61.12
DA-2   173.63 171.86 1.76999999999998
DT-3   170.20 185.78 -15.58
DT-4   135.80 185.78 -49.98
DA-5    60.02 171.86 -111.84
DC-6    79.08 176.41 -97.33
DA-7   145.72 171.86 -26.14
DT-8   145.13 185.78 -40.65
DA-9   171.83 171.86 -0.0300000000000011
DC-10   181.45 176.41 5.03999999999999
DA-11   168.66 171.86 -3.20000000000002
DT-12   150.84 185.78 -34.94
DA-13   115.17 171.86 -56.69
DC-14   183.82 176.41 7.41
DA-15   193.05 171.86 21.19
DG-16   199.95 175.72 24.23
DA-17   181.39 171.86 9.52999999999997
DT-18   181.37 185.78 -4.41
DT-19   184.25 185.78 -1.53
DA-20   166.50 171.86 -5.36000000000001
DC-21   178.93 176.41 2.52000000000001
DA-22   193.65 171.86 21.79
DT-23   199.29 185.78 13.51
DA-24   173.14 171.86 1.27999999999997
DC-25   186.15 176.41 9.74000000000001
DA-26   187.19 171.86 15.33
DT-27   188.46 185.78 2.68000000000001
DA-28   162.46 171.86 -9.40000000000001
DC-29   188.55 176.41 12.14
DA-30   165.99 171.86 -5.87
DG-31   206.76 175.72 31.04
DA-32   109.60 171.86 -62.26
DT-33   125.46 185.78 -60.32
DT-34    97.06 185.78 -88.72
DA-35    47.89 171.86 -123.97
DC-36   149.64 176.41 -26.77
DA-37   166.75 171.86 -5.11000000000001
DT-38   180.25 185.78 -5.53
DA-39   161.66 171.86 -10.2
DC-40   176.26 176.41 -0.150000000000006
DA-41   170.61 171.86 -1.25
DT-42   188.46 185.78 2.68000000000001
DA-43   160.79 171.86 -11.07
DC-44   198.71 176.41 22.3
DA-45   170.16 171.86 -1.70000000000002
DG-46   184.90 175.72 9.18000000000001
DA-47   189.10 171.86 17.24
DT-48   189.30 185.78 3.52000000000001
DT-49   195.05 185.78 9.27000000000001
DA-50   185.48 171.86 13.62
DC-51   205.41 176.41 29
DA-52   181.52 171.86 9.66
DT-53   187.63 185.78 1.84999999999999
DA-54   156.16 171.86 -15.7
DC-55   192.31 176.41 15.9
DA-56   185.61 171.86 13.75
DT-57   204.03 185.78 18.25
DA-58   190.75 171.86 18.89
DC-59   189.07 176.41 12.66
DA-60   142.99 171.86 -28.87
DG-61    48.74 175.72 -126.98
DA-62    95.15 171.86 -76.71
DT-63   128.11 185.78 -57.67
DT-64   161.26 185.78 -24.52
DA-65   169.55 171.86 -2.31
DC-66   177.69 176.41 1.28
DA-67   188.92 171.86 17.06
DT-68   197.57 185.78 11.79
DA-69   161.96 171.86 -9.90000000000001
DC-70   180.42 176.41 4.00999999999999
DA-71   184.13 171.86 12.27
DT-72   189.63 185.78 3.84999999999999
DA-73   155.57 171.86 -16.29
DC-74   197.33 176.41 20.92
DA-75   204.43 171.86 32.57
DG-76   196.06 175.72 20.34
DA-77   174.42 171.86 2.55999999999997
DT-78   187.42 185.78 1.63999999999999
DT-79   196.99 185.78 11.21
DA-80   166.56 171.86 -5.30000000000001
DC-81   229.80 176.41 53.39
DA-82   145.80 171.86 -26.06
DT-83   144.79 185.78 -40.99
DA-84    93.55 171.86 -78.31
DC-85    93.83 176.41 -82.58
DA-86    60.61 171.86 -111.25
DT-87   181.10 185.78 -4.68000000000001
DA-88   154.91 171.86 -16.95
DC-89   184.12 176.41 7.71000000000001
DA-90   294.73 171.86 122.87
DT-91   251.46 185.78 65.68
DG-92   179.42 175.72 3.69999999999999
DT-93   184.22 185.78 -1.56
DA-94   170.89 171.86 -0.970000000000027
DT-95   189.37 185.78 3.59
DG-96   156.89 175.72 -18.83
DT-97   123.59 185.78 -62.19
DA-98    36.47 171.86 -135.39
DT-99   118.51 185.78 -67.27
DG-100   122.10 175.72 -53.62
DT-101   159.08 185.78 -26.7
DA-102   178.86 171.86 7
DA-103   146.48 171.86 -25.38
DT-104   156.32 185.78 -29.46
DC-105   166.46 176.41 -9.94999999999999
DT-106   206.16 185.78 20.38
DG-107   179.14 175.72 3.41999999999999
DT-108   200.61 185.78 14.83
DA-109   173.09 171.86 1.22999999999999
DT-110   212.77 185.78 26.99
DG-111   185.26 175.72 9.53999999999999
DT-112   197.66 185.78 11.88
DA-113   204.91 171.86 33.05
DT-114   123.58 185.78 -62.2
DG-115    50.01 175.72 -125.71
DT-116    68.43 185.78 -117.35
DA-117   151.32 171.86 -20.54
DA-118   171.17 171.86 -0.690000000000026
DT-119   180.79 185.78 -4.99000000000001
DC-120   149.87 176.41 -26.54
DT-121   206.44 185.78 20.66
DG-122   169.55 175.72 -6.16999999999999
DT-123   186.14 185.78 0.359999999999985
DA-124   171.21 171.86 -0.650000000000006
DT-125   203.70 185.78 17.92
DG-126   171.45 175.72 -4.27000000000001
DT-127   181.84 185.78 -3.94
DA-128   170.21 171.86 -1.65000000000001
DT-129   182.21 185.78 -3.56999999999999
DG-130   172.01 175.72 -3.71000000000001
DT-131   220.59 185.78 34.81
DA-132   181.02 171.86 9.16
DA-133   177.91 171.86 6.04999999999998
DT-134   176.90 185.78 -8.88
DC-135   173.12 176.41 -3.28999999999999
DT-136   199.79 185.78 14.01
DG-137   184.99 175.72 9.27000000000001
DT-138   200.03 185.78 14.25
DA-139   173.11 171.86 1.25
DT-140   210.87 185.78 25.09
DG-141   180.55 175.72 4.83000000000001
DT-142   189.14 185.78 3.35999999999999
DA-143   177.40 171.86 5.53999999999999
DT-144   185.04 185.78 -0.740000000000009
DG-145   161.74 175.72 -13.98
DT-146   177.61 185.78 -8.16999999999999
DA-147   165.14 171.86 -6.72000000000003
DA-148    96.90 171.86 -74.96
DT-149    72.28 185.78 -113.5
DC-150    49.69 176.41 -126.72
DT-151   178.48 185.78 -7.30000000000001
DG-152   131.22 175.72 -44.5
DT-153   199.70 185.78 13.92
DA-154   198.79 171.86 26.93
DT-155   208.85 185.78 23.07
DG-156   193.67 175.72 17.95
DT-157   195.55 185.78 9.77000000000001
DA-158   195.59 171.86 23.73
DT-159   202.46 185.78 16.68
DG-160   185.43 175.72 9.71000000000001
DT-161   195.34 185.78 9.56
DA-162   173.90 171.86 2.03999999999999
DA-163   176.28 171.86 4.41999999999999
DT-164   188.55 185.78 2.77000000000001
DC-165   179.59 176.41 3.18000000000001
DT-166   198.56 185.78 12.78
DG-167   183.44 175.72 7.72
DT-168   190.62 185.78 4.84
DA-169   122.26 171.86 -49.6
DT-170    95.87 185.78 -89.91
DG-171    20.93 175.72 -154.79
DT-172    62.17 185.78 -123.61
DA-173   156.91 171.86 -14.95
DT-174   176.72 185.78 -9.06
DG-175   165.35 175.72 -10.37
DT-176   184.89 185.78 -0.890000000000015
DA-177   170.96 171.86 -0.900000000000006
DA-178   164.33 171.86 -7.53
DT-179   177.66 185.78 -8.12
DC-180   267.37 176.41 90.96
