DG-1   245.85 175.72 70.13
DA-2   174.85 171.86 2.98999999999998
DT-3   178.14 185.78 -7.64000000000001
DT-4   148.61 185.78 -37.17
DA-5    59.54 171.86 -112.32
DC-6    78.79 176.41 -97.62
DA-7   149.17 171.86 -22.69
DT-8   143.23 185.78 -42.55
DA-9   173.62 171.86 1.75999999999999
DC-10   183.59 176.41 7.18000000000001
DA-11   166.11 171.86 -5.75
DT-12   147.99 185.78 -37.79
DA-13   116.18 171.86 -55.68
DC-14   185.73 176.41 9.31999999999999
DA-15   185.74 171.86 13.88
DG-16   189.26 175.72 13.54
DA-17   166.90 171.86 -4.96000000000001
DT-18   186.71 185.78 0.930000000000007
DT-19   195.19 185.78 9.41
DA-20   181.76 171.86 9.89999999999998
DC-21   182.39 176.41 5.97999999999999
DA-22   173.10 171.86 1.23999999999998
DT-23   205.19 185.78 19.41
DA-24   164.64 171.86 -7.22000000000003
DC-25   191.73 176.41 15.32
DA-26   196.73 171.86 24.87
DT-27   207.21 185.78 21.43
DA-28   156.65 171.86 -15.21
DC-29   160.85 176.41 -15.56
DA-30   171.36 171.86 -0.5
DG-31   215.70 175.72 39.98
DA-32   106.83 171.86 -65.03
DT-33   124.23 185.78 -61.55
DT-34    97.41 185.78 -88.37
DA-35    48.46 171.86 -123.4
DC-36   146.73 176.41 -29.68
DA-37   161.87 171.86 -9.99000000000001
DT-38   217.68 185.78 31.9
DA-39   159.49 171.86 -12.37
DC-40   147.48 176.41 -28.93
DA-41   199.59 171.86 27.73
DT-42   207.65 185.78 21.87
DA-43   184.71 171.86 12.85
DC-44   184.68 176.41 8.27000000000001
DA-45   182.58 171.86 10.72
DG-46   190.92 175.72 15.2
DA-47   179.97 171.86 8.10999999999999
DT-48   160.47 185.78 -25.31
DT-49   182.71 185.78 -3.06999999999999
DA-50   187.41 171.86 15.55
DC-51   207.15 176.41 30.74
DA-52   183.54 171.86 11.68
DT-53   187.71 185.78 1.93000000000001
DA-54   159.17 171.86 -12.69
DC-55   193.93 176.41 17.52
DA-56   160.29 171.86 -11.57
DT-57   183.66 185.78 -2.12
DA-58   161.40 171.86 -10.46
DC-59   179.42 176.41 3.00999999999999
DA-60   108.38 171.86 -63.48
DG-61    49.88 175.72 -125.84
DA-62    92.54 171.86 -79.32
DT-63   129.25 185.78 -56.53
DT-64   165.45 185.78 -20.33
DA-65   171.33 171.86 -0.530000000000001
DC-66   178.98 176.41 2.56999999999999
DA-67   171.52 171.86 -0.340000000000003
DT-68   180.98 185.78 -4.80000000000001
DA-69   176.95 171.86 5.08999999999997
DC-70   203.75 176.41 27.34
DA-71   178.22 171.86 6.35999999999999
DT-72   200.02 185.78 14.24
DA-73   162.69 171.86 -9.17000000000002
DC-74   176.04 176.41 -0.370000000000005
DA-75   187.63 171.86 15.77
DG-76   168.14 175.72 -7.58000000000001
DA-77   163.79 171.86 -8.07000000000002
DT-78   172.05 185.78 -13.73
DT-79   182.72 185.78 -3.06
DA-80   155.37 171.86 -16.49
DC-81   255.49 176.41 79.08
DA-82   149.42 171.86 -22.44
DT-83   142.45 185.78 -43.33
DA-84    92.79 171.86 -79.07
DC-85    99.62 176.41 -76.79
DA-86    59.30 171.86 -112.56
DT-87   180.38 185.78 -5.40000000000001
DA-88   167.39 171.86 -4.47000000000003
DC-89   181.09 176.41 4.68000000000001
DA-90   335.95 171.86 164.09
DT-91   249.56 185.78 63.78
DG-92   184.22 175.72 8.5
DT-93   184.92 185.78 -0.860000000000014
DA-94   165.00 171.86 -6.86000000000001
DT-95   182.50 185.78 -3.28
DG-96   152.18 175.72 -23.54
DT-97   123.45 185.78 -62.33
DA-98    36.89 171.86 -134.97
DT-99   118.25 185.78 -67.53
DG-100   129.80 175.72 -45.92
DT-101   105.61 185.78 -80.17
DA-102   168.55 171.86 -3.31
DA-103   176.81 171.86 4.94999999999999
DT-104   172.54 185.78 -13.24
DC-105   175.47 176.41 -0.939999999999998
DT-106   199.35 185.78 13.57
DG-107   180.96 175.72 5.24000000000001
DT-108   206.19 185.78 20.41
DA-109   186.77 171.86 14.91
DT-110   200.66 185.78 14.88
DG-111   189.08 175.72 13.36
DT-112   210.35 185.78 24.57
DA-113   177.29 171.86 5.42999999999998
DT-114   124.64 185.78 -61.14
DG-115    49.18 175.72 -126.54
DT-116    66.07 185.78 -119.71
DA-117   149.72 171.86 -22.14
DA-118   170.40 171.86 -1.46000000000001
DT-119   177.92 185.78 -7.86000000000001
DC-120   148.38 176.41 -28.03
DT-121   190.75 185.78 4.97
DG-122   168.92 175.72 -6.80000000000001
DT-123   198.27 185.78 12.49
DA-124   156.62 171.86 -15.24
DT-125   185.29 185.78 -0.490000000000009
DG-126   172.23 175.72 -3.49000000000001
DT-127   197.97 185.78 12.19
DA-128   162.18 171.86 -9.68000000000001
DT-129   192.83 185.78 7.05000000000001
DG-130   190.17 175.72 14.45
DT-131   217.69 185.78 31.91
DA-132   173.30 171.86 1.44
DA-133   173.60 171.86 1.73999999999998
DT-134   169.13 185.78 -16.65
DC-135   157.03 176.41 -19.38
DT-136   184.80 185.78 -0.97999999999999
DG-137   189.42 175.72 13.7
DT-138   200.99 185.78 15.21
DA-139   167.35 171.86 -4.51000000000002
DT-140   215.33 185.78 29.55
DG-141   203.32 175.72 27.6
DT-142   188.24 185.78 2.46000000000001
DA-143   205.70 171.86 33.84
DT-144   183.38 185.78 -2.40000000000001
DG-145   153.20 175.72 -22.52
DT-146   172.70 185.78 -13.08
DA-147   162.31 171.86 -9.55000000000001
DA-148    92.94 171.86 -78.92
DT-149    69.58 185.78 -116.2
DC-150    63.20 176.41 -113.21
DT-151   170.12 185.78 -15.66
DG-152   114.65 175.72 -61.07
DT-153   170.63 185.78 -15.15
DA-154   188.35 171.86 16.49
DT-155   185.99 185.78 0.210000000000008
DG-156   176.44 175.72 0.719999999999999
DT-157   197.98 185.78 12.2
DA-158   178.07 171.86 6.20999999999998
DT-159   184.45 185.78 -1.33000000000001
DG-160   179.09 175.72 3.37
DT-161   185.80 185.78 0.0200000000000102
DA-162   184.43 171.86 12.57
DA-163   159.08 171.86 -12.78
DT-164   180.42 185.78 -5.36000000000001
DC-165   172.88 176.41 -3.53
DT-166   191.71 185.78 5.93000000000001
DG-167   176.61 175.72 0.890000000000015
DT-168   194.20 185.78 8.41999999999999
DA-169   123.49 171.86 -48.37
DT-170    96.89 185.78 -88.89
DG-171    20.61 175.72 -155.11
DT-172    60.61 185.78 -125.17
DA-173   156.13 171.86 -15.73
DT-174   176.04 185.78 -9.74000000000001
DG-175   165.97 175.72 -9.75
DT-176   181.77 185.78 -4.00999999999999
DA-177   173.33 171.86 1.47
DA-178   171.85 171.86 -0.0100000000000193
DT-179   181.55 185.78 -4.22999999999999
DC-180   277.86 176.41 101.45
