DG-1   229.80 175.72 54.08
DA-2   170.98 171.86 -0.880000000000024
DT-3   183.76 185.78 -2.02000000000001
DT-4   141.61 185.78 -44.17
DA-5    59.19 171.86 -112.67
DC-6    78.25 176.41 -98.16
DA-7   150.46 171.86 -21.4
DT-8   143.19 185.78 -42.59
DA-9   171.72 171.86 -0.140000000000015
DC-10   182.12 176.41 5.71000000000001
DA-11   174.01 171.86 2.14999999999998
DT-12   152.55 185.78 -33.23
DA-13   116.48 171.86 -55.38
DC-14   185.50 176.41 9.09
DA-15   192.95 171.86 21.09
DG-16   183.61 175.72 7.89000000000001
DA-17   163.89 171.86 -7.97000000000003
DT-18   178.56 185.78 -7.22
DT-19   203.43 185.78 17.65
DA-20   178.54 171.86 6.67999999999998
DC-21   184.24 176.41 7.83000000000001
DA-22   168.13 171.86 -3.73000000000002
DT-23   189.26 185.78 3.47999999999999
DA-24   157.53 171.86 -14.33
DC-25   199.99 176.41 23.58
DA-26   192.35 171.86 20.49
DT-27   189.52 185.78 3.74000000000001
DA-28   164.84 171.86 -7.02000000000001
DC-29   179.77 176.41 3.36000000000001
DA-30   184.07 171.86 12.21
DG-31   219.36 175.72 43.64
DA-32   106.93 171.86 -64.93
DT-33   128.25 185.78 -57.53
DT-34    96.59 185.78 -89.19
DA-35    46.00 171.86 -125.86
DC-36   150.05 176.41 -26.36
DA-37   167.02 171.86 -4.84
DT-38   191.48 185.78 5.69999999999999
DA-39   160.24 171.86 -11.62
DC-40   172.42 176.41 -3.99000000000001
DA-41   188.39 171.86 16.53
DT-42   200.57 185.78 14.79
DA-43   162.38 171.86 -9.48000000000002
DC-44   188.60 176.41 12.19
DA-45   151.60 171.86 -20.26
DG-46   205.03 175.72 29.31
DA-47   170.62 171.86 -1.24000000000001
DT-48   187.02 185.78 1.24000000000001
DT-49   193.36 185.78 7.58000000000001
DA-50   201.87 171.86 30.01
DC-51   169.42 176.41 -6.99000000000001
DA-52   173.48 171.86 1.61999999999998
DT-53   186.23 185.78 0.449999999999989
DA-54   155.15 171.86 -16.71
DC-55   193.41 176.41 17
DA-56   167.14 171.86 -4.72000000000003
DT-57   184.70 185.78 -1.08000000000001
DA-58   205.02 171.86 33.16
DC-59   197.16 176.41 20.75
DA-60   111.63 171.86 -60.23
DG-61    50.76 175.72 -124.96
DA-62    94.96 171.86 -76.9
DT-63   127.75 185.78 -58.03
DT-64   165.27 185.78 -20.51
DA-65   170.51 171.86 -1.35000000000002
DC-66   177.07 176.41 0.659999999999997
DA-67   179.29 171.86 7.42999999999998
DT-68   189.51 185.78 3.72999999999999
DA-69   166.12 171.86 -5.74000000000001
DC-70   187.31 176.41 10.9
DA-71   184.22 171.86 12.36
DT-72   189.47 185.78 3.69
DA-73   173.66 171.86 1.79999999999998
DC-74   177.19 176.41 0.780000000000001
DA-75   165.22 171.86 -6.64000000000001
DG-76   188.80 175.72 13.08
DA-77   163.27 171.86 -8.59
DT-78   185.47 185.78 -0.310000000000002
DT-79   185.18 185.78 -0.599999999999994
DA-80   148.39 171.86 -23.47
DC-81   264.10 176.41 87.69
DA-82   147.61 171.86 -24.25
DT-83   143.54 185.78 -42.24
DA-84    94.27 171.86 -77.59
DC-85    96.64 176.41 -79.77
DA-86    59.92 171.86 -111.94
DT-87   178.40 185.78 -7.38
DA-88   172.55 171.86 0.689999999999998
DC-89   171.23 176.41 -5.18000000000001
DA-90   289.42 171.86 117.56
DT-91   236.13 185.78 50.35
DG-92   160.18 175.72 -15.54
DT-93   188.76 185.78 2.97999999999999
DA-94   164.37 171.86 -7.49000000000001
DT-95   183.53 185.78 -2.25
DG-96   154.90 175.72 -20.82
DT-97   123.26 185.78 -62.52
DA-98    36.96 171.86 -134.9
DT-99   119.23 185.78 -66.55
DG-100   123.60 175.72 -52.12
DT-101   136.84 185.78 -48.94
DA-102   175.57 171.86 3.70999999999998
DA-103   155.46 171.86 -16.4
DT-104   183.71 185.78 -2.06999999999999
DC-105   177.03 176.41 0.620000000000005
DT-106   183.09 185.78 -2.69
DG-107   183.49 175.72 7.77000000000001
DT-108   206.08 185.78 20.3
DA-109   175.13 171.86 3.26999999999998
DT-110   211.86 185.78 26.08
DG-111   185.70 175.72 9.97999999999999
DT-112   200.58 185.78 14.8
DA-113   175.34 171.86 3.47999999999999
DT-114   122.14 185.78 -63.64
DG-115    50.57 175.72 -125.15
DT-116    64.75 185.78 -121.03
DA-117   152.25 171.86 -19.61
DA-118   168.83 171.86 -3.03
DT-119   179.80 185.78 -5.97999999999999
DC-120   144.46 176.41 -31.95
DT-121   176.52 185.78 -9.25999999999999
DG-122   200.05 175.72 24.33
DT-123   217.29 185.78 31.51
DA-124   166.39 171.86 -5.47000000000003
DT-125   197.96 185.78 12.18
DG-126   187.18 175.72 11.46
DT-127   204.91 185.78 19.13
DA-128   182.11 171.86 10.25
DT-129   189.24 185.78 3.46000000000001
DG-130   164.58 175.72 -11.14
DT-131   173.70 185.78 -12.08
DA-132   167.71 171.86 -4.15000000000001
DA-133   149.51 171.86 -22.35
DT-134   197.38 185.78 11.6
DC-135   164.61 176.41 -11.8
DT-136   175.90 185.78 -9.88
DG-137   172.87 175.72 -2.84999999999999
DT-138   189.23 185.78 3.44999999999999
DA-139   155.83 171.86 -16.03
DT-140   218.03 185.78 32.25
DG-141   205.44 175.72 29.72
DT-142   184.91 185.78 -0.870000000000005
DA-143   197.51 171.86 25.65
DT-144   191.61 185.78 5.83000000000001
DG-145   159.97 175.72 -15.75
DT-146   177.68 185.78 -8.09999999999999
DA-147   165.77 171.86 -6.09
DA-148    97.69 171.86 -74.17
DT-149    72.58 185.78 -113.2
DC-150    45.27 176.41 -131.14
DT-151   158.14 185.78 -27.64
DG-152   108.04 175.72 -67.68
DT-153   184.76 185.78 -1.02000000000001
DA-154   171.79 171.86 -0.0700000000000216
DT-155   210.56 185.78 24.78
DG-156   188.16 175.72 12.44
DT-157   197.97 185.78 12.19
DA-158   180.25 171.86 8.38999999999999
DT-159   188.78 185.78 3
DG-160   181.80 175.72 6.08000000000001
DT-161   203.66 185.78 17.88
DA-162   202.05 171.86 30.19
DA-163   183.60 171.86 11.74
DT-164   169.25 185.78 -16.53
DC-165   165.74 176.41 -10.67
DT-166   194.99 185.78 9.21000000000001
DG-167   170.75 175.72 -4.97
DT-168   190.39 185.78 4.60999999999999
DA-169   126.41 171.86 -45.45
DT-170   100.43 185.78 -85.35
DG-171    21.71 175.72 -154.01
DT-172    61.92 185.78 -123.86
DA-173   156.03 171.86 -15.83
DT-174   174.40 185.78 -11.38
DG-175   162.50 175.72 -13.22
DT-176   181.89 185.78 -3.89000000000001
DA-177   175.24 171.86 3.38
DA-178   174.71 171.86 2.84999999999999
DT-179   185.15 185.78 -0.629999999999995
DC-180   270.46 176.41 94.05
