1 4.43
2 4.43
3 4.68
4 4.68
5 4.38
6 4.38
7 4.83
8 4.83
9 4.62
10 4.62
11 4.56
12 4.56
13 4.30
14 4.30
15 4.25
16 4.25
17 4.31
18 4.31
19 4.46
20 4.46
21 3.79
22 3.79
23 3.81
24 3.81
25 4.57
26 4.57
27 3.75
28 3.75
29 3.80
30 3.80
31 3.60
32 3.60
33 4.60
34 4.60
35 4.79
36 4.79
37 4.68
38 4.68
39 4.37
40 4.37
41 4.78
42 4.78
43 4.11
44 4.11
45 3.84
46 3.84
47 3.95
48 3.95
49 4.66
50 4.66
51 4.00
52 4.00
53 4.71
54 4.71
55 3.91
56 3.91
57 4.04
58 4.04
59 4.58
60 4.58
61 4.72
62 4.72
63 3.78
64 3.78
65 4.44
66 4.44
67 5.68
68 5.68
69 3.70
70 3.70
71 4.78
72 4.78
73 4.10
74 4.10
75 3.99
76 3.99
77 4.27
78 4.27
79 3.62
80 3.62
81 3.85
82 3.85
83 4.34
84 4.34
85 4.04
86 4.04
87 4.36
88 4.36
89 4.31
90 4.31
91 4.40
92 4.40
93 4.69
94 4.69
95 3.84
96 3.84
97 4.30
98 4.30
99 3.98
100 3.98
101 3.99
102 3.99
