1	1.41
2	-4.16
3	3.35
4	-2.34
5	-7.30
6	0.05
7	-6.21
8	-3.58
9	-2.34
10	1.93
11	-6.24
12	-7.57
13	-2.19
14	-0.41
15	-0.42
16	0.38
17	-8.58
18	-3.93
19	-5.13
20	-2.07
21	-6.11
22	-8.19
23	0.47
24	-6.13
25	-4.44
26	-2.35
27	-4.03
28	0.54
29	-9.39
30	0.67
31	-6.08
32	-8.75
33	-4.90
34	-5.40
35	-6.46
36	-0.92
37	-0.98
38	1.98
39	-7.09
40	-0.46
41	-5.66
42	7.87
43	-7.13
44	-3.50
45	-5.13
46	-4.59
47	0.50
48	-1.39
49	4.15
50	1.13
51	-8.30
52	-4.94
53	-6.06
54	-9.94
55	-4.09
56	4.79
57	-5.19
58	-2.85
59	-1.86
60	-1.11
61	-6.91
62	-4.74
63	-7.18
64	-4.78
65	-10.56
66	-4.49
67	-6.74
68	-5.69
69	-7.93
70	-7.56
71	0.57
72	2.09
73	-8.01
74	-3.12
75	-0.13
76	-4.88
77	0.11
78	3.67
79	-0.96
80	1.44
81	-0.11
82	2.10
83	-1.87
84	-2.96
85	-1.43
86	-1.72
87	-9.58
88	-0.36
89	-3.54
90	-11.40
91	-6.74
92	0.80
93	-2.45
94	-1.49
95	-0.89
96	6.03
97	4.06
98	4.19
99	4.66
100	0.70
101	2.35
