1	1.80
2	14.45
3	4.66
4	-1.18
5	11.34
6	3.05
7	7.03
8	3.92
9	3.70
10	0.13
11	8.04
12	3.60
13	4.59
14	5.25
15	6.80
16	-2.68
17	0.86
18	7.78
19	5.38
20	-0.01
21	6.25
22	4.89
23	1.26
24	12.23
25	1.88
26	5.07
27	9.08
28	7.46
29	10.96
30	1.58
31	5.30
32	9.54
33	9.47
34	12.82
35	-0.46
36	-1.15
37	6.08
38	-0.71
39	3.49
40	5.18
41	5.36
42	2.19
43	4.26
44	4.15
45	7.47
46	6.15
47	-4.13
48	6.03
49	7.31
50	9.47
51	10.94
52	8.94
53	12.06
54	7.53
55	1.08
56	-2.10
57	5.54
58	-0.30
59	-4.90
60	-4.91
61	6.07
62	3.14
63	4.66
64	2.19
65	17.04
66	0.00
67	15.58
68	14.56
69	4.64
70	9.39
71	-0.21
72	9.30
73	5.08
74	6.78
75	9.26
76	4.12
77	3.35
78	0.65
79	1.96
80	5.54
81	15.04
82	-1.77
83	4.05
84	-0.73
85	8.22
86	8.32
87	11.82
88	15.49
89	1.97
90	2.82
91	8.36
92	2.99
93	7.42
94	1.63
95	5.97
96	7.07
97	11.14
98	6.83
99	-3.44
100	3.57
101	3.42
