1	-10.88
2	-3.11
3	-2.61
4	-3.01
5	-8.16
6	-1.16
7	-0.04
8	-10.59
9	-0.67
10	-2.18
11	5.46
12	-8.30
13	-1.39
14	-6.09
15	-5.57
16	-6.78
17	4.35
18	-6.44
19	-7.93
20	-5.37
21	-9.21
22	-8.32
23	-6.43
24	-1.81
25	-10.93
26	-2.30
27	1.32
28	-4.31
29	-2.02
30	-4.78
31	-4.13
32	-9.94
33	-14.20
34	-2.24
35	2.42
36	-2.13
37	1.78
38	0.83
39	-3.58
40	-8.97
41	-4.09
42	-8.03
43	0.57
44	-2.07
45	0.23
46	-7.89
47	-2.60
48	-5.64
49	-13.29
50	-4.99
51	-3.01
52	-5.29
53	-16.01
54	-5.23
55	1.14
56	-3.56
57	-0.73
58	3.32
59	-5.94
60	-1.94
61	4.17
62	-3.93
63	1.47
64	-5.52
65	-1.80
66	-5.77
67	-2.04
68	-3.92
69	-3.45
70	-4.34
71	-1.92
72	-1.52
73	-5.41
74	-5.34
75	-14.87
76	-3.44
77	-5.29
78	-10.65
79	-4.88
80	-6.28
81	-9.03
82	-5.94
83	-6.05
84	0.53
85	-10.95
86	-10.15
87	-2.92
88	0.10
89	-8.22
90	-1.21
91	0.54
92	-1.03
93	-10.26
94	-10.39
95	-8.97
96	-14.61
97	-5.24
98	-7.16
99	-7.65
100	-2.13
101	-6.11
