1	-0.12
2	0.28
3	0.01
4	-0.10
5	-0.51
6	-0.34
7	-0.16
8	-0.15
9	0.06
10	-0.16
11	0.19
12	-0.56
13	0.13
14	-0.18
15	-0.30
16	-0.03
17	-0.29
18	-0.12
19	-0.20
20	-0.29
21	-0.19
22	-0.25
23	0.11
24	-0.28
25	-0.35
26	0.25
27	0.49
28	-0.15
29	-0.44
30	-0.22
31	-0.40
32	-0.24
33	-0.50
34	-0.52
35	-0.15
36	-0.27
37	0.17
38	-0.20
39	-0.54
40	-0.19
41	-0.30
42	0.11
43	-0.22
44	-0.24
45	-0.21
46	0.08
47	-0.25
48	0.07
49	-0.36
50	0.13
51	-0.35
52	-0.26
53	0.03
54	-0.20
55	0.09
56	0.44
57	0.29
58	0.35
59	-0.33
60	-0.19
61	-0.15
62	0.27
63	-0.25
64	-0.19
65	-0.33
66	-0.63
67	-0.36
68	0.05
69	-0.23
70	-0.26
71	0.27
72	0.17
73	-0.29
74	-0.26
75	-0.75
76	0.09
77	-0.32
78	-0.07
79	-0.24
80	0.03
81	-0.12
82	-0.37
83	-0.15
84	-0.18
85	-0.26
86	-0.53
87	-0.41
88	0.62
89	-0.41
90	-0.13
91	-0.45
92	-0.01
93	-0.54
94	-0.22
95	-0.02
96	-0.02
97	0.38
98	-0.04
99	-0.20
100	-0.28
101	0.21
