1	163.55
2	169.52
3	176.21
4	161.39
5	180.3
6	163.07
7	159.50
8	171.30
9	185.76
10	173.09
11	178.14
12	186.16
13	167.56
14	169.31
15	174.42
16	178.84
17	166.83
18	171.77
19	160.08
20	180.26
21	171.40
22	168.45
23	180.73
24	187.29
25	178.25
26	132.90
27	174.41
28	154.56
29	182.91
30	159.86
31	170.76
32	179.05
33	183.37
34	192.23
35	164.66
36	163.15
37	185.75
38	181.73
39	182.55
40	192.66
41	179.25
42	188.68
43	164.35
44	170.95
45	164.25
46	159.45
47	188.77
48	172.79
49	154.75
50	163.32
51	185.17
