1	-31.03
2	-101.88
3	-81.58
4	-74.14
5	-62.34
6	-116.04
7	-55.81
8	-86.5
9	-55.29
10	-65.14
11	-115.9
12	-89.71
13	-85.8
14	-105.04
15	-42.47
16	-47.94
17	-81.22
18	-86.98
19	-39.32
20	-84.99
21	-105.28
22	-97.68
23	-91.35
24	-70.68
25	-125.48
26	-126.23
27	-132.48
28	-124.38
29	-145.02
30	-10.25
31	-83.13
32	-115.85
33	-67.39
34	-93.98
35	-80.78
36	-50.76
37	-154.55
38	-44.39
39	-97.88
40	31.49
41	-44.93
42	-70.37
43	-120.13
44	-129.35
45	-50.11
46	-99.03
47	-140.89
48	-77.95
49	-99.37
50	-74.81
51	-84.22
