1	156.90
2	156.92
3	145.43
4	175.69
5	159.45
6	164.44
7	166.16
8	158.42
9	151.04
10	142.85
11	155.90
12	171.94
13	166.12
14	174.30
15	178.00
16	150.80
17	161.86
18	164.74
19	157.17
20	150.82
21	159.65
22	142.60
23	144.59
24	161.27
25	142.77
26	122.01
27	168.79
28	149.75
29	139.68
30	150.66
31	138.87
32	151.00
33	161.41
34	136.82
35	161.56
36	163.68
37	163.76
38	166.56
39	128.41
40	134.97
41	158.70
42	144.68
43	148.05
44	175.13
45	152.44
46	173.16
47	148.90
48	158.62
49	164.16
50	165.41
51	159.06
