1	3.02
2	3.29
3	3.19
4	3.19
5	3.39
6	3.21
7	2.79
8	2.28
9	2.80
10	2.82
11	2.85
12	3.10
13	3.29
14	2.82
15	2.97
16	2.43
17	2.38
18	2.61
19	3.18
20	2.81
21	3.25
22	2.84
23	3.44
24	3.37
25	3.43
26	3.55
27	3.36
28	3.25
29	3.18
30	3.49
31	3.01
32	2.78
33	3.11
34	3.39
35	3.60
36	2.93
37	3.34
38	3.35
39	3.48
40	3.32
41	3.17
42	3.54
43	2.97
44	3.52
45	3.33
46	3.48
47	3.42
48	3.31
49	3.16
50	3.10
51	3.13
52	3.13
53	3.17
54	3.29
55	3.57
56	3.62
57	3.70
58	3.50
59	3.41
60	3.31
61	3.54
62	3.20
63	3.08
64	3.22
65	3.22
66	3.20
67	3.12
68	3.44
69	3.18
70	3.27
71	3.19
72	2.99
73	3.50
74	3.30
75	2.91
76	3.06
77	3.23
78	2.46
79	3.12
80	3.49
81	3.34
82	2.97
83	2.44
84	3.33
85	3.02
86	2.97
87	3.22
88	2.42
89	2.93
90	2.07
91	2.71
92	3.20
93	3.19
94	3.24
95	2.86
96	3.17
97	3.55
98	3.04
99	3.01
100	3.36
101	3.19
