1	0.27
2	0.06
3	-0.19
4	0.19
5	0.47
6	0.81
7	0.34
8	0.40
9	0.06
10	-0.09
11	0.18
12	0.24
13	0.41
14	-0.02
15	0.07
16	0.77
17	0.79
18	-0.24
19	-0.06
20	0.25
21	0.15
22	0.07
23	0.46
24	0.05
25	0.37
26	0.36
27	0.65
28	0.34
29	-0.23
30	0.67
31	0.52
32	0.36
33	0.11
34	0.29
35	0.21
36	0.49
37	-0.05
38	0.24
39	0.43
40	0.51
41	0.22
42	0.05
43	0.04
44	0.40
45	0.70
46	0.20
47	0.90
48	0.57
49	0.38
50	0.43
51	0.73
52	0.75
53	0.23
54	0.76
55	0.24
56	0.47
57	0.01
58	-0.21
59	0.34
60	0.26
61	0.27
62	0.16
63	0.20
64	-0.06
65	0.13
66	0.34
67	0.18
68	-0.05
69	0.05
70	0.37
71	0.04
72	0.18
73	0.26
74	0.14
75	-0.05
76	0.38
77	-0.30
78	0.05
79	0.51
80	-0.12
81	0.76
82	0.37
83	-0.27
84	0.16
85	0.09
86	0.33
87	0.39
88	0.54
89	-0.01
90	0.47
91	-0.17
92	0.09
93	0.27
94	0.46
95	-0.18
96	0.48
97	0.08
98	0.62
99	0.46
100	0.29
101	0.28
