1	162.00
2	186.71
3	173.44
4	179.97
5	179.64
6	174.19
7	165.05
8	160.02
9	174.73
10	151.73
11	155.48
12	168.22
13	151.88
14	164.53
15	179.57
16	159.01
17	179.22
18	154.59
19	179.39
20	174.22
21	168.79
22	168.11
23	169.80
24	150.03
25	164.62
26	152.94
27	182.96
28	163.06
29	163.80
30	178.51
31	182.81
32	157.71
33	176.49
34	154.46
35	166.33
36	173.42
37	165.87
38	158.69
39	179.62
40	166.43
41	158.01
42	161.64
43	153.49
44	169.43
45	163.03
46	166.08
47	169.75
48	168.08
49	154.58
50	162.44
51	161.98
