1	-55.85
2	-10.11
3	44.95
4	-18.96
5	-29.79
6	-90.98
7	-29.73
8	-52.93
9	-39.95
10	-39.82
11	-12.55
12	-89.24
13	-45.74
14	-56.99
15	-58.54
16	-76.62
17	-70.23
18	15.84
19	-2.47
20	4.90000000000001
21	-99.28
22	-23.38
23	-99.44
24	-67.57
25	-75.14
26	-6.96000000000001
27	-15.82
28	-19.74
29	-37.91
30	21.19
31	20.88
32	-61.75
33	-32.55
34	-26.71
35	-52.37
36	-34.18
37	-7.03999999999999
38	-114.95
39	-28.57
40	-59.2
41	-11.56
42	-69.31
43	-35.03
44	-101.69
45	-14.45
46	16.94
47	-5.13000000000002
48	24.75
49	0.200000000000017
50	-47.37
51	-43.63
