1 1.85
2 1.85
3 1.43
4 1.43
5 2.02
6 2.02
7 1.31
8 1.31
9 0.93
10 0.93
11 1.50
12 1.50
13 0.32
14 0.32
15 1.35
16 1.35
17 1.13
18 1.13
19 0.11
20 0.11
21 1.85
22 1.85
23 0.30
24 0.30
25 0.51
26 0.51
27 0.84
28 0.84
29 1.66
30 1.66
31 1.96
32 1.96
33 0.80
34 0.80
35 1.58
36 1.58
37 0.31
38 0.31
39 0.64
40 0.64
41 1.58
42 1.58
43 -0.14
44 -0.14
45 0.48
46 0.48
47 0.12
48 0.12
49 -0.50
50 -0.50
51 0.84
52 0.84
53 -0.53
54 -0.53
55 0.57
56 0.57
57 0.76
58 0.76
59 1.43
60 1.43
61 1.38
62 1.38
63 1.25
64 1.25
65 0.90
66 0.90
67 0.85
68 0.85
69 1.35
70 1.35
71 1.26
72 1.26
73 0.89
74 0.89
75 0.71
76 0.71
77 1.35
78 1.35
79 0.53
80 0.53
81 0.20
82 0.20
83 0.53
84 0.53
85 0.81
86 0.81
87 0.56
88 0.56
89 1.23
90 1.23
91 0.87
92 0.87
93 1.61
94 1.61
95 2.31
96 2.31
97 0.50
98 0.50
99 1.11
100 1.11
101 0.84
102 0.84
