1	161.64
2	141.40
3	162.63
4	163.35
5	160.37
6	182.09
7	155.94
8	174.10
9	152.67
10	186.39
11	164.46
12	178.12
13	154.76
14	152.06
15	148.53
16	161.83
17	169.24
18	169.13
19	117.29
20	138.88
21	166.99
22	152.38
23	137.65
24	168.55
25	172.20
26	160.13
27	164.93
28	142.49
29	167.57
30	153.59
31	146.00
32	170.21
33	157.27
34	169.64
35	172.81
36	151.62
37	173.41
38	163.93
39	148.03
40	160.51
41	163.60
42	157.65
43	165.40
44	155.45
45	152.01
46	157.65
47	151.54
48	166.83
49	127.66
50	174.80
51	174.88
