1	-47.79
2	12.62
3	-31.5
4	22.75
5	-25.62
6	-32.49
7	-72.57
8	-39.51
9	-19.28
10	-155.41
11	23.47
12	-17.77
13	-36.96
14	-86.11
15	-26.36
16	-9.32000000000002
17	9.42000000000002
18	38.1
19	-77.47
20	-27.2
21	-90.16
22	0.180000000000007
23	-47.96
24	-3.18000000000001
25	-102.08
26	-15.96
27	-102.81
28	-25.34
29	-1.53
30	-26.38
31	6.19
32	8.60999999999999
33	-33.39
34	13.74
35	0.239999999999981
36	-85.14
37	-3.18000000000001
38	3.84999999999999
39	-118.7
40	-103.28
41	-32.06
42	-87.67
43	-11.86
44	-94.38
45	-77.73
46	-113.17
47	-42.55
48	10.07
49	39.01
50	37.14
51	-31.89
