1	150.88
2	166.36
3	131.58
4	144.24
5	148.08
6	134.61
7	131.99
8	144.67
9	137.79
10	136.80
11	143.39
12	140.11
13	139.02
14	149.89
15	138.67
16	142.98
17	148.17
18	148.00
19	147.37
20	165.78
21	141.66
22	136.71
23	148.37
24	133.88
25	146.51
26	131.00
27	129.16
28	147.66
29	135.08
30	144.24
31	134.75
32	165.72
33	139.57
34	138.86
35	153.88
36	161.66
37	145.92
38	141.72
39	150.14
40	139.42
41	134.38
42	149.14
43	139.88
44	126.97
45	146.88
46	150.30
47	140.92
48	139.72
49	143.86
50	138.49
51	126.86
