1	0.07
2	-0.39
3	-0.28
4	0.07
5	-0.65
6	0.10
7	0.44
8	-0.88
9	-0.01
10	0.28
11	0.76
12	-0.64
13	-0.53
14	-0.94
15	-0.63
16	-0.73
17	0.05
18	-0.89
19	-0.71
20	-0.11
21	-0.69
22	-0.47
23	-0.54
24	0.77
25	-0.55
26	-0.04
27	-0.24
28	-1.17
29	0.20
30	-0.48
31	-0.41
32	-0.74
33	0.16
34	-0.04
35	0.35
36	-0.75
37	0.02
38	0.19
39	-0.98
40	-0.07
41	0.04
42	0.71
43	0.31
44	0.59
45	0.25
46	0.31
47	0.46
48	0.11
49	-1.29
50	0.21
51	0.17
52	0.58
53	-0.63
54	-0.07
55	0.36
56	-0.58
57	0.03
58	0.09
59	-0.76
60	0.90
61	0.08
62	0.99
63	0.06
64	0.31
65	-0.61
66	0.20
67	-0.32
68	-0.48
69	-0.79
70	0.07
71	0.17
72	-0.80
73	0.01
74	0.12
75	0.36
76	-0.30
77	0.41
78	0.02
79	-0.41
80	-0.18
81	0.34
82	-0.41
83	-0.70
84	-0.23
85	-0.10
86	-0.55
87	0.13
88	-0.24
89	0.21
90	0.27
91	-0.37
92	-0.79
93	-0.41
94	-0.69
95	-0.31
96	0.51
97	-0.21
98	-0.16
99	0.07
100	0.06
101	0.33
