1	3.75
2	6.12
3	4.80
4	0.39
5	6.69
6	5.65
7	8.11
8	1.08
9	4.58
10	1.61
11	4.78
12	4.61
13	6.11
14	0.68
15	NaN
16	6.44
17	5.70
18	NaN
19	5.84
20	7.70
21	6.28
22	5.42
23	6.61
24	5.58
25	5.54
26	6.84
27	5.01
28	5.23
29	5.66
30	6.16
31	4.34
32	7.06
33	7.81
34	8.37
35	6.07
36	7.63
37	7.20
38	5.67
39	6.54
40	7.48
41	7.11
42	8.20
43	8.01
44	8.59
45	7.28
46	7.91
47	7.24
48	6.99
49	8.25
50	7.16
51	8.78
52	6.95
53	8.65
54	8.46
55	7.81
56	7.88
57	8.45
58	6.83
59	7.90
60	8.01
61	7.30
62	7.01
63	6.42
64	6.69
65	6.06
66	5.83
67	6.13
68	6.27
69	5.12
70	5.46
71	7.22
72	5.86
73	2.16
74	5.08
75	6.32
76	6.45
77	-0.53
78	6.43
79	3.52
80	0.31
81	2.31
82	NaN
83	0.75
84	6.84
85	-0.17
86	6.21
87	5.92
88	6.29
89	1.07
90	-0.40
91	6.67
92	NaN
93	1.88
94	6.07
95	7.45
96	5.65
97	0.22
98	NaN
99	5.27
100	6.48
101	6.35
