1	12.96
2	14.08
3	16.87
4	14.09
5	15.12
6	14.86
7	10.49
8	13.46
9	15.46
10	12.56
11	14.00
12	13.35
13	15.21
14	14.93
15	NaN
16	15.05
17	14.22
18	NaN
19	13.32
20	10.97
21	13.42
22	13.20
23	14.01
24	13.65
25	11.51
26	11.71
27	12.92
28	15.20
29	14.62
30	12.39
31	15.33
32	12.24
33	12.08
34	12.34
35	15.15
36	13.02
37	10.27
38	11.86
39	11.43
40	10.09
41	13.30
42	12.73
43	9.78
44	9.51
45	10.99
46	12.16
47	7.95
48	10.23
49	11.14
50	9.80
51	10.34
52	10.23
53	9.97
54	6.22
55	10.65
56	9.09
57	12.16
58	10.43
59	9.91
60	12.36
61	12.46
62	10.58
63	12.05
64	12.47
65	13.99
66	14.84
67	13.97
68	13.01
69	14.80
70	15.43
71	10.69
72	14.31
73	13.70
74	12.43
75	13.78
76	14.15
77	14.71
78	13.04
79	13.02
80	15.32
81	16.70
82	NaN
83	13.58
84	13.71
85	15.20
86	11.20
87	14.00
88	14.06
89	13.31
90	14.33
91	9.52
92	NaN
93	13.07
94	14.18
95	12.31
96	13.14
97	13.63
98	NaN
99	11.52
100	14.75
101	11.01
