1 -4.79
2 -4.79
3 3.68
4 3.68
5 9.40
6 9.40
7 -0.79
8 -0.79
9 24.63
10 24.63
11 -16.47
12 -16.47
13 -24.84
14 -24.84
15 15.96
16 15.96
17 12.53
18 12.53
19 19.33
20 19.33
21 2.10
22 2.10
23 8.28
24 8.28
25 7.77
26 7.77
27 -14.43
28 -14.43
29 35.28
30 35.28
31 -22.84
32 -22.84
33 32.06
34 32.06
35 -11.00
36 -11.00
37 13.10
38 13.10
39 8.01
40 8.01
41 -24.87
42 -24.87
43 -45.40
44 -45.40
45 8.34
46 8.34
47 -11.48
48 -11.48
49 -19.90
50 -19.90
51 -20.15
52 -20.15
53 -18.94
54 -18.94
55 -11.85
56 -11.85
57 18.70
58 18.70
59 -14.71
60 -14.71
61 33.11
62 33.11
63 -15.09
64 -15.09
65 -5.85
66 -5.85
67 -1.97
68 -1.97
69 1.76
70 1.76
71 -9.93
72 -9.93
73 -30.82
74 -30.82
75 -21.09
76 -21.09
77 10.13
78 10.13
79 11.31
80 11.31
81 0.61
82 0.61
83 11.88
84 11.88
85 -7.35
86 -7.35
87 2.74
88 2.74
89 3.89
90 3.89
91 -15.08
92 -15.08
93 -21.04
94 -21.04
95 10.71
96 10.71
97 11.78
98 11.78
99 4.21
100 4.21
101 -6.01
102 -6.01
103 -11.84
104 -11.84
105 -11.21
106 -11.21
107 -8.65
108 -8.65
109 -15.82
110 -15.82
111 21.97
112 21.97
113 11.77
114 11.77
115 -8.32
116 -8.32
117 -12.28
118 -12.28
119 -12.93
120 -12.93
121 4.06
122 4.06
123 23.68
124 23.68
125 -11.30
126 -11.30
127 16.07
128 16.07
129 -0.03
130 -0.03
131 -10.72
132 -10.72
133 2.51
134 2.51
135 -31.62
136 -31.62
137 20.25
138 20.25
139 22.66
140 22.66
141 16.47
142 16.47
143 45.51
144 45.51
145 -18.35
146 -18.35
147 22.27
148 22.27
149 -1.29
150 -1.29
151 15.82
152 15.82
153 11.31
154 11.31
155 11.11
156 11.11
157 18.27
158 18.27
159 19.54
160 19.54
161 -8.60
162 -8.60
163 2.18
164 2.18
165 -4.41
166 -4.41
167 9.73
168 9.73
169 35.86
170 35.86
171 -3.62
172 -3.62
173 -13.10
174 -13.10
175 -35.84
176 -35.84
177 -16.45
178 -16.45
179 -12.64
180 -12.64
181 -27.86
182 -27.86
183 -15.19
184 -15.19
185 14.87
186 14.87
187 13.04
188 13.04
189 22.96
190 22.96
191 -6.22
192 -6.22
193 11.24
194 11.24
195 1.53
196 1.53
197 -9.40
198 -9.40
199 -15.03
200 -15.03
201 17.25
202 17.25
