1 -0.01
2 -0.01
3 -0.21
4 -0.21
5 0.18
6 0.18
7 -0.23
8 -0.23
9 0.25
10 0.25
11 0.21
12 0.21
13 -0.21
14 -0.21
15 0.23
16 0.23
17 0.59
18 0.59
19 0.11
20 0.11
21 -0.43
22 -0.43
23 -0.14
24 -0.14
25 -0.05
26 -0.05
27 0.19
28 0.19
29 0.35
30 0.35
31 -0.92
32 -0.92
33 -0.01
34 -0.01
35 -0.21
36 -0.21
37 -0.30
38 -0.30
39 0.29
40 0.29
41 -0.53
42 -0.53
43 0.46
44 0.46
45 0.12
46 0.12
47 0.04
48 0.04
49 -0.37
50 -0.37
51 0.73
52 0.73
53 0.20
54 0.20
55 0.57
56 0.57
57 0.00
58 0.00
59 -0.42
60 -0.42
61 0.28
62 0.28
63 -0.02
64 -0.02
65 0.09
66 0.09
67 0.12
68 0.12
69 0.04
70 0.04
71 -0.85
72 -0.85
73 -0.31
74 -0.31
75 -0.78
76 -0.78
77 -0.21
78 -0.21
79 -0.30
80 -0.30
81 0.46
82 0.46
83 0.23
84 0.23
85 0.08
86 0.08
87 0.05
88 0.05
89 -0.98
90 -0.98
91 0.33
92 0.33
93 0.70
94 0.70
95 0.11
96 0.11
97 -0.22
98 -0.22
99 0.06
100 0.06
101 0.40
102 0.40
103 0.34
104 0.34
105 0.11
106 0.11
107 0.20
108 0.20
109 0.40
110 0.40
111 -0.07
112 -0.07
113 -0.10
114 -0.10
115 0.31
116 0.31
117 0.04
118 0.04
119 -0.17
120 -0.17
121 -0.02
122 -0.02
123 0.57
124 0.57
125 0.63
126 0.63
127 0.41
128 0.41
129 0.66
130 0.66
131 0.05
132 0.05
133 0.07
134 0.07
135 0.52
136 0.52
137 0.14
138 0.14
139 0.50
140 0.50
141 0.07
142 0.07
143 -0.14
144 -0.14
145 -0.24
146 -0.24
147 0.07
148 0.07
149 0.13
150 0.13
151 0.42
152 0.42
153 0.40
154 0.40
155 0.49
156 0.49
157 -0.08
158 -0.08
159 0.01
160 0.01
161 0.65
162 0.65
163 -0.22
164 -0.22
165 0.55
166 0.55
167 0.35
168 0.35
169 0.30
170 0.30
171 0.43
172 0.43
173 0.26
174 0.26
175 0.68
176 0.68
177 0.17
178 0.17
179 -0.42
180 -0.42
181 -0.26
182 -0.26
183 0.50
184 0.50
185 -0.13
186 -0.13
187 -0.11
188 -0.11
189 0.09
190 0.09
191 0.46
192 0.46
193 0.41
194 0.41
195 -0.30
196 -0.30
197 -0.43
198 -0.43
199 -0.37
200 -0.37
201 0.10
202 0.10
