1 -0.54
2 -0.54
3 -0.95
4 -0.95
5 -1.19
6 -1.19
7 -1.29
8 -1.29
9 -0.95
10 -0.95
11 -1.31
12 -1.31
13 -0.38
14 -0.38
15 -1.03
16 -1.03
17 -1.08
18 -1.08
19 -1.06
20 -1.06
21 -1.22
22 -1.22
23 -1.32
24 -1.32
25 -0.83
26 -0.83
27 -1.45
28 -1.45
29 -0.85
30 -0.85
31 -1.60
32 -1.60
33 -1.03
34 -1.03
35 -0.72
36 -0.72
37 -1.06
38 -1.06
39 -0.79
40 -0.79
41 -1.52
42 -1.52
43 -0.38
44 -0.38
45 -0.98
46 -0.98
47 -1.18
48 -1.18
49 -0.96
50 -0.96
51 -0.97
52 -0.97
53 -1.56
54 -1.56
55 -0.84
56 -0.84
57 -1.04
58 -1.04
59 -0.74
60 -0.74
61 -0.71
62 -0.71
63 -0.57
64 -0.57
65 -1.04
66 -1.04
67 -1.23
68 -1.23
69 -1.36
70 -1.36
71 -1.20
72 -1.20
73 -1.11
74 -1.11
75 -1.37
76 -1.37
77 -0.91
78 -0.91
79 -0.75
80 -0.75
81 -1.16
82 -1.16
83 -0.72
84 -0.72
85 -0.53
86 -0.53
87 -1.29
88 -1.29
89 -1.29
90 -1.29
91 -0.59
92 -0.59
93 -1.21
94 -1.21
95 -0.99
96 -0.99
97 -0.95
98 -0.95
99 -1.22
100 -1.22
101 -1.03
102 -1.03
103 -0.50
104 -0.50
105 -1.42
106 -1.42
107 -1.22
108 -1.22
109 -0.76
110 -0.76
111 -0.90
112 -0.90
113 -0.50
114 -0.50
115 -1.41
116 -1.41
117 -1.60
118 -1.60
119 -1.09
120 -1.09
121 -0.64
122 -0.64
123 -0.95
124 -0.95
125 -0.94
126 -0.94
127 -0.99
128 -0.99
129 -1.08
130 -1.08
131 -1.18
132 -1.18
133 -1.06
134 -1.06
135 -0.64
136 -0.64
137 -0.88
138 -0.88
139 -1.20
140 -1.20
141 -1.00
142 -1.00
143 -0.87
144 -0.87
145 -1.31
146 -1.31
147 -0.19
148 -0.19
149 -0.91
150 -0.91
151 -1.18
152 -1.18
153 -1.09
154 -1.09
155 -0.75
156 -0.75
157 -1.24
158 -1.24
159 -0.55
160 -0.55
161 -1.48
162 -1.48
163 -1.07
164 -1.07
165 -1.18
166 -1.18
167 -1.51
168 -1.51
169 -0.47
170 -0.47
171 -1.08
172 -1.08
173 -1.46
174 -1.46
175 -0.76
176 -0.76
177 -1.27
178 -1.27
179 -1.11
180 -1.11
181 -0.79
182 -0.79
183 -0.82
184 -0.82
185 -1.13
186 -1.13
187 -0.90
188 -0.90
189 -1.16
190 -1.16
191 -1.24
192 -1.24
193 -0.74
194 -0.74
195 -1.46
196 -1.46
197 -0.88
198 -0.88
199 -0.87
200 -0.87
201 -0.87
202 -0.87
