1 1.57
2 1.57
3 1.57
4 1.57
5 1.57
6 1.57
7 1.59
8 1.59
9 1.57
10 1.57
11 1.59
12 1.59
13 1.56
14 1.56
15 1.57
16 1.57
17 1.57
18 1.57
19 1.59
20 1.59
21 1.61
22 1.61
23 1.58
24 1.58
25 1.58
26 1.58
27 1.62
28 1.62
29 1.58
30 1.58
31 1.55
32 1.55
33 1.59
34 1.59
35 1.58
36 1.58
37 1.57
38 1.57
39 1.62
40 1.62
41 1.58
42 1.58
43 1.60
44 1.60
45 1.56
46 1.56
47 1.59
48 1.59
49 1.58
50 1.58
51 1.59
52 1.59
53 1.61
54 1.61
55 1.57
56 1.57
57 1.60
58 1.60
59 1.59
60 1.59
61 1.61
62 1.61
63 1.61
64 1.61
65 1.59
66 1.59
67 1.57
68 1.57
69 1.62
70 1.62
71 1.61
72 1.61
73 1.58
74 1.58
75 1.61
76 1.61
77 1.58
78 1.58
79 1.60
80 1.60
81 1.60
82 1.60
83 1.57
84 1.57
85 1.59
86 1.59
87 1.58
88 1.58
89 1.60
90 1.60
91 1.60
92 1.60
93 1.65
94 1.65
95 1.60
96 1.60
97 1.55
98 1.55
99 1.59
100 1.59
101 1.58
102 1.58
