1	5.50
2	5.17
3	4.59
4	4.02
5	4.60
6	4.58
7	5.16
8	3.99
9	5.20
10	4.01
11	5.37
12	4.31
13	3.50
14	4.01
15	2.96
16	4.72
17	3.67
18	4.73
19	4.77
20	4.46
21	5.11
22	3.74
23	4.11
24	4.18
25	4.05
26	4.53
27	3.97
28	4.86
29	4.27
30	4.22
31	4.47
32	3.21
33	3.49
34	3.78
35	4.50
36	3.09
37	4.13
38	4.75
39	3.99
40	4.71
41	4.08
42	4.77
43	4.79
44	5.18
45	4.28
46	4.17
47	4.16
48	4.66
49	3.66
50	4.36
51	4.81
52	4.01
53	4.59
54	4.37
55	4.47
56	4.78
57	4.15
58	4.78
59	3.63
60	4.36
61	3.83
62	4.49
63	4.71
64	5.36
65	5.18
66	4.44
67	4.39
68	4.32
69	4.62
70	3.76
71	4.65
72	4.49
73	4.24
74	4.71
75	4.76
76	3.84
77	4.48
78	3.69
79	4.20
80	4.19
81	4.60
82	3.59
83	3.70
84	3.93
85	4.67
86	4.68
87	4.56
88	4.71
89	4.59
90	5.42
91	3.79
92	3.92
93	4.06
94	5.07
95	3.23
96	4.41
97	4.14
98	4.55
99	4.01
100	3.33
101	4.29
