1	4.31
2	4.36
3	6.16
4	7.18
5	4.96
6	4.93
7	2.99
8	7.31
9	5.78
10	6.10
11	6.34
12	4.39
13	6.34
14	6.50
15	8.64
16	4.25
17	7.63
18	6.07
19	6.02
20	5.36
21	4.60
22	6.77
23	6.18
24	6.33
25	6.98
26	6.06
27	5.36
28	7.23
29	7.83
30	5.24
31	5.63
32	7.79
33	6.76
34	6.66
35	6.25
36	9.33
37	7.77
38	5.56
39	6.10
40	6.10
41	5.76
42	4.44
43	4.97
44	4.73
45	7.10
46	6.79
47	4.00
48	5.47
49	7.26
50	7.26
51	5.16
52	6.40
53	5.50
54	6.04
55	6.02
56	5.99
57	4.85
58	4.89
59	6.55
60	6.47
61	6.00
62	4.78
63	5.18
64	3.13
65	4.99
66	5.44
67	5.59
68	6.85
69	3.93
70	7.85
71	4.61
72	7.30
73	5.59
74	6.57
75	4.92
76	6.24
77	7.13
78	6.60
79	7.42
80	5.26
81	4.60
82	6.56
83	5.88
84	8.62
85	5.28
86	5.97
87	3.71
88	4.41
89	6.69
90	4.20
91	6.32
92	4.59
93	6.30
94	4.36
95	6.44
96	5.43
97	6.00
98	5.50
99	6.53
100	8.40
101	5.29
