1	-29.24
2	-54.23
3	-5.44
4	NaN
5	107.29
6	NaN
7	-37.64
8	55.58
9	-24.39
10	NaN
11	NaN
12	-56.26
13	-20.32
14	-17.5
15	17.58
16	-42.58
17	-40.75
18	-61.48
19	135.49
20	-58.3
21	-48.45
22	-40.1
23	NaN
24	NaN
25	NaN
26	NaN
27	NaN
28	NaN
29	0.820000000000022
30	-138.95
31	NaN
32	NaN
33	NaN
34	NaN
35	NaN
36	-79.59
37	NaN
38	NaN
39	NaN
40	-46.66
41	217.4
42	NaN
43	NaN
44	27.13
45	24.35
46	-19.45
47	NaN
48	NaN
49	NaN
50	NaN
51	-55.56
52	NaN
53	NaN
54	NaN
55	NaN
56	NaN
57	NaN
58	NaN
59	NaN
60	34.87
61	-55.54
62	NaN
63	-24.53
64	NaN
65	NaN
66	NaN
67	-27.18
68	NaN
69	NaN
70	NaN
71	-102.71
72	NaN
73	-41.48
74	NaN
75	NaN
76	-54.58
77	NaN
78	NaN
79	NaN
80	71.12
81	-39.05
82	-37
83	-76.62
84	-4.32999999999998
85	108.03
86	-56.46
87	-55.42
88	NaN
89	-20.75
90	-32.84
91	NaN
92	-0.469999999999999
93	NaN
94	-39.46
95	-47.82
96	NaN
97	NaN
98	129.82
99	NaN
100	NaN
101	NaN
