1	57.33
2	59.17
3	54.25
4	51.23
5	52.96
6	53.52
7	49.53
8	58.96
9	61.25
10	46.39
11	70.41
12	50.80
13	52.59
14	53.54
15	65.31
16	52.25
17	53.36
18	60.03
19	54.89
20	52.23
21	54.77
22	63.61
23	51.45
24	51.30
25	64.29
26	67.14
27	48.19
28	62.48
29	53.64
30	53.59
31	57.64
32	66.21
33	61.26
34	60.53
35	62.65
36	50.32
37	46.81
38	60.66
39	52.91
40	54.19
41	59.83
42	52.46
43	73.16
44	61.84
45	53.92
46	64.88
47	50.49
48	58.48
49	47.04
50	60.00
51	50.35
52	50.22
53	46.10
54	40.66
55	61.91
56	69.00
57	46.17
58	57.82
59	62.39
60	61.35
61	48.55
62	46.87
63	55.50
64	57.98
65	55.53
66	70.93
67	58.90
68	59.48
69	51.65
70	58.15
71	52.03
72	55.77
73	52.23
74	64.20
75	52.70
76	52.73
77	56.63
78	62.71
79	45.33
80	53.73
81	58.09
82	65.60
83	51.68
84	47.44
85	55.38
86	52.73
87	53.09
88	48.62
89	55.54
90	53.72
91	59.85
92	48.49
93	51.88
94	50.89
95	54.94
96	58.35
97	48.75
98	58.48
99	60.76
100	59.72
101	50.83
