1	179.56
2	172.19
3	159.11
4	168.89
5	176.52
6	187.95
7	180.44
8	175.64
9	178.45
10	174.91
11	184.17
12	177.82
13	171.58
14	165.94
15	178.87
16	169.26
17	186.3
18	172.53
19	172.22
20	184.53
21	163.56
22	177.23
23	175.67
24	187.45
25	183.23
26	178.10
27	187.09
28	179.12
29	178.71
30	163.91
31	179.42
32	180.22
33	170.86
34	180.25
35	172.96
36	168.37
37	187.65
38	175.51
39	169.84
40	169.44
41	170.38
42	168.78
43	182.09
44	186.44
45	169.58
46	172.49
47	170.10
48	169.69
49	198.06
50	204.32
51	166.59
52	177.05
53	169.96
54	175.43
55	171.89
56	179.88
57	174.39
58	182.05
59	198.83
60	180.49
61	180.67
62	179.77
63	180.06
64	176.81
65	182.68
66	181.56
67	176.29
68	173.09
69	173.44
70	187.27
71	184.3
72	180.19
73	187.99
74	173.08
75	200.02
76	183.27
77	179.79
78	176.65
79	172.03
80	174.18
81	171.54
82	169.09
83	171.38
84	169.91
85	185.15
86	179.36
87	174.55
88	206.36
89	170.58
90	184.8
91	184.33
92	177.46
93	167.08
94	167.79
95	189.61
96	160.60
97	183.85
98	173.94
99	170.85
100	175.83
101	181.31
