1	60.08
2	54.29
3	58.84
4	54.79
5	69.56
6	69.10
7	52.37
8	63.32
9	67.38
10	53.54
11	59.30
12	53.86
13	58.74
14	75.59
15	59.34
16	50.35
17	60.47
18	54.04
19	56.05
20	61.31
21	54.42
22	61.81
23	65.19
24	53.98
25	54.35
26	55.39
27	50.13
28	47.64
29	52.45
30	66.38
31	64.99
32	55.75
33	57.02
34	57.90
35	55.31
36	67.11
37	61.95
38	58.09
39	51.91
40	53.63
41	52.33
42	63.21
43	54.62
44	60.62
45	53.95
46	51.76
47	56.42
48	60.23
49	62.05
50	68.17
51	54.75
52	53.63
53	68.15
54	52.85
55	50.83
56	77.02
57	60.51
58	65.42
59	62.81
60	48.11
61	59.54
62	56.90
63	66.61
64	51.13
65	56.30
66	56.76
67	58.18
68	59.42
69	55.64
70	65.84
71	68.43
72	62.36
73	62.65
74	54.07
75	70.97
76	53.99
77	57.07
78	69.06
79	56.25
80	63.50
81	64.04
82	49.96
83	52.64
84	55.14
85	57.61
86	54.31
87	56.74
88	110.06
89	61.49
90	53.52
91	65.40
92	57.20
93	67.72
94	57.34
95	57.55
96	56.09
97	70.93
98	55.87
99	57.83
100	77.88
101	72.21
