1	154.36
2	174.21
3	168.49
4	157.95
5	164.10
6	189.68
7	155.27
8	158.35
9	174.49
10	170.88
11	176.78
12	152.33
13	151.96
14	191.8
15	153.57
16	157.75
17	169.36
18	165.64
19	126.90
20	169.49
21	170.13
22	154.81
23	172.09
24	147.08
25	151.65
26	171.80
27	168.90
28	166.56
29	164.75
30	168.04
31	165.72
32	178.41
33	163.54
34	175.59
35	175.16
36	159.67
37	153.23
38	167.54
39	167.43
40	175.54
41	160.26
42	168.14
43	172.68
44	162.68
45	171.81
46	130.03
47	145.62
48	172.41
49	176.14
50	169.85
51	154.87
52	172.26
53	145.23
54	156.19
55	156.23
56	165.25
57	159.39
58	169.51
59	166.58
60	155.71
61	182.3
62	186.94
63	163.95
64	162.10
65	157.69
66	174.18
67	151.87
68	189.39
69	162.52
70	180.16
71	162.62
72	162.96
73	175.78
74	169.38
75	164.79
76	152.19
77	166.55
78	153.27
79	147.06
80	179.85
81	147.35
82	170.74
83	171.54
84	182.96
85	145.56
86	153.20
87	160.39
88	178.95
89	161.60
90	183.96
91	158.91
92	171.46
93	163.68
94	167.17
95	151.20
96	169.42
97	163.51
98	152.40
99	163.68
100	163.99
101	164.11
