1	-4.02
2	11.48
3	5.96
4	7.38
5	17.31
6	13.02
7	14.02
8	6.01
9	9.85
10	7.20
11	1.75
12	8.55
13	0.38
14	10.43
15	9.27
16	3.77
17	-3.80
18	9.93
19	2.59
20	0.03
21	11.05
22	1.03
23	3.25
24	6.77
25	9.48
26	3.63
27	5.93
28	14.56
29	12.64
30	4.89
31	10.09
32	6.35
33	7.31
34	1.12
35	5.94
36	3.90
37	1.86
38	3.95
39	-2.08
40	8.71
41	14.88
42	7.30
43	6.01
44	3.97
45	10.56
46	9.17
47	14.90
48	6.42
49	5.95
50	10.87
51	17.60
52	11.60
53	9.87
54	9.12
55	11.97
56	8.28
57	11.24
58	12.55
59	13.58
60	20.57
61	9.36
62	15.82
63	15.86
64	5.19
65	12.80
66	14.58
67	3.87
68	12.96
69	-0.88
70	9.67
71	12.97
72	10.94
73	5.94
74	4.89
75	8.82
76	6.61
77	11.47
78	3.82
79	1.84
80	7.94
81	8.18
82	15.23
83	11.02
84	7.84
85	15.20
86	8.49
87	2.70
88	10.76
89	3.76
90	-1.60
91	6.24
92	4.95
93	11.67
94	3.74
95	6.42
96	1.78
97	10.80
98	4.93
99	5.92
100	7.61
101	10.33
