1	4.22
2	3.89
3	11.11
4	3.08
5	1.78
6	0.13
7	14.12
8	15.50
9	11.24
10	7.40
11	14.18
12	-0.75
13	7.43
14	0.41
15	0.00
16	-3.06
17	3.55
18	0.85
19	-2.68
20	-4.29
21	-0.91
22	5.92
23	9.13
24	-0.09
25	4.18
26	-4.62
27	6.79
28	9.84
29	12.14
30	3.35
31	9.18
32	8.44
33	-16.66
34	-1.58
35	8.02
36	6.77
37	17.47
38	13.44
39	8.47
40	4.16
41	8.73
42	0.68
43	0.59
44	1.72
45	-1.34
46	14.94
47	-4.81
48	-0.84
49	8.82
50	-7.88
51	21.28
52	23.51
53	5.68
54	-1.19
55	4.93
56	0.54
57	-2.08
58	34.99
59	5.14
60	7.36
61	15.03
62	11.35
63	14.07
64	12.81
65	7.02
66	8.48
67	10.12
68	17.70
69	3.88
70	0.15
71	-4.08
72	10.17
73	-1.41
74	-2.31
75	3.16
76	0.18
77	1.58
78	-1.52
79	2.40
80	1.79
81	-15.40
82	13.08
83	7.57
84	3.10
85	-6.35
86	9.87
87	2.07
88	10.68
89	2.49
90	3.47
91	11.50
92	8.55
93	20.71
94	-8.95
95	-7.52
96	-4.04
97	11.92
98	-0.16
99	4.14
100	6.19
101	-3.97
