1	0.39
2	1.10
3	0.58
4	-0.15
5	0.10
6	0.26
7	0.51
8	0.50
9	0.85
10	0.78
11	0.89
12	1.07
13	0.15
14	-0.53
15	0.08
16	-0.22
17	0.93
18	0.61
19	0.21
20	0.51
21	-0.40
22	0.73
23	0.77
24	0.98
25	0.68
26	0.83
27	0.55
28	0.28
29	0.04
30	0.35
31	-0.44
32	0.56
33	-0.07
34	-0.26
35	0.93
36	0.90
37	-0.48
38	0.58
39	0.46
40	0.50
41	-0.02
42	-0.34
43	0.60
44	-0.18
45	0.16
46	-0.02
47	0.30
48	0.64
49	0.98
50	-0.01
51	0.71
52	0.49
53	0.36
54	0.57
55	0.69
56	0.59
57	0.65
58	0.95
59	0.24
60	0.64
61	-0.16
62	0.46
63	0.99
64	0.48
65	0.41
66	-0.09
67	0.49
68	-0.39
69	0.59
70	0.23
71	-0.32
72	0.25
73	0.57
74	0.15
75	-0.29
76	0.25
77	0.11
78	-0.02
79	0.11
80	0.63
81	0.46
82	0.38
83	0.66
84	1.01
85	-0.05
86	0.01
87	-0.06
88	0.71
89	0.04
90	0.00
91	0.10
92	-0.01
93	0.82
94	0.25
95	-0.20
96	0.58
97	0.84
98	0.36
99	-0.09
100	-0.29
101	-0.01
