1	-70.84
2	-119.19
3	-108.84
4	-108.81
5	-83.6
6	-97.6
7	-104.75
8	-85.72
9	-86.47
10	-96.62
11	-78.35
12	-64.08
13	-90.08
14	-58.65
15	-79.7
16	-98.25
17	-56.17
18	-97.25
19	-94.27
20	32.45
21	-53.58
22	-85.04
23	-81.26
24	-36.59
25	-134.56
26	-116.75
27	-70.2
28	-97.94
29	-85.44
30	-104.72
31	-102.24
32	-96.21
33	-104.68
34	-84.23
35	-101.64
36	-122.74
37	-135.83
38	-110.97
39	-76.41
40	6.00999999999999
41	-124.61
42	-63.12
43	-98.72
44	-77.71
45	-79.91
46	-104.79
47	-74.82
48	-64.28
49	-83.34
50	-74.11
51	-75.36
