1	154.76
2	175.11
3	159.92
4	171.55
5	169.11
6	184.4
7	167.36
8	174.93
9	166.61
10	165.33
11	170.94
12	152.53
13	160.54
14	149.65
15	180.32
16	173.13
17	162.60
18	172.01
19	165.90
20	149.70
21	166.80
22	164.23
23	184.69
24	159.85
25	148.24
26	151.66
27	166.86
28	160.85
29	160.73
30	188.71
31	176.70
32	170.17
33	153.20
34	180.74
35	169.69
36	161.78
37	149.27
38	169.75
39	169.75
40	144.77
41	147.91
42	161.16
43	164.73
44	161.06
45	176.90
46	161.55
47	169.82
48	163.19
49	169.75
50	161.48
51	175.65
