1 3.30
2 3.30
3 3.97
4 3.97
5 2.21
6 2.21
7 2.11
8 2.11
9 3.50
10 3.50
11 3.58
12 3.58
13 3.62
14 3.62
15 4.17
16 4.17
17 2.48
18 2.48
19 3.94
20 3.94
21 4.03
22 4.03
23 2.25
24 2.25
25 4.26
26 4.26
27 3.92
28 3.92
29 3.51
30 3.51
31 2.40
32 2.40
33 3.22
34 3.22
35 3.27
36 3.27
37 3.99
38 3.99
39 3.56
40 3.56
41 3.71
42 3.71
43 1.87
44 1.87
45 3.55
46 3.55
47 3.61
48 3.61
49 4.11
50 4.11
51 3.01
52 3.01
53 3.63
54 3.63
55 4.01
56 4.01
57 3.68
58 3.68
59 3.15
60 3.15
61 2.46
62 2.46
63 4.08
64 4.08
65 4.74
66 4.74
67 3.26
68 3.26
69 2.89
70 2.89
71 3.58
72 3.58
73 2.61
74 2.61
75 2.63
76 2.63
77 3.73
78 3.73
79 3.35
80 3.35
81 3.48
82 3.48
83 1.93
84 1.93
85 2.35
86 2.35
87 3.74
88 3.74
89 4.03
90 4.03
91 3.11
92 3.11
93 2.52
94 2.52
95 3.86
96 3.86
97 4.17
98 4.17
99 2.95
100 2.95
101 3.24
102 3.24
103 3.17
104 3.17
105 3.45
106 3.45
107 4.98
108 4.98
109 4.26
110 4.26
111 3.76
112 3.76
113 3.26
114 3.26
115 2.71
116 2.71
117 3.67
118 3.67
119 4.11
120 4.11
121 3.76
122 3.76
123 4.66
124 4.66
125 3.64
126 3.64
127 3.15
128 3.15
129 2.85
130 2.85
131 4.39
132 4.39
133 2.76
134 2.76
135 2.99
136 2.99
137 3.02
138 3.02
139 3.58
140 3.58
141 3.90
142 3.90
143 3.00
144 3.00
145 4.34
146 4.34
147 3.64
148 3.64
149 2.48
150 2.48
151 2.03
152 2.03
153 2.58
154 2.58
155 3.21
156 3.21
157 3.26
158 3.26
159 4.63
160 4.63
161 2.77
162 2.77
163 4.24
164 4.24
165 4.66
166 4.66
167 3.04
168 3.04
169 2.20
170 2.20
171 3.07
172 3.07
173 3.26
174 3.26
175 2.77
176 2.77
177 3.93
178 3.93
179 2.36
180 2.36
181 3.58
182 3.58
183 2.43
184 2.43
185 2.21
186 2.21
187 3.72
188 3.72
189 4.72
190 4.72
191 1.48
192 1.48
193 3.37
194 3.37
195 4.23
196 4.23
197 3.81
198 3.81
199 3.99
200 3.99
201 3.69
202 3.69
