1 0.09
2 0.09
3 0.05
4 0.05
5 0.08
6 0.08
7 -0.02
8 -0.02
9 -0.17
10 -0.17
11 0.45
12 0.45
13 -0.16
14 -0.16
15 -0.13
16 -0.13
17 -0.19
18 -0.19
19 0.18
20 0.18
21 -0.20
22 -0.20
23 -0.43
24 -0.43
25 0.33
26 0.33
27 -0.31
28 -0.31
29 0.21
30 0.21
31 -0.10
32 -0.10
33 -0.40
34 -0.40
35 -0.05
36 -0.05
37 -0.29
38 -0.29
39 -0.12
40 -0.12
41 0.13
42 0.13
43 -0.04
44 -0.04
45 -0.04
46 -0.04
47 -0.28
48 -0.28
49 0.67
50 0.67
51 -0.06
52 -0.06
53 -0.40
54 -0.40
55 0.07
56 0.07
57 0.08
58 0.08
59 -0.18
60 -0.18
61 -0.07
62 -0.07
63 0.30
64 0.30
65 -0.23
66 -0.23
67 -0.25
68 -0.25
69 -0.38
70 -0.38
71 0.54
72 0.54
73 0.06
74 0.06
75 -0.03
76 -0.03
77 -0.19
78 -0.19
79 -0.33
80 -0.33
81 0.31
82 0.31
83 0.35
84 0.35
85 -0.37
86 -0.37
87 -0.18
88 -0.18
89 0.05
90 0.05
91 -0.20
92 -0.20
93 -0.18
94 -0.18
95 -0.29
96 -0.29
97 -0.28
98 -0.28
99 -0.27
100 -0.27
101 -0.09
102 -0.09
