1 -0.31
2 -0.31
3 -0.90
4 -0.90
5 -0.77
6 -0.77
7 -0.09
8 -0.09
9 -0.71
10 -0.71
11 -0.66
12 -0.66
13 -0.85
14 -0.85
15 -0.68
16 -0.68
17 -0.64
18 -0.64
19 -0.67
20 -0.67
21 -0.59
22 -0.59
23 -0.53
24 -0.53
25 -0.58
26 -0.58
27 -0.75
28 -0.75
29 -0.63
30 -0.63
31 -0.73
32 -0.73
33 -1.10
34 -1.10
35 -0.42
36 -0.42
37 -0.22
38 -0.22
39 -0.58
40 -0.58
41 -0.72
42 -0.72
43 -0.54
44 -0.54
45 -0.61
46 -0.61
47 -0.53
48 -0.53
49 -0.78
50 -0.78
51 -0.45
52 -0.45
53 -0.38
54 -0.38
55 -0.49
56 -0.49
57 -0.77
58 -0.77
59 -0.37
60 -0.37
61 -1.45
62 -1.45
63 -0.25
64 -0.25
65 -0.20
66 -0.20
67 -0.29
68 -0.29
69 -0.69
70 -0.69
71 -0.79
72 -0.79
73 -0.59
74 -0.59
75 -0.71
76 -0.71
77 -0.71
78 -0.71
79 -0.99
80 -0.99
81 -0.73
82 -0.73
83 -0.91
84 -0.91
85 -0.43
86 -0.43
87 -0.59
88 -0.59
89 -0.60
90 -0.60
91 -0.66
92 -0.66
93 -0.73
94 -0.73
95 -0.47
96 -0.47
97 -0.47
98 -0.47
99 -0.99
100 -0.99
101 -1.23
102 -1.23
103 -0.83
104 -0.83
105 -0.93
106 -0.93
107 -0.89
108 -0.89
109 -1.07
110 -1.07
111 -0.54
112 -0.54
113 -0.61
114 -0.61
115 -1.35
116 -1.35
117 -1.00
118 -1.00
119 -0.78
120 -0.78
121 -0.57
122 -0.57
123 -1.14
124 -1.14
125 -1.07
126 -1.07
127 -0.77
128 -0.77
129 -0.67
130 -0.67
131 -0.89
132 -0.89
133 -0.83
134 -0.83
135 -0.84
136 -0.84
137 -0.44
138 -0.44
139 -0.69
140 -0.69
141 -0.62
142 -0.62
143 -0.74
144 -0.74
145 -0.79
146 -0.79
147 -0.43
148 -0.43
149 -0.79
150 -0.79
151 -0.82
152 -0.82
153 -0.98
154 -0.98
155 -0.57
156 -0.57
157 -0.38
158 -0.38
159 -0.65
160 -0.65
161 -0.67
162 -0.67
163 -0.94
164 -0.94
165 -0.65
166 -0.65
167 -0.66
168 -0.66
169 -0.04
170 -0.04
171 -0.92
172 -0.92
173 -0.43
174 -0.43
175 -0.59
176 -0.59
177 -0.34
178 -0.34
179 -0.57
180 -0.57
181 -0.61
182 -0.61
183 -0.75
184 -0.75
185 -0.68
186 -0.68
187 -0.95
188 -0.95
189 -0.33
190 -0.33
191 -0.73
192 -0.73
193 -0.74
194 -0.74
195 -0.69
196 -0.69
197 -0.59
198 -0.59
199 -0.57
200 -0.57
201 -0.60
202 -0.60
