1 -2.71
2 -2.71
3 2.33
4 2.33
5 -4.64
6 -4.64
7 -2.07
8 -2.07
9 0.47
10 0.47
11 -1.27
12 -1.27
13 -0.39
14 -0.39
15 -3.51
16 -3.51
17 -1.88
18 -1.88
19 -2.49
20 -2.49
21 -2.59
22 -2.59
23 0.35
24 0.35
25 -2.36
26 -2.36
27 -4.45
28 -4.45
29 -1.81
30 -1.81
31 -6.79
32 -6.79
33 -3.45
34 -3.45
35 0.39
36 0.39
37 -0.11
38 -0.11
39 -3.34
40 -3.34
41 -4.32
42 -4.32
43 0.98
44 0.98
45 -1.75
46 -1.75
47 -1.02
48 -1.02
49 -0.06
50 -0.06
51 0.58
52 0.58
53 -0.96
54 -0.96
55 -2.51
56 -2.51
57 -3.88
58 -3.88
59 -2.70
60 -2.70
61 -0.72
62 -0.72
63 -1.59
64 -1.59
65 -1.16
66 -1.16
67 -1.63
68 -1.63
69 -1.51
70 -1.51
71 -2.55
72 -2.55
73 -4.88
74 -4.88
75 -3.65
76 -3.65
77 -1.96
78 -1.96
79 -2.62
80 -2.62
81 -2.27
82 -2.27
83 -2.10
84 -2.10
85 -3.98
86 -3.98
87 -0.78
88 -0.78
89 -0.36
90 -0.36
91 -3.73
92 -3.73
93 -2.45
94 -2.45
95 -2.18
96 -2.18
97 -0.03
98 -0.03
99 -2.08
100 -2.08
101 0.27
102 0.27
103 -5.54
104 -5.54
105 -1.30
106 -1.30
107 -1.46
108 -1.46
109 -3.42
110 -3.42
111 -1.71
112 -1.71
113 -2.41
114 -2.41
115 -5.06
116 -5.06
117 -0.24
118 -0.24
119 -2.05
120 -2.05
121 -4.23
122 -4.23
123 -1.21
124 -1.21
125 -1.43
126 -1.43
127 -2.51
128 -2.51
129 -3.79
130 -3.79
131 -2.45
132 -2.45
133 -1.99
134 -1.99
135 -2.90
136 -2.90
137 -6.04
138 -6.04
139 -1.81
140 -1.81
141 -4.53
142 -4.53
143 0.32
144 0.32
145 -2.33
146 -2.33
147 -1.73
148 -1.73
149 -1.57
150 -1.57
151 -0.72
152 -0.72
153 -2.87
154 -2.87
155 1.94
156 1.94
157 -4.78
158 -4.78
159 -1.78
160 -1.78
161 -2.23
162 -2.23
163 -1.23
164 -1.23
165 -1.05
166 -1.05
167 1.17
168 1.17
169 -1.56
170 -1.56
171 -4.85
172 -4.85
173 -1.64
174 -1.64
175 -6.44
176 -6.44
177 -2.12
178 -2.12
179 1.13
180 1.13
181 -1.27
182 -1.27
183 -1.28
184 -1.28
185 -2.57
186 -2.57
187 -1.32
188 -1.32
189 -0.25
190 -0.25
191 -2.74
192 -2.74
193 -1.39
194 -1.39
195 -2.15
196 -2.15
197 0.46
198 0.46
199 -1.59
200 -1.59
201 -0.14
202 -0.14
