1 33.11
2 33.11
3 31.84
4 31.84
5 29.04
6 29.04
7 36.73
8 36.73
9 28.15
10 28.15
11 30.82
12 30.82
13 24.54
14 24.54
15 25.76
16 25.76
17 26.21
18 26.21
19 19.93
20 19.93
21 24.01
22 24.01
23 29.08
24 29.08
25 36.90
26 36.90
27 34.73
28 34.73
29 34.81
30 34.81
31 28.02
32 28.02
33 21.93
34 21.93
35 26.23
36 26.23
37 34.98
38 34.98
39 35.11
40 35.11
41 31.10
42 31.10
43 31.78
44 31.78
45 25.86
46 25.86
47 29.00
48 29.00
49 31.54
50 31.54
51 32.78
52 32.78
53 29.08
54 29.08
55 34.67
56 34.67
57 25.83
58 25.83
59 32.73
60 32.73
61 29.64
62 29.64
63 32.46
64 32.46
65 37.38
66 37.38
67 33.24
68 33.24
69 24.92
70 24.92
71 31.30
72 31.30
73 18.17
74 18.17
75 27.66
76 27.66
77 23.60
78 23.60
79 29.91
80 29.91
81 29.43
82 29.43
83 26.98
84 26.98
85 32.48
86 32.48
87 32.17
88 32.17
89 31.55
90 31.55
91 16.39
92 16.39
93 32.06
94 32.06
95 29.62
96 29.62
97 19.49
98 19.49
99 30.79
100 30.79
101 27.35
102 27.35
103 25.38
104 25.38
105 26.86
106 26.86
107 27.92
108 27.92
109 20.46
110 20.46
111 35.75
112 35.75
113 31.33
114 31.33
115 21.18
116 21.18
117 24.04
118 24.04
119 24.91
120 24.91
121 19.71
122 19.71
123 15.19
124 15.19
125 24.05
126 24.05
127 28.32
128 28.32
129 17.37
130 17.37
131 13.65
132 13.65
133 28.66
134 28.66
135 30.19
136 30.19
137 36.88
138 36.88
139 31.11
140 31.11
141 39.79
142 39.79
143 26.03
144 26.03
145 32.50
146 32.50
147 28.23
148 28.23
149 26.94
150 26.94
151 27.24
152 27.24
153 28.48
154 28.48
155 31.58
156 31.58
157 28.82
158 28.82
159 21.66
160 21.66
161 28.39
162 28.39
163 25.47
164 25.47
165 27.89
166 27.89
167 18.80
168 18.80
169 32.51
170 32.51
171 31.48
172 31.48
173 31.01
174 31.01
175 34.27
176 34.27
177 38.29
178 38.29
179 26.24
180 26.24
181 27.87
182 27.87
183 27.40
184 27.40
185 29.59
186 29.59
187 35.76
188 35.76
189 28.90
190 28.90
191 36.88
192 36.88
193 26.86
194 26.86
195 31.13
196 31.13
197 27.97
198 27.97
199 26.24
200 26.24
201 32.51
202 32.51
