1	-24.59
2	-27.3
3	-58.91
4	-72.11
5	-100.76
6	2.79999999999998
7	-74.31
8	-86.69
9	-101.21
10	-33.58
11	19.01
12	-54.05
13	14.17
14	-80.05
15	-30.78
16	-73.17
17	-71.37
18	-52.06
19	-69.9
20	-55.05
21	-39.79
22	-50.06
23	-49.37
24	-115.46
25	-50.32
26	-107.79
27	-5.04999999999998
28	-71.6
29	-86.77
30	-94.43
31	-94.21
32	43.46
33	-31.48
34	-12.33
35	-56.61
36	-18.3
37	-23.28
38	-40.14
39	111.03
40	31.44
41	-85.92
42	-49.12
43	-81.26
44	-107.74
45	11.51
46	-57.46
47	-110
48	-17.28
49	-96.6
50	-18.71
51	-138.19
