1	145.10
2	144.02
3	144.09
4	143.45
5	144.04
6	145.99
7	145.48
8	141.74
9	146.90
10	143.61
11	141.18
12	145.67
13	147.60
14	142.05
15	147.63
16	145.89
17	138.72
18	149.45
19	147.40
20	139.96
21	145.14
22	146.01
23	146.48
24	148.32
25	145.67
26	148.65
27	144.08
28	146.82
29	144.41
30	147.91
31	146.60
32	144.11
33	146.84
34	144.22
35	147.27
36	147.92
37	147.74
38	144.12
39	148.93
40	147.13
41	143.47
42	144.08
43	145.60
44	146.82
45	145.72
46	144.86
47	141.01
48	146.37
49	146.17
50	147.05
51	145.39
