1	166.28
2	162.01
3	175.27
4	171.30
5	170.57
6	171.28
7	156.77
8	171.25
9	161.43
10	170.87
11	172.45
12	144.85
13	155.16
14	161.70
15	161.09
16	165.64
17	166.87
18	169.55
19	166.32
20	170.22
21	168.52
22	158.65
23	182.64
24	185.04
25	169.29
26	177.84
27	170.11
28	169.05
29	155.17
30	160.50
31	156.56
32	157.41
33	164.09
34	157.40
35	178.44
36	168.90
37	175.67
38	170.79
39	149.51
40	189.71
41	163.11
42	187.11
43	151.26
44	175.41
45	173.66
46	160.22
47	179.21
48	184.99
49	163.26
50	164.69
51	148.27
