1	238.17
2	251.12
3	256.82
4	250.76
5	262.24
6	261.08
7	252.06
8	238.28
9	243.7
10	239.4
11	239.6
12	272.04
13	NaN
14	283.44
15	249.03
16	253.66
17	260.86
18	207.71
19	265.44
20	237.81
21	294.1
22	273.45
23	241.07
24	250.87
25	265.41
26	231.22
27	272.42
28	247.86
29	253.17
30	271.28
31	251.44
32	271.49
33	296.36
34	164.08
35	241.11
36	288.67
37	260.1
38	281.62
39	271.45
40	293.56
41	299.62
42	219.63
43	202.06
44	216.48
45	279.41
46	300.2
47	226.62
48	256.18
49	283.69
50	258.58
51	250.07
52	254.8
53	224.76
54	284.3
55	262.64
56	254.51
57	292.9
58	259.36
59	286.9
60	239.84
61	313.31
62	275.35
63	248.11
64	240.86
65	270.6
66	219.61
67	256.67
68	225.82
69	260.25
70	276.89
71	271.7
72	269.37
73	279.74
74	270.19
75	187.95
76	264.89
77	268.27
78	229.43
79	258.84
80	278.4
81	259.95
82	248.09
83	252.66
84	276.9
85	265.97
86	248.34
87	235.33
88	284.88
89	219.76
90	254.91
91	243.26
92	286.23
93	201.3
94	268.22
95	245.12
96	254.9
97	271.6
98	269.55
99	255.35
100	216.19
101	224.46
