1 -0.40
2 -0.40
3 -3.26
4 -3.26
5 -1.83
6 -1.83
7 0.94
8 0.94
9 1.28
10 1.28
11 1.60
12 1.60
13 -0.10
14 -0.10
15 -1.98
16 -1.98
17 -3.32
18 -3.32
19 -2.98
20 -2.98
21 0.82
22 0.82
23 -5.46
24 -5.46
25 -2.96
26 -2.96
27 1.48
28 1.48
29 0.80
30 0.80
31 -3.83
32 -3.83
33 -2.14
34 -2.14
35 -0.34
36 -0.34
37 -4.44
38 -4.44
39 -3.89
40 -3.89
41 -0.09
42 -0.09
43 -3.00
44 -3.00
45 -2.96
46 -2.96
47 -1.82
48 -1.82
49 0.09
50 0.09
51 0.12
52 0.12
53 -1.15
54 -1.15
55 -3.89
56 -3.89
57 -1.05
58 -1.05
59 -0.42
60 -0.42
61 -0.14
62 -0.14
63 0.24
64 0.24
65 -4.70
66 -4.70
67 -0.73
68 -0.73
69 -0.35
70 -0.35
71 -1.89
72 -1.89
73 0.17
74 0.17
75 -4.03
76 -4.03
77 -3.31
78 -3.31
79 -1.27
80 -1.27
81 -0.71
82 -0.71
83 -1.64
84 -1.64
85 -0.15
86 -0.15
87 3.33
88 3.33
89 -0.25
90 -0.25
91 1.31
92 1.31
93 -0.30
94 -0.30
95 -1.08
96 -1.08
97 -1.91
98 -1.91
99 -0.51
100 -0.51
101 -3.15
102 -3.15
