1	0.36
2	-3.59
3	3.30
4	5.47
5	15.59
6	9.01
7	10.42
8	-0.95
9	4.96
10	-0.79
11	7.50
12	-0.11
13	-4.25
14	8.41
15	2.94
16	6.92
17	6.48
18	17.94
19	1.79
20	8.56
21	2.80
22	6.37
23	2.25
24	3.01
25	8.39
26	4.58
27	7.53
28	9.91
29	13.29
30	5.01
31	7.48
32	0.23
33	-8.60
34	-0.76
35	2.71
36	-1.93
37	2.62
38	2.04
39	1.35
40	5.24
41	-2.73
42	10.15
43	0.86
44	3.56
45	2.51
46	-2.32
47	3.78
48	3.09
49	-0.39
50	6.90
51	-3.32
52	10.23
53	5.53
54	-7.25
55	8.37
56	6.63
57	6.89
58	3.92
59	0.49
60	7.92
61	-1.49
62	3.62
63	5.11
64	3.42
65	-0.25
66	8.75
67	2.82
68	5.55
69	2.61
70	7.05
71	-1.59
72	-5.15
73	1.77
74	4.53
75	2.63
76	8.70
77	10.44
78	-0.01
79	6.44
80	1.55
81	8.38
82	1.69
83	7.41
84	7.04
85	7.54
86	3.99
87	7.85
88	7.04
89	2.62
90	12.54
91	2.74
92	5.54
93	-2.15
94	4.48
95	4.20
96	5.54
97	7.89
98	13.94
99	2.85
100	3.55
101	1.59
