1	1.27
2	1.95
3	2.93
4	1.84
5	4.95
6	-1.72
7	2.22
8	0.53
9	-2.51
10	-0.57
11	2.20
12	3.79
13	5.20
14	2.51
15	3.45
16	3.80
17	1.27
18	3.47
19	4.92
20	5.00
21	4.79
22	2.10
23	4.62
24	0.35
25	2.69
26	0.81
27	3.38
28	4.74
29	3.12
30	1.34
31	4.53
32	4.30
33	-0.99
34	3.19
35	0.84
36	3.26
37	2.81
38	-0.09
39	1.35
40	0.57
41	5.24
42	-1.11
43	1.99
44	3.03
45	1.48
46	3.23
47	5.96
48	-0.27
49	4.20
50	-0.31
51	4.23
52	0.37
53	-0.02
54	1.22
55	3.48
56	0.20
57	6.14
58	0.44
59	1.73
60	2.23
61	1.70
62	1.74
63	1.47
64	-1.81
65	5.98
66	0.01
67	-2.72
68	-4.69
69	4.47
70	-0.79
71	7.31
72	-2.49
73	-0.21
74	4.57
75	2.19
76	1.52
77	6.18
78	0.21
79	-0.69
80	4.69
81	1.59
82	6.72
83	-0.93
84	4.81
85	3.95
86	-0.15
87	3.31
88	3.11
89	-1.29
90	2.18
91	0.87
92	2.73
93	1.45
94	1.58
95	4.87
96	4.49
97	5.12
98	-1.44
99	5.35
100	5.28
101	-1.03
