1 0.37
2 0.37
3 0.15
4 0.15
5 -0.21
6 -0.21
7 -0.18
8 -0.18
9 -0.75
10 -0.75
11 0.37
12 0.37
13 -0.12
14 -0.12
15 -0.22
16 -0.22
17 -0.28
18 -0.28
19 -0.40
20 -0.40
21 0.13
22 0.13
23 -0.19
24 -0.19
25 -0.57
26 -0.57
27 -0.18
28 -0.18
29 -0.13
30 -0.13
31 -0.28
32 -0.28
33 0.21
34 0.21
35 -0.42
36 -0.42
37 -0.58
38 -0.58
39 -0.13
40 -0.13
41 -0.01
42 -0.01
43 0.31
44 0.31
45 0.03
46 0.03
47 -0.20
48 -0.20
49 -0.27
50 -0.27
51 0.11
52 0.11
53 -0.01
54 -0.01
55 -0.07
56 -0.07
57 -0.26
58 -0.26
59 -0.22
60 -0.22
61 -0.17
62 -0.17
63 -0.12
64 -0.12
65 -0.43
66 -0.43
67 -0.29
68 -0.29
69 -0.34
70 -0.34
71 0.30
72 0.30
73 -0.08
74 -0.08
75 -0.07
76 -0.07
77 -0.32
78 -0.32
79 0.02
80 0.02
81 0.20
82 0.20
83 -0.04
84 -0.04
85 -0.09
86 -0.09
87 -0.36
88 -0.36
89 0.00
90 0.00
91 -0.66
92 -0.66
93 -0.25
94 -0.25
95 -0.41
96 -0.41
97 -0.32
98 -0.32
99 -0.48
100 -0.48
101 -0.05
102 -0.05
