1	249.03
2	250.12
3	249.38
4	247.67
5	257.48
6	247.23
7	231.16
8	265.47
9	258.8
10	245.71
11	246.27
12	241.79
13	231.88
14	255.26
15	233.64
16	239.11
17	249.51
18	248.75
19	232.59
20	237.11
21	258.4
22	247.72
23	252.07
24	236.68
25	254.67
26	246.02
27	252.58
28	249.79
29	251.31
30	244.26
31	250.29
32	243.48
33	257.34
34	249.98
35	248.05
36	238.98
37	236.19
38	243.4
39	240.35
40	254.35
41	243.26
42	246.73
43	253.64
44	247.44
45	240.87
46	244.47
47	234.05
48	252.2
49	249.66
50	249.23
51	255.21
52	249.78
53	250.04
54	250.37
55	249.4
56	241.98
57	238.18
58	242.02
59	245.49
60	239.76
61	250.33
62	243.33
63	243.93
64	244.9
65	243.44
66	250.96
67	234.26
68	261.7
69	241.43
70	259.08
71	243.59
72	234.59
73	257.86
74	252.33
75	257.58
76	242.67
77	251.86
78	242.73
79	245.73
80	255.95
81	249.3
82	257.36
83	250.6
84	255.21
85	248.62
86	246.07
87	248.56
88	248.79
89	253.1
90	250.94
91	248
92	250.87
93	264.5
94	252.38
95	254.11
96	248.88
97	248.89
98	255.44
99	251.61
100	247.44
101	250.77
