1	239.32
2	262.07
3	290.16
4	273.77
5	265.99
6	280.34
7	289.51
8	225.74
9	279.06
10	296.53
11	295.5
12	282.26
13	316.37
14	289.43
15	301.97
16	304.43
17	276.84
18	257.29
19	297.4
20	297.84
21	298.32
22	312.43
23	265.12
24	281.1
25	296.44
26	251.27
27	254.67
28	289.08
29	311.79
30	285.62
31	301.04
32	295.93
33	289.83
34	321.92
35	306.06
36	314.06
37	275.32
38	302.46
39	305.51
40	294.85
41	307.16
42	281.59
43	303.19
44	277.19
45	305.02
46	276.73
47	270.88
48	272.53
49	307.5
50	257
51	292.91
52	283.91
53	296.48
54	312.81
55	315.43
56	328.35
57	317.03
58	276.1
59	284.91
60	290.77
61	262.6
62	280.57
63	274.3
64	276.11
65	317.09
66	285.12
67	273.12
68	289.54
69	283.79
70	303.4
71	273.54
72	297.05
73	288.46
74	289.76
75	287.79
76	268.34
77	289.27
78	306.71
79	309.93
80	272.84
81	240.47
82	282.93
83	292
84	235.29
85	317.1
86	266.65
87	287.95
88	260.27
89	291.41
90	298.69
91	277.08
92	279.03
93	262.53
94	295.47
95	262.93
96	270.45
97	297.37
98	296.03
99	299.79
100	298.26
101	310.67
