1	-71.73
2	1.78
3	-127.8
4	-141.25
5	56.35
6	-123.8
7	-120.35
8	-83.87
9	-112.41
10	-65.86
11	-80.86
12	-51.87
13	-65.33
14	-45.65
15	-88.66
16	-75.69
17	-91.65
18	-36.56
19	2.52000000000001
20	-94.85
21	-92.21
22	-112.36
23	-43.47
24	-142.49
25	-76.24
26	-74.68
27	-92.43
28	-117.4
29	-17.46
30	41.78
31	-54.86
32	-81.07
33	-155.74
34	-19.72
35	-61.4
36	-41.5
37	-120.6
38	-102.52
39	-30.44
40	-77.79
41	-67.52
42	-121.91
43	-46.51
44	-111.29
45	-99.61
46	10.68
47	-96.98
48	-104.16
49	-132.15
50	-74.21
51	-91.7
