1	-60.37
2	-89.67
3	-109.86
4	-70.18
5	-111.69
6	-83.92
7	15.65
8	-75.93
9	-109.77
10	-96.22
11	-91.63
12	-104.36
13	-64.75
14	-67.08
15	-62.01
16	-139.08
17	-110.12
18	-90.62
19	-119.49
20	-92.8
21	-123.11
22	-99.26
23	-135.24
24	-161.98
25	-124.77
26	-130.69
27	-93.05
28	-89.34
29	-116.09
30	-94.62
31	-72.54
32	-119.28
33	-111.37
34	-61.2
35	-114.21
36	-72.41
37	-95.94
38	-92.28
39	-82.26
40	-137.76
41	-72.1
42	-112.4
43	-99.35
44	-180.51
45	-116.95
46	-127.69
47	-172.23
48	-72.38
49	-94.87
50	-129.8
51	-114.16
