1	-10.83
2	-17.04
3	0.21
4	-13.30
5	-11.31
6	-7.62
7	-14.14
8	-19.16
9	-11.79
10	-13.20
11	-14.22
12	-17.72
13	-10.13
14	-22.44
15	-13.55
16	0.47
17	-0.56
18	-10.79
19	-15.98
20	-8.19
21	-11.04
22	-11.97
23	-17.49
24	-14.57
25	-14.09
26	-4.52
27	-8.95
28	-7.71
29	-20.00
30	-19.35
31	-10.23
32	-16.15
33	-9.65
34	-11.07
35	-18.01
36	-19.37
37	-13.33
38	-10.90
39	-13.59
40	-15.79
41	-10.69
42	-11.50
43	-6.92
44	-0.21
45	-13.63
46	-13.79
47	-6.19
48	-13.60
49	-10.60
50	-14.52
51	-22.19
52	-17.48
53	-10.94
54	-11.05
55	-14.62
56	-20.47
57	-15.54
58	-6.21
59	-13.25
60	-7.15
61	-14.28
62	-16.88
63	-13.85
64	-8.67
65	-12.24
66	-20.89
67	-9.90
68	-0.16
69	-10.95
70	-14.44
71	-9.05
72	-3.85
73	-14.44
74	-19.84
75	-10.10
76	-14.46
77	-17.73
78	-8.33
79	-8.89
80	-13.43
81	-11.18
82	-14.36
83	-11.10
84	-19.80
85	-15.98
86	-11.50
87	-6.14
88	-14.53
89	-11.55
90	-13.57
91	-12.41
92	-10.95
93	-12.65
94	-17.20
95	-18.38
96	-10.04
97	-16.69
98	-8.62
99	-10.66
100	-10.75
101	-0.46
