1 3.49
2 3.49
3 3.03
4 3.03
5 3.81
6 3.81
7 3.42
8 3.42
9 3.51
10 3.51
11 2.89
12 2.89
13 3.07
14 3.07
15 2.81
16 2.81
17 3.28
18 3.28
19 2.93
20 2.93
21 3.45
22 3.45
23 2.83
24 2.83
25 3.29
26 3.29
27 3.73
28 3.73
29 3.47
30 3.47
31 3.24
32 3.24
33 3.05
34 3.05
35 3.54
36 3.54
37 3.02
38 3.02
39 3.04
40 3.04
41 3.25
42 3.25
43 3.34
44 3.34
45 3.33
46 3.33
47 3.77
48 3.77
49 3.53
50 3.53
51 3.18
52 3.18
53 3.23
54 3.23
55 3.48
56 3.48
57 3.42
58 3.42
59 3.35
60 3.35
61 3.18
62 3.18
63 3.35
64 3.35
65 3.04
66 3.04
67 3.07
68 3.07
69 3.28
70 3.28
71 3.08
72 3.08
73 2.46
74 2.46
75 3.33
76 3.33
77 2.68
78 2.68
79 3.51
80 3.51
81 3.18
82 3.18
83 2.79
84 2.79
85 3.42
86 3.42
87 3.07
88 3.07
89 3.19
90 3.19
91 2.83
92 2.83
93 3.63
94 3.63
95 3.21
96 3.21
97 2.53
98 2.53
99 3.23
100 3.23
101 3.64
102 3.64
