1 -0.26
2 -0.26
3 0.08
4 0.08
5 -0.76
6 -0.76
7 -0.43
8 -0.43
9 -0.41
10 -0.41
11 0.17
12 0.17
13 -0.01
14 -0.01
15 0.36
16 0.36
17 -0.25
18 -0.25
19 0.09
20 0.09
21 -0.81
22 -0.81
23 0.51
24 0.51
25 -0.12
26 -0.12
27 -0.27
28 -0.27
29 -0.32
30 -0.32
31 0.16
32 0.16
33 0.03
34 0.03
35 -0.23
36 -0.23
37 0.16
38 0.16
39 0.19
40 0.19
41 -0.04
42 -0.04
43 -0.08
44 -0.08
45 -0.08
46 -0.08
47 -0.47
48 -0.47
49 -0.42
50 -0.42
51 -0.08
52 -0.08
53 0.26
54 0.26
55 -0.30
56 -0.30
57 -0.59
58 -0.59
59 0.02
60 0.02
61 -0.26
62 -0.26
63 -0.19
64 -0.19
65 0.06
66 0.06
67 0.05
68 0.05
69 -0.14
70 -0.14
71 0.28
72 0.28
73 0.87
74 0.87
75 -0.14
76 -0.14
77 0.47
78 0.47
79 -0.40
80 -0.40
81 -0.27
82 -0.27
83 0.29
84 0.29
85 -0.23
86 -0.23
87 -0.12
88 -0.12
89 -0.36
90 -0.36
91 0.28
92 0.28
93 -0.59
94 -0.59
95 -0.33
96 -0.33
97 0.30
98 0.30
99 -0.09
100 -0.09
101 -0.38
102 -0.38
