1 -0.12
2 -0.12
3 0.00
4 0.00
5 -0.16
6 -0.16
7 -0.23
8 -0.23
9 -0.17
10 -0.17
11 -0.29
12 -0.29
13 -0.35
14 -0.35
15 -0.33
16 -0.33
17 -0.20
18 -0.20
19 -0.33
20 -0.33
21 0.01
22 0.01
23 -0.23
24 -0.23
25 -0.39
26 -0.39
27 -0.40
28 -0.40
29 -0.17
30 -0.17
31 -0.18
32 -0.18
33 -0.39
34 -0.39
35 -0.30
36 -0.30
37 -0.38
38 -0.38
39 -0.20
40 -0.20
41 -0.37
42 -0.37
43 -0.26
44 -0.26
45 -0.15
46 -0.15
47 -0.17
48 -0.17
49 -0.43
50 -0.43
51 -0.48
52 -0.48
53 -0.31
54 -0.31
55 -0.17
56 -0.17
57 -0.35
58 -0.35
59 -0.49
60 -0.49
61 -0.27
62 -0.27
63 -0.19
64 -0.19
65 -0.11
66 -0.11
67 -0.26
68 -0.26
69 -0.22
70 -0.22
71 -0.57
72 -0.57
73 -0.22
74 -0.22
75 -0.09
76 -0.09
77 -0.38
78 -0.38
79 -0.29
80 -0.29
81 -0.23
82 -0.23
83 -0.32
84 -0.32
85 -0.31
86 -0.31
87 -0.16
88 -0.16
89 -0.47
90 -0.47
91 -0.47
92 -0.47
93 -0.34
94 -0.34
95 -0.45
96 -0.45
97 -0.49
98 -0.49
99 -0.51
100 -0.51
101 -0.30
102 -0.30
