1 4.01
2 4.01
3 3.83
4 3.83
5 -14.45
6 -14.45
7 30.73
8 30.73
9 8.36
10 8.36
11 11.01
12 11.01
13 1.60
14 1.60
15 12.26
16 12.26
17 5.60
18 5.60
19 3.70
20 3.70
21 0.31
22 0.31
23 23.24
24 23.24
25 19.10
26 19.10
27 16.90
28 16.90
29 18.81
30 18.81
31 6.52
32 6.52
33 7.40
34 7.40
35 -2.58
36 -2.58
37 21.98
38 21.98
39 24.18
40 24.18
41 8.04
42 8.04
43 2.96
44 2.96
45 24.58
46 24.58
47 3.37
48 3.37
49 17.66
50 17.66
51 28.89
52 28.89
53 15.21
54 15.21
55 15.46
56 15.46
57 2.76
58 2.76
59 9.22
60 9.22
61 -3.12
62 -3.12
63 10.65
64 10.65
65 8.20
66 8.20
67 9.56
68 9.56
69 15.30
70 15.30
71 4.45
72 4.45
73 -5.82
74 -5.82
75 -4.58
76 -4.58
77 10.51
78 10.51
79 3.17
80 3.17
81 4.96
82 4.96
83 33.12
84 33.12
85 10.48
86 10.48
87 19.31
88 19.31
89 18.81
90 18.81
91 9.57
92 9.57
93 21.25
94 21.25
95 9.96
96 9.96
97 13.29
98 13.29
99 8.25
100 8.25
101 6.45
102 6.45
