1 38.27
2 38.27
3 41.51
4 41.51
5 45.24
6 45.24
7 30.31
8 30.31
9 37.79
10 37.79
11 37.93
12 37.93
13 36.59
14 36.59
15 36.19
16 36.19
17 36.10
18 36.10
19 33.63
20 33.63
21 40.02
22 40.02
23 37.43
24 37.43
25 33.55
26 33.55
27 40.00
28 40.00
29 30.44
30 30.44
31 37.17
32 37.17
33 34.36
34 34.36
35 38.45
36 38.45
37 33.45
38 33.45
39 33.06
40 33.06
41 41.22
42 41.22
43 40.80
44 40.80
45 32.11
46 32.11
47 41.22
48 41.22
49 30.93
50 30.93
51 31.46
52 31.46
53 40.30
54 40.30
55 31.84
56 31.84
57 34.99
58 34.99
59 36.18
60 36.18
61 38.00
62 38.00
63 35.86
64 35.86
65 39.59
66 39.59
67 36.46
68 36.46
69 38.99
70 38.99
71 40.64
72 40.64
73 41.57
74 41.57
75 31.73
76 31.73
77 37.60
78 37.60
79 39.11
80 39.11
81 37.47
82 37.47
83 24.06
84 24.06
85 31.91
86 31.91
87 34.15
88 34.15
89 36.42
90 36.42
91 37.03
92 37.03
93 32.39
94 32.39
95 34.66
96 34.66
97 33.57
98 33.57
99 38.92
100 38.92
101 34.77
102 34.77
