2	AT  -0.38   0.50
3	TA  -0.44   0.40
4	TA  -0.49   0.40
5	AT  -0.73   0.30
6	CG  -0.60   0.20
7	AT  -1.24   0.10
8	TA  -1.36   0.00
9	AT  -1.10   0.00
10	CG  -0.18   0.10
11	AT  -1.16   0.10
12	TA  -0.88   0.20
13	AT  -0.34   0.20
14	CG  -0.09   0.30
15	AT  -0.84   0.40
16	GC  -0.27   0.40
17	AT  -0.93   0.50
18	TA  -1.08   0.60
19	TA  -0.58   0.50
20	AT  -1.36   0.60
21	CG  -0.33   0.60
22	AT  -1.25   0.60
23	TA  -1.39   0.60
24	AT  -1.44   0.60
25	CG  -0.68   0.50
26	AT  -1.52   0.50
27	TA  -1.27   0.50
28	AT  -1.53   0.50
29	CG  -0.72   0.50
30	AT  -0.53   0.50
31	GC  -1.33   0.30
32	AT  -1.18   0.30
33	TA  -0.49   0.20
34	TA  -1.22   0.20
35	AT  -2.10   0.20
36	CG  -0.94   0.20
37	AT  -1.03   0.40
38	TA  -1.04   0.40
39	AT  -1.57   0.50
40	CG  -0.71   0.60
41	AT  -1.56   0.70
42	TA  -1.51   0.70
43	AT  -1.34   0.50
44	CG  -0.44   0.60
45	AT  -1.18   0.50
46	GC  -0.79   0.40
47	AT  -1.04   0.50
48	TA  -0.77   0.40
49	TA  -0.17   0.50
50	AT  -1.17   0.50
51	CG  -0.16   0.50
52	AT  -1.27   0.60
53	TA  -1.37   0.50
54	AT  -1.55   0.60
55	CG  -0.77   0.50
56	AT  -1.64   0.60
57	TA  -1.64   0.50
58	AT  -1.39   0.60
59	CG  -0.78   0.60
60	AT  -1.84   0.40
61	GC  -0.89   0.30
62	AT  -0.93   0.30
63	TA  -0.86   0.20
64	TA   0.14   0.20
65	AT  -0.25   0.10
66	CG   0.08   0.20
67	AT  -0.46   0.30
68	TA  -0.46   0.30
69	AT  -1.06   0.40
70	CG  -0.09   0.60
71	AT  -1.43   0.60
72	TA  -1.26   0.50
73	AT  -0.83   0.50
74	CG  -0.25   0.50
75	AT  -1.19   0.40
76	GC  -0.85   0.40
77	AT  -1.61   0.40
78	TA  -1.58   0.40
79	TA  -0.91   0.40
80	AT  -1.53   0.30
81	CG  -0.12   0.20
82	AT  -0.55   0.20
83	TA  -0.72   0.30
84	AT  -0.84   0.30
85	CG  -0.96   0.30
86	AT  -1.93   0.40
87	TA  -1.50   0.50
88	AT  -1.20   0.50
89	CG  -0.64   0.70
