1	152.20
2	116.08
3	127.85
4	111.37
5	135.48
6	152.93
7	148.19
8	146.16
9	122.04
10	145.79
11	136.39
12	158.10
13	134.40
14	130.82
15	134.00
16	146.42
17	131.95
18	141.26
19	145.78
20	138.21
21	123.41
22	112.53
23	130.76
24	132.64
25	129.85
26	149.73
27	138.49
28	148.06
29	145.01
30	139.37
31	142.80
32	115.66
33	136.00
34	129.27
35	133.66
36	126.13
37	129.10
38	136.57
39	125.55
40	153.38
41	154.74
42	149.81
43	134.56
44	123.72
45	127.81
46	152.42
47	143.14
48	139.42
49	127.50
50	139.21
51	143.82
