1	167.97
2	169.22
3	178.40
4	187.4
5	171.11
6	170.37
7	165.90
8	183.13
9	169.21
10	167.24
11	180.27
12	189.28
13	176.77
14	176.72
15	168.93
16	168.52
17	192.86
18	175.72
19	168.46
20	176.65
21	159.65
22	180.94
23	179.34
24	156.64
25	135.63
26	134.59
27	183.86
28	188.14
29	173.12
30	163.56
31	189.44
32	164.12
33	144.70
34	177.53
35	164.55
36	179.26
37	189.44
38	160.66
39	182.65
40	174.89
41	153.31
42	186.51
43	167.74
44	170.97
45	182.04
46	175.67
47	169.40
48	143.45
49	192.21
50	172.51
51	167.41
52	172.97
53	162.81
54	157.28
55	185.26
56	166.71
57	149.51
58	175.41
59	185.35
60	171.74
61	184.91
62	155.69
63	178.12
64	150.08
65	169.33
66	185.06
67	161.25
68	147.79
69	183.1
70	143.59
71	167.58
72	186.1
73	148.73
74	166.58
75	179.43
76	194.37
77	187.33
78	177.94
79	181.16
80	183.45
81	167.46
82	165.13
83	144.51
84	190.88
85	184.64
86	155.34
87	174.86
88	177.84
89	178.20
90	156.83
91	165.96
92	173.41
93	154.73
94	157.26
95	166.38
96	158.23
97	181.84
98	163.61
99	174.73
100	185.8
101	159.94
