1	249.48
2	229.63
3	255.91
4	257.3
5	253.17
6	246.06
7	246.75
8	257.48
9	249.63
10	256.12
11	242.18
12	243.97
13	243.87
14	254.72
15	230.3
16	259.9
17	257.6
18	235.02
19	231.6
20	239.46
21	246.86
22	251.71
23	243.44
24	234.97
25	221.8
26	224.27
27	242.76
28	261.92
29	254.38
30	245.83
31	248.43
32	240.93
33	227.79
34	248.51
35	240.62
36	247.35
37	264.89
38	252.06
39	250.99
40	234.68
41	234.16
42	246.35
43	235.38
44	243.47
45	239.99
46	245.55
47	244.66
48	232.76
49	253.3
50	232.03
51	240.93
52	250.45
53	238.81
54	240.45
55	242.64
56	232.63
57	230.24
58	257.62
59	242.33
60	242.46
61	250.65
62	219.48
63	236.81
64	246.6
65	237.68
66	252.92
67	236.17
68	250.57
69	256.74
70	218.74
71	234.71
72	249.95
73	232.5
74	256.65
75	255.8
76	252.3
77	257.01
78	232.66
79	251.35
80	232.99
81	242.87
82	227.36
83	223.71
84	247.69
85	239.38
86	252.38
87	241.53
88	251.71
89	240.23
90	236.34
91	246.01
92	256.33
93	217.57
94	232.64
95	246.19
96	236
97	255.12
98	224.16
99	238.74
100	245.28
101	233.79
