1	200.62
2	200.77
3	188.56
4	188.43
5	199.84
6	185.99
7	200.35
8	194.3
9	202.92
10	200.01
11	199.82
12	188.69
13	203.08
14	194.81
15	201.92
16	203.85
17	195.72
18	211.58
19	198.22
20	192.47
21	193.7
22	198.13
23	187.77
24	201.93
25	205.61
26	204.86
27	190.8
28	191.94
29	190.29
30	196.14
31	190.21
32	193.28
33	200.63
34	191.94
35	189.88
36	191.05
37	181.7
38	198.51
39	198.3
40	189.76
41	198.24
42	194.17
43	198.21
44	188.68
45	195.95
46	184.54
47	190.89
48	207.16
49	190.62
50	195.42
51	213.42
52	188.47
53	188.5
54	198.19
55	189.75
56	207.31
57	201.67
58	209.15
59	197.96
60	196.23
61	187.95
62	211.79
63	191.78
64	190.27
65	190.84
66	186.13
67	195.28
68	210.78
69	196.67
70	204.95
71	200.31
72	188.92
73	203.45
74	184.89
75	187.74
76	187.7
77	205.56
78	191.19
79	193.24
80	197.16
81	199.28
82	196.04
83	204.22
84	197.09
85	182.36
86	218.32
87	195.55
88	195.6
89	192.28
90	196.7
91	194.55
92	204.67
93	218.98
94	197.49
95	198.87
96	201.98
97	187.99
98	205.59
99	190.76
100	186.92
101	194.82
