1	153.74
2	129.58
3	159.02
4	149.27
5	131.64
6	157.77
7	141.23
8	149.57
9	149.21
10	153.64
11	141.78
12	138.57
13	133.62
14	150.96
15	119.44
16	146.93
17	148.00
18	125.82
19	128.25
20	144.22
21	135.26
22	154.88
23	160.80
24	148.22
25	126.79
26	142.23
27	170.68
28	165.44
29	152.34
30	160.16
31	133.32
32	155.67
33	125.89
34	158.40
35	163.90
36	141.05
37	164.87
38	147.23
39	149.45
40	147.99
41	137.36
42	142.54
43	145.32
44	151.90
45	127.22
46	162.52
47	137.96
48	136.04
49	171.01
50	126.62
51	124.97
52	160.60
53	149.39
54	132.20
55	142.73
56	131.21
57	127.24
58	141.52
59	132.20
60	129.38
61	163.09
62	103.75
63	134.09
64	160.17
65	160.45
66	142.22
67	144.16
68	132.47
69	153.55
70	109.13
71	135.22
72	162.31
73	162.47
74	177.23
75	164.29
76	151.22
77	142.14
78	138.56
79	158.51
80	120.96
81	133.94
82	138.12
83	145.49
84	156.99
85	144.14
86	127.99
87	144.98
88	154.66
89	146.17
90	151.08
91	168.39
92	142.64
93	108.75
94	144.72
95	142.13
96	124.80
97	162.03
98	117.44
99	143.09
100	137.80
101	121.85
