1	3.66
2	4.48
3	3.79
4	3.21
5	2.36
6	3.79
7	3.84
8	5.17
9	4.50
10	3.48
11	3.89
12	3.96
13	4.02
14	3.51
15	2.74
16	4.10
17	3.32
18	3.67
19	3.37
20	3.72
21	4.46
22	3.52
23	3.90
24	3.42
25	2.73
26	3.51
27	3.51
28	3.62
29	3.43
30	3.12
31	4.53
32	3.21
33	3.65
34	4.38
35	3.31
36	3.48
37	3.31
38	3.00
39	3.78
40	2.83
41	2.94
42	3.67
43	4.45
44	3.42
45	2.81
46	4.36
47	2.92
48	4.06
49	4.37
50	3.20
51	3.59
52	3.78
53	4.08
54	3.47
55	3.61
56	2.99
57	3.72
58	4.08
59	4.79
60	2.94
61	3.10
62	4.17
63	4.09
64	4.68
65	4.32
66	2.66
67	4.63
68	3.54
69	4.27
70	3.21
71	4.28
72	3.20
73	3.52
74	2.94
75	3.27
76	3.52
77	3.83
78	3.45
79	4.40
80	3.57
81	2.64
82	2.32
83	3.11
84	3.65
85	3.14
86	3.44
87	3.19
88	2.96
89	3.15
90	3.65
91	2.77
92	3.58
93	3.24
94	3.47
95	4.06
96	3.74
97	4.12
98	3.41
99	3.02
100	3.85
101	2.84
