1	-0.53
2	-0.59
3	-1.00
4	-1.27
5	-1.21
6	-1.57
7	-0.71
8	-1.14
9	-1.10
10	-0.94
11	-1.43
12	-1.49
13	-1.80
14	-0.98
15	-1.33
16	-1.00
17	-1.17
18	-1.16
19	-1.04
20	-0.82
21	-1.39
22	-1.57
23	-1.09
24	-0.74
25	-1.39
26	-1.29
27	-0.78
28	-1.21
29	-0.94
30	-1.49
31	-1.06
32	-1.34
33	-0.89
34	-1.33
35	-0.67
36	-0.82
37	-1.14
38	-0.87
39	-0.74
40	-0.93
41	-0.97
42	-1.40
43	-1.34
44	-1.04
45	-1.36
46	-1.08
47	-1.02
48	-0.81
49	-0.96
50	-0.91
51	-0.54
52	-1.23
53	-1.59
54	-1.42
55	-1.73
56	-1.10
57	-1.23
58	-0.93
59	-1.00
60	-1.19
61	-0.76
62	-1.19
63	-0.98
64	-1.63
65	-1.02
66	-1.05
67	-1.61
68	-0.98
69	-1.38
70	-0.94
71	-1.31
72	-1.76
73	-1.46
74	-1.29
75	-1.24
76	-0.75
77	-1.18
78	-1.41
79	-0.90
80	-1.03
81	-1.12
82	-1.42
83	-1.36
84	-0.73
85	-0.88
86	-1.29
87	-0.83
88	-0.68
89	-0.52
90	-1.57
91	-1.10
92	-1.48
93	-0.65
94	-0.70
95	-1.47
96	-0.79
97	-1.02
98	-0.86
99	-0.66
100	-1.01
101	-0.75
