1	4.91
2	6.04
3	5.55
4	5.10
5	5.47
6	4.39
7	6.31
8	7.27
9	5.87
10	4.61
11	5.62
12	5.07
13	5.02
14	2.77
15	6.53
16	4.75
17	5.51
18	4.89
19	4.83
20	6.88
21	0.83
22	5.55
23	5.74
24	5.99
25	3.66
26	5.26
27	NaN
28	4.34
29	6.95
30	4.89
31	5.21
32	5.70
33	8.01
34	5.39
35	5.33
36	5.12
37	6.10
38	NaN
39	2.85
40	2.88
41	2.06
42	5.92
43	4.81
44	5.17
45	4.89
46	2.76
47	5.32
48	4.72
49	4.11
50	5.43
51	4.81
52	4.23
53	4.97
54	NaN
55	4.28
56	NaN
57	2.83
58	5.57
59	NaN
60	4.41
61	5.53
62	NaN
63	4.25
64	5.81
65	1.32
66	5.48
67	4.69
68	5.14
69	4.48
70	5.41
71	5.68
72	5.94
73	2.52
74	5.24
75	5.66
76	6.45
77	7.50
78	6.39
79	6.27
80	3.93
81	3.36
82	5.81
83	5.49
84	6.06
85	3.83
86	5.25
87	4.76
88	NaN
89	4.99
90	5.13
91	7.64
92	6.07
93	6.41
94	NaN
95	5.23
96	5.58
97	2.55
98	5.08
99	5.74
100	6.00
101	5.39
