1	4.43
2	6.00
3	6.25
4	1.72
5	3.45
6	5.84
7	3.72
8	2.98
9	1.79
10	3.75
11	4.60
12	4.36
13	4.03
14	2.96
15	4.25
16	6.97
17	3.54
18	1.90
19	3.01
20	0.98
21	3.61
22	3.07
23	7.29
24	5.44
25	3.82
26	2.87
27	5.69
28	5.06
29	4.50
30	4.50
31	3.98
32	6.73
33	8.82
34	5.91
35	3.49
36	5.18
37	6.39
38	5.95
39	5.96
40	3.88
41	2.88
42	5.04
43	2.57
44	4.35
45	6.96
46	4.25
47	6.16
48	4.47
49	4.53
50	3.43
51	4.86
52	5.61
53	1.68
54	5.79
55	5.34
56	2.93
57	3.41
58	3.66
59	4.58
60	4.52
61	4.11
62	4.38
63	5.55
64	3.13
65	4.12
66	3.15
67	4.79
68	4.11
69	4.62
70	6.07
71	5.52
72	2.44
73	3.45
74	5.89
75	3.82
76	2.64
77	3.04
78	3.89
79	6.01
80	6.18
81	5.39
82	3.90
83	4.84
84	6.00
85	3.60
86	4.61
87	3.08
88	2.55
89	2.27
90	4.62
91	3.95
92	3.00
93	6.38
94	3.95
95	3.71
96	4.58
97	3.69
98	3.55
99	5.85
100	6.08
101	6.75
