1	169.30
2	175.34
3	179.86
4	171.83
5	172.92
6	156.40
7	172.55
8	169.39
9	172.36
10	168.81
11	180.24
12	173.55
13	172.67
14	170.36
15	177.74
16	169.66
17	180.41
18	172.82
19	165.63
20	175.02
21	155.67
22	175.65
23	176.34
24	174.64
25	171.22
26	170.94
27	180.00
28	160.93
29	168.67
30	173.43
31	162.25
32	164.59
33	161.65
34	163.97
35	159.58
36	169.15
37	178.94
38	168.41
39	172.88
40	168.27
41	181.03
42	170.32
43	177.94
44	166.56
45	166.27
46	175.05
47	163.84
48	180.38
49	164.29
50	176.83
51	169.85
52	168.03
53	174.15
54	167.48
55	172.36
56	183.36
57	165.22
58	175.38
59	168.86
60	164.39
61	166.50
62	170.90
63	172.49
64	159.73
65	184.86
66	177.52
67	169.34
68	166.38
69	171.26
70	176.52
71	166.07
72	179.60
73	176.72
74	175.42
75	158.49
76	163.74
77	167.35
78	173.63
79	177.61
80	171.70
81	165.86
82	171.04
83	184.48
84	170.19
85	171.82
86	171.22
87	177.79
88	168.81
89	178.26
90	166.35
91	173.05
92	159.16
93	168.65
94	173.70
95	170.52
96	166.14
97	171.03
98	178.10
99	165.99
100	165.92
101	170.83
