1 0.41
2 0.41
3 0.40
4 0.40
5 0.41
6 0.41
7 0.38
8 0.38
9 0.38
10 0.38
11 0.39
12 0.39
13 0.41
14 0.41
15 0.41
16 0.41
17 0.39
18 0.39
19 0.40
20 0.40
21 0.41
22 0.41
23 0.36
24 0.36
25 0.42
26 0.42
27 0.38
28 0.38
29 0.40
30 0.40
31 0.42
32 0.42
33 0.40
34 0.40
35 0.42
36 0.42
37 0.42
38 0.42
39 0.43
40 0.43
41 0.43
42 0.43
43 0.38
44 0.38
45 0.38
46 0.38
47 0.39
48 0.39
49 0.43
50 0.43
51 0.39
52 0.39
53 0.41
54 0.41
55 0.40
56 0.40
57 0.42
58 0.42
59 0.38
60 0.38
61 0.42
62 0.42
63 0.40
64 0.40
65 0.40
66 0.40
67 0.38
68 0.38
69 0.40
70 0.40
71 0.39
72 0.39
73 0.39
74 0.39
75 0.41
76 0.41
77 0.37
78 0.37
79 0.41
80 0.41
81 0.39
82 0.39
83 0.40
84 0.40
85 0.43
86 0.43
87 0.39
88 0.39
89 0.39
90 0.39
91 0.44
92 0.44
93 0.43
94 0.43
95 0.42
96 0.42
97 0.39
98 0.39
99 0.41
100 0.41
101 0.40
102 0.40
