1	181.92
2	179.00
3	192.73
4	172.79
5	175.62
6	170.27
7	182.14
8	171.32
9	173.54
10	183.51
11	172.41
12	174.74
13	173.60
14	172.04
15	214.39
16	187.05
17	195.91
18	179.47
19	171.33
20	171.34
21	170.94
22	212.51
23	186.71
24	175.73
25	185.25
26	185.41
27	167.58
28	189.62
29	174.80
30	162.75
31	176.81
32	175.71
33	172.69
34	178.04
35	192.04
36	165.54
37	173.29
38	168.12
39	171.15
40	173.02
41	175.59
42	169.39
43	174.76
44	181.04
45	172.61
46	170.79
47	164.99
48	172.75
49	181.22
50	176.76
51	179.23
