1	155.82
2	156.67
3	157.68
4	157.58
5	151.25
6	153.02
7	158.30
8	154.21
9	159.48
10	158.43
11	151.99
12	155.39
13	154.67
14	154.40
15	157.10
16	154.64
17	155.10
18	154.61
19	158.16
20	152.81
21	156.69
22	151.95
23	155.73
24	158.66
25	159.76
26	153.40
27	154.14
28	160.78
29	156.25
30	156.83
31	153.94
32	161.25
33	157.99
34	154.41
35	153.25
36	157.37
37	158.16
38	163.01
39	159.01
40	161.88
41	154.86
42	152.97
43	159.58
44	161.14
45	155.96
46	151.46
47	154.53
48	153.83
49	156.00
50	160.95
51	158.96
