1	192.59
2	187.47
3	182.55
4	174.27
5	190.85
6	200.89
7	175.24
8	178.89
9	179.70
10	176.10
11	186.83
12	179.11
13	184.75
14	188.85
15	185.55
16	189.06
17	186.31
18	182.08
19	197.22
20	177.79
21	177.82
22	178.53
23	192.01
24	199.75
25	201.92
26	206.48
27	183.15
28	186.21
29	199.01
30	187.01
31	194.2
32	171.04
33	181.8
34	183.92
35	192.37
36	181.75
37	175.00
38	189.02
39	182.83
40	181.93
41	180.92
42	178.42
43	182.71
44	183.06
45	183.23
46	188.88
47	187.22
48	203.67
49	193.9
50	188.33
51	172.87
52	179.58
53	185.28
54	178.43
55	181.06
56	188.8
57	181.33
58	182.16
59	192.46
60	187.73
61	184.73
62	179.47
63	190.91
64	182.37
65	194.18
66	185.31
67	185.75
68	188.5
69	185.04
70	186.36
71	176.51
72	184.02
73	175.59
74	183.7
75	179.78
76	181.85
77	183.67
78	185.2
79	188.2
80	181.14
81	178.39
82	184.41
83	190.57
84	183.39
85	195.22
86	179.66
87	191.8
88	172.74
89	191.74
90	178.83
91	175.50
92	191.92
93	204.34
94	185.12
95	185.79
96	175.74
97	188.15
98	180.95
99	180.82
100	183.33
101	180.47
