1 3.04
2 3.04
3 3.31
4 3.31
5 3.20
6 3.20
7 3.18
8 3.18
9 3.40
10 3.40
11 3.22
12 3.22
13 2.86
14 2.86
15 2.31
16 2.31
17 2.72
18 2.72
19 3.21
20 3.21
21 3.29
22 3.29
23 3.11
24 3.11
25 3.01
26 3.01
27 2.82
28 2.82
29 2.97
30 2.97
31 3.21
32 3.21
33 2.32
34 2.32
35 2.94
36 2.94
37 3.44
38 3.44
39 2.80
40 2.80
41 2.98
42 2.98
43 2.40
44 2.40
45 3.27
46 3.27
47 3.06
48 3.06
49 3.18
50 3.18
51 3.58
52 3.58
53 3.27
54 3.27
55 3.34
56 3.34
57 3.20
58 3.20
59 3.30
60 3.30
61 2.97
62 2.97
63 2.80
64 2.80
65 3.37
66 3.37
67 3.49
68 3.49
69 3.44
70 3.44
71 3.09
72 3.09
73 3.28
74 3.28
75 3.13
76 3.13
77 3.46
78 3.46
79 3.25
80 3.25
81 3.43
82 3.43
83 3.51
84 3.51
85 3.06
86 3.06
87 3.30
88 3.30
89 3.34
90 3.34
91 3.40
92 3.40
93 3.28
94 3.28
95 3.35
96 3.35
97 3.06
98 3.06
99 2.85
100 2.85
101 3.07
102 3.07
103 3.25
104 3.25
105 3.31
106 3.31
107 3.27
108 3.27
109 3.47
110 3.47
111 3.72
112 3.72
113 3.72
114 3.72
115 3.61
116 3.61
117 3.50
118 3.50
119 3.16
120 3.16
121 3.43
122 3.43
123 3.28
124 3.28
125 3.47
126 3.47
127 3.35
128 3.35
129 3.07
130 3.07
131 3.49
132 3.49
133 3.02
134 3.02
135 2.77
136 2.77
137 3.14
138 3.14
139 3.58
140 3.58
141 3.01
142 3.01
143 2.75
144 2.75
145 3.35
146 3.35
147 3.00
148 3.00
149 2.86
150 2.86
151 2.48
152 2.48
153 3.09
154 3.09
155 2.61
156 2.61
157 3.03
158 3.03
159 3.24
160 3.24
161 3.23
162 3.23
163 3.39
164 3.39
165 2.38
166 2.38
167 3.30
168 3.30
169 3.05
170 3.05
171 3.21
172 3.21
173 2.97
174 2.97
175 2.33
176 2.33
177 2.93
178 2.93
179 2.38
180 2.38
181 2.87
182 2.87
183 3.20
184 3.20
185 3.30
186 3.30
187 3.12
188 3.12
189 3.37
190 3.37
191 2.92
192 2.92
193 3.38
194 3.38
195 3.16
196 3.16
197 2.96
198 2.96
199 3.50
200 3.50
201 3.11
202 3.11
