1 0.27
2 0.27
3 0.07
4 0.07
5 -0.18
6 -0.18
7 0.19
8 0.19
9 0.47
10 0.47
11 0.81
12 0.81
13 0.38
14 0.38
15 0.40
16 0.40
17 0.02
18 0.02
19 0.18
20 0.18
21 -0.02
22 -0.02
23 0.14
24 0.14
25 0.42
26 0.42
27 -0.12
28 -0.12
29 -0.11
30 -0.11
31 0.70
32 0.70
33 0.84
34 0.84
35 -0.02
36 -0.02
37 -0.27
38 -0.27
39 0.20
40 0.20
41 0.19
42 0.19
43 0.48
44 0.48
45 0.35
46 0.35
47 -0.07
48 -0.07
49 0.03
50 0.03
51 0.40
52 0.40
53 0.63
54 0.63
55 0.31
56 0.31
57 -0.20
58 -0.20
59 0.64
60 0.64
61 0.39
62 0.39
63 0.34
64 0.34
65 0.35
66 0.35
67 0.25
68 0.25
69 0.23
70 0.23
71 0.29
72 0.29
73 -0.04
74 -0.04
75 0.26
76 0.26
77 0.46
78 0.46
79 0.57
80 0.57
81 0.45
82 0.45
83 0.10
84 0.10
85 0.25
86 0.25
87 0.28
88 0.28
89 0.73
90 0.73
91 -0.04
92 -0.04
93 0.83
94 0.83
95 0.54
96 0.54
97 0.36
98 0.36
99 0.33
100 0.33
101 0.73
102 0.73
103 0.96
104 0.96
105 0.39
106 0.39
107 0.79
108 0.79
109 0.68
110 0.68
111 0.48
112 0.48
113 0.04
114 0.04
115 -0.18
116 -0.18
117 0.38
118 0.38
119 0.21
120 0.21
121 0.16
122 0.16
123 0.17
124 0.17
125 0.09
126 0.09
127 0.03
128 0.03
129 0.11
130 0.11
131 0.34
132 0.34
133 0.17
134 0.17
135 0.44
136 0.44
137 0.14
138 0.14
139 0.38
140 0.38
141 0.05
142 0.05
143 -0.05
144 -0.05
145 0.06
146 0.06
147 0.53
148 0.53
149 0.02
150 0.02
151 0.15
152 0.15
153 0.35
154 0.35
155 -0.05
156 -0.05
157 0.48
158 0.48
159 -0.03
160 -0.03
161 0.79
162 0.79
163 0.25
164 0.25
165 -0.10
166 -0.10
167 0.19
168 0.19
169 0.22
170 0.22
171 0.63
172 0.63
173 0.26
174 0.26
175 0.58
176 0.58
177 -0.02
178 -0.02
179 0.37
180 0.37
181 0.06
182 0.06
183 0.06
184 0.06
185 0.59
186 0.59
187 0.56
188 0.56
189 0.03
190 0.03
191 0.27
192 0.27
193 -0.08
194 -0.08
195 0.59
196 0.59
197 0.57
198 0.57
199 0.44
200 0.44
201 0.60
202 0.60
