1 0.01
2 0.01
3 -0.03
4 -0.03
5 0.44
6 0.44
7 -1.07
8 -1.07
9 -1.77
10 -1.77
11 -1.63
12 -1.63
13 -0.04
14 -0.04
15 2.85
16 2.85
17 2.05
18 2.05
19 -1.75
20 -1.75
21 -0.58
22 -0.58
23 1.85
24 1.85
25 -0.81
26 -0.81
27 -0.98
28 -0.98
29 -1.62
30 -1.62
31 0.75
32 0.75
33 4.74
34 4.74
35 0.68
36 0.68
37 -1.58
38 -1.58
39 0.62
40 0.62
41 -0.82
42 -0.82
43 3.99
44 3.99
45 0.35
46 0.35
47 3.05
48 3.05
49 0.28
50 0.28
51 -2.56
52 -2.56
53 -2.89
54 -2.89
55 -2.54
56 -2.54
57 0.65
58 0.65
59 -2.18
60 -2.18
61 -1.19
62 -1.19
63 0.94
64 0.94
65 -2.19
66 -2.19
67 -4.38
68 -4.38
69 0.39
70 0.39
71 -3.38
72 -3.38
73 -2.69
74 -2.69
75 -2.22
76 -2.22
77 -3.61
78 -3.61
79 -2.37
80 -2.37
81 -0.26
82 -0.26
83 -4.66
84 -4.66
85 -0.16
86 -0.16
87 -0.38
88 -0.38
89 -2.40
90 -2.40
91 -0.12
92 -0.12
93 -2.94
94 -2.94
95 -1.56
96 -1.56
97 -0.18
98 -0.18
99 0.78
100 0.78
101 -3.41
102 -3.41
103 -1.49
104 -1.49
105 0.29
106 0.29
107 -0.86
108 -0.86
109 -0.47
110 -0.47
111 -2.92
112 -2.92
113 -1.77
114 -1.77
115 -2.86
116 -2.86
117 -3.08
118 -3.08
119 -1.81
120 -1.81
121 -3.49
122 -3.49
123 -4.03
124 -4.03
125 -3.35
126 -3.35
127 -1.06
128 -1.06
129 -0.77
130 -0.77
131 0.10
132 0.10
133 0.68
134 0.68
135 -2.11
136 -2.11
137 -2.35
138 -2.35
139 -3.28
140 -3.28
141 -1.31
142 -1.31
143 3.86
144 3.86
145 -4.85
146 -4.85
147 -1.97
148 -1.97
149 -1.63
150 -1.63
151 0.16
152 0.16
153 -1.68
154 -1.68
155 4.34
156 4.34
157 -1.03
158 -1.03
159 -1.30
160 -1.30
161 -0.44
162 -0.44
163 -0.33
164 -0.33
165 5.26
166 5.26
167 -2.97
168 -2.97
169 1.95
170 1.95
171 -1.87
172 -1.87
173 0.02
174 0.02
175 2.39
176 2.39
177 -0.10
178 -0.10
179 2.91
180 2.91
181 3.85
182 3.85
183 0.67
184 0.67
185 -3.54
186 -3.54
187 -0.92
188 -0.92
189 -3.65
190 -3.65
191 -1.99
192 -1.99
193 -0.94
194 -0.94
195 -0.89
196 -0.89
197 -1.31
198 -1.31
199 -3.28
200 -3.28
201 -3.20
202 -3.20
