1	167.00
2	179.98
3	171.39
4	172.18
5	165.70
6	175.20
7	172.65
8	168.89
9	162.62
10	179.22
11	176.83
12	186.18
13	175.18
14	159.15
15	183.14
16	164.73
17	174.74
18	165.84
19	157.86
20	176.16
21	177.16
22	183.08
23	176.93
24	173.32
25	150.53
26	176.13
27	160.40
28	172.23
29	163.31
30	175.35
31	156.99
32	162.15
33	170.86
34	180.53
35	171.86
36	171.36
37	176.44
38	159.18
39	178.96
40	182.95
41	167.72
42	176.87
43	170.66
44	170.94
45	179.86
46	182.06
47	170.87
48	168.55
49	174.57
50	181.26
51	163.79
