1	155.03
2	156.75
3	159.13
4	155.10
5	142.05
6	165.08
7	167.46
8	166.88
9	118.81
10	136.72
11	156.08
12	151.31
13	159.61
14	164.18
15	165.37
16	140.66
17	129.12
18	116.51
19	160.57
20	129.91
21	154.36
22	141.87
23	163.81
24	140.99
25	140.50
26	135.61
27	134.21
28	148.34
29	159.58
30	143.84
31	174.82
32	151.36
33	150.42
34	130.13
35	138.96
36	163.91
37	129.26
38	151.26
39	157.92
40	143.63
41	153.00
42	159.35
43	144.65
44	132.42
45	144.92
46	140.53
47	153.71
48	142.35
49	160.87
50	150.28
51	143.39
