1	286.16
2	300.13
3	292.55
4	277.59
5	266.32
6	275.84
7	306.09
8	277.32
9	302.04
10	261.3
11	255.12
12	290.2
13	297.06
14	279.47
15	279.16
16	303.71
17	289.59
18	293.52
19	275.54
20	273.42
21	289.32
22	262.15
23	297.45
24	261.3
25	283.62
26	291.41
27	280.16
28	287.57
29	277.48
30	242.11
31	271.3
32	267.53
33	282.24
34	300.58
35	277.52
36	288.65
37	259.72
38	259.11
39	282.54
40	286.22
41	250.49
42	282.95
43	277.48
44	297.07
45	265.34
46	265.7
47	293.4
48	279.27
49	286.23
50	266.01
51	279.14
52	282.92
53	258.75
54	303.53
55	280.32
56	293.24
57	273.89
58	275.05
59	292.19
60	273.08
61	273.35
62	296.98
63	305.38
64	308.79
65	274.1
66	275.22
67	277.54
68	286.46
69	286.43
70	274.73
71	292.33
72	257.46
73	263.89
74	276.2
75	275.04
76	278.23
77	277.15
78	286.55
79	290.14
80	273.45
81	275.79
82	276.58
83	283.9
84	244.85
85	269.7
86	269.64
87	293.84
88	296.34
89	270.75
90	298.68
91	259.15
92	277.69
93	275.68
94	292.42
95	257.07
96	285.35
97	277.44
98	271.03
99	300.28
100	259.96
101	294.19
