1	0.27
2	-0.12
3	0.20
4	0.58
5	0.39
6	0.73
7	0.29
8	0.04
9	-0.25
10	0.49
11	0.39
12	0.04
13	0.09
14	0.71
15	0.18
16	0.62
17	0.22
18	0.07
19	0.01
20	0.35
21	0.70
22	-0.22
23	0.12
24	-0.33
25	0.45
26	0.27
27	0.16
28	-0.44
29	-0.05
30	0.40
31	0.06
32	0.30
33	0.44
34	0.16
35	-0.39
36	0.33
37	0.03
38	0.31
39	0.33
40	-0.22
41	0.18
42	-0.02
43	-0.03
44	-0.03
45	-0.06
46	-0.19
47	0.05
48	0.31
49	-0.25
50	-0.10
51	0.39
52	0.27
53	0.33
54	0.32
55	0.32
56	0.08
57	-0.07
58	-0.15
59	-0.59
60	-0.19
61	0.25
62	0.62
63	-0.06
64	-0.24
65	-0.17
66	-0.04
67	0.56
68	0.36
69	0.57
70	0.33
71	0.15
72	0.60
73	0.02
74	0.01
75	-0.16
76	-0.12
77	0.33
78	-0.03
79	-0.15
80	-0.21
81	-0.36
82	-0.19
83	-0.07
84	-0.40
85	-0.25
86	0.22
87	0.72
88	-0.02
89	0.19
90	-0.14
91	0.65
92	0.82
93	-0.36
94	1.26
95	0.15
96	0.28
97	0.02
98	-0.21
99	0.20
100	0.32
101	-0.13
