1	0.08
2	-2.88
3	0.50
4	0.55
5	-0.05
6	-0.10
7	-2.35
8	0.68
9	0.70
10	1.86
11	0.67
12	-3.47
13	-1.84
14	2.79
15	1.28
16	1.97
17	1.67
18	1.62
19	-0.67
20	-1.22
21	1.73
22	-3.16
23	-2.72
24	0.47
25	6.62
26	-4.44
27	0.40
28	-3.96
29	-0.90
30	-0.30
31	-6.49
32	-0.46
33	-1.45
34	-2.96
35	0.67
36	-0.97
37	2.40
38	1.16
39	0.21
40	1.25
41	-2.83
42	-1.29
43	-2.37
44	-4.30
45	-1.84
46	-0.08
47	-1.41
48	-0.21
49	-1.70
50	-0.68
51	-3.51
52	-1.21
53	0.34
54	0.82
55	-0.41
56	-1.10
57	1.22
58	1.81
59	-4.24
60	2.32
61	2.02
62	1.24
63	-2.83
64	-3.06
65	3.10
66	7.46
67	-3.98
68	1.36
69	0.13
70	1.70
71	-0.12
72	-3.54
73	0.21
74	-3.01
75	-3.42
76	-2.52
77	-2.96
78	-2.91
79	1.42
80	-0.80
81	-0.73
82	-0.41
83	-2.27
84	0.68
85	-0.34
86	2.33
87	1.87
88	0.17
89	1.53
90	-6.06
91	-2.75
92	-1.10
93	-0.70
94	-3.17
95	-5.36
96	-2.30
97	-4.32
98	-0.46
99	-2.13
100	-0.97
101	1.01
