1	153.75
2	155.75
3	140.50
4	130.83
5	140.78
6	118.70
7	154.22
8	135.25
9	136.82
10	143.21
11	154.49
12	145.63
13	153.48
14	95.65
15	129.51
16	133.54
17	144.75
18	139.01
19	152.71
20	150.77
21	117.92
22	155.83
23	153.78
24	146.31
25	104.35
26	131.65
27	124.32
28	150.07
29	141.70
30	149.77
31	141.89
32	146.69
33	119.81
34	138.47
35	145.80
36	136.19
37	148.82
38	146.96
39	141.09
40	129.89
41	137.43
42	134.12
43	150.22
44	144.76
45	144.55
46	161.42
47	142.11
48	145.68
49	144.27
50	135.19
51	138.59
52	155.40
53	145.22
54	123.52
55	132.81
56	135.09
57	139.11
58	142.54
59	126.46
60	141.65
61	150.88
62	143.00
63	140.29
64	136.69
65	136.19
66	141.48
67	137.89
68	123.94
69	135.17
70	133.99
71	135.08
72	143.45
73	134.14
74	148.43
75	153.64
76	124.23
77	123.09
78	142.73
79	136.16
80	157.96
81	147.21
82	143.98
83	140.31
84	139.95
85	130.95
86	120.19
87	125.26
88	132.72
89	139.52
90	163.24
91	148.34
92	125.36
93	155.03
94	133.37
95	147.64
96	120.14
97	135.98
98	151.72
99	141.39
100	140.03
101	136.64
