1	238.49
2	246.44
3	245.48
4	265.44
5	214.87
6	254.46
7	257.12
8	190.05
9	218.09
10	172.43
11	266.98
12	232.37
13	256.83
14	275.61
15	180.06
16	224.01
17	189.58
18	287.51
19	234.32
20	222.11
21	263.46
22	232.31
23	200.25
24	252.85
25	260.19
26	248.25
27	284.09
28	250.8
29	206.97
30	235.12
31	181.98
32	244.2
33	227.71
34	244.2
35	276.73
36	280.7
37	211.66
38	282.57
39	192.69
40	285.03
41	259.45
42	243.94
43	259.31
44	253.96
45	226.28
46	225.74
47	214.66
48	200.55
49	212.39
50	286.1
51	252.42
52	225.37
53	198.02
54	268.71
55	187.58
56	233.62
57	259.11
58	270.51
59	293.32
60	261.71
61	213.76
62	179.92
63	290.31
64	282.42
65	267
66	219.06
67	194.19
68	253.58
69	241.1
70	219.63
71	258.64
72	167.39
73	279.13
74	200.11
75	232.03
76	184.97
77	277.86
78	206.34
79	282.73
80	229.93
81	268.06
82	249.74
83	193.26
84	218.23
85	273.31
86	250.24
87	234.25
88	288.34
89	285.18
90	229.95
91	184.27
92	262.82
93	213.83
94	204.02
95	187.63
96	236.06
97	195.37
98	240.23
99	227.69
100	278.32
101	269.88
