1	3.10
2	2.63
3	3.16
4	3.25
5	2.53
6	3.65
7	2.55
8	3.34
9	3.41
10	4.07
11	3.91
12	2.70
13	3.50
14	1.75
15	2.66
16	2.93
17	3.83
18	2.53
19	2.94
20	3.38
21	2.65
22	3.44
23	3.82
24	2.72
25	2.79
26	2.76
27	3.29
28	2.57
29	2.32
30	3.34
31	3.49
32	3.56
33	2.93
34	2.99
35	2.69
36	2.56
37	4.00
38	3.53
39	3.27
40	2.88
41	3.00
42	3.64
43	2.62
44	2.88
45	3.42
46	3.55
47	3.36
48	3.09
49	3.23
50	2.52
51	2.75
52	3.35
53	3.12
54	2.76
55	3.57
56	2.42
57	2.58
58	3.28
59	3.52
60	3.33
61	3.48
62	3.57
63	2.25
64	2.74
65	3.93
66	3.11
67	3.58
68	2.68
69	2.87
70	2.77
71	2.87
72	3.67
73	3.55
74	3.42
75	2.86
76	2.13
77	3.57
78	2.73
79	3.12
80	3.73
81	2.63
82	2.76
83	3.11
84	2.26
85	2.65
86	3.35
87	2.84
88	2.28
89	3.06
90	3.55
91	2.53
92	3.05
93	3.14
94	1.89
95	3.21
96	3.60
97	3.46
98	2.79
99	2.90
100	3.36
101	2.34
