1	0.19
2	0.28
3	0.50
4	0.42
5	1.05
6	0.33
7	-0.06
8	1.26
9	0.78
10	-0.26
11	0.51
12	0.32
13	0.54
14	1.16
15	0.49
16	0.08
17	0.64
18	0.54
19	1.21
20	0.46
21	0.29
22	0.62
23	0.55
24	0.86
25	0.23
26	0.41
27	0.14
28	0.95
29	0.95
30	1.12
31	0.55
32	0.47
33	0.69
34	0.26
35	1.11
36	0.07
37	-0.19
38	0.32
39	0.97
40	0.27
41	0.41
42	0.55
43	-0.04
44	0.88
45	0.58
46	0.22
47	0.87
48	0.66
49	0.72
50	0.67
51	0.37
52	0.33
53	0.32
54	-0.40
55	0.20
56	1.34
57	0.49
58	0.65
59	0.76
60	0.93
61	0.76
62	-0.09
63	0.72
64	0.07
65	-0.17
66	0.44
67	0.39
68	0.77
69	0.36
70	0.64
71	0.22
72	0.71
73	0.88
74	0.72
75	0.90
76	0.25
77	0.37
78	1.00
79	0.30
80	0.60
81	1.00
82	0.71
83	0.57
84	0.87
85	0.82
86	0.79
87	0.01
88	0.52
89	0.67
90	0.35
91	1.07
92	0.90
93	1.02
94	0.44
95	0.47
96	0.04
97	1.12
98	1.25
99	0.53
100	0.13
101	0.04
