1	32.81
2	29.91
3	34.67
4	27.69
5	19.04
6	26.83
7	28.89
8	33.32
9	31.75
10	34.62
11	33.01
12	20.68
13	26.41
14	18.77
15	24.69
16	33.24
17	35.04
18	23.10
19	22.08
20	35.84
21	27.12
22	30.08
23	36.42
24	26.90
25	26.52
26	22.02
27	36.00
28	23.62
29	25.49
30	28.95
31	38.93
32	29.78
33	26.63
34	24.94
35	27.96
36	22.21
37	37.72
38	33.55
39	33.30
40	22.80
41	23.48
42	31.85
43	30.26
44	24.43
45	26.47
46	30.31
47	28.37
48	30.09
49	32.49
50	24.95
51	35.22
52	29.04
53	30.51
54	26.25
55	31.42
56	20.25
57	33.16
58	27.14
59	35.97
60	29.29
61	29.09
62	32.80
63	28.19
64	32.26
65	35.52
66	27.24
67	34.95
68	25.16
69	26.13
70	27.57
71	22.37
72	34.57
73	30.59
74	33.85
75	30.47
76	22.83
77	35.52
78	22.97
79	26.48
80	34.45
81	21.78
82	22.77
83	25.78
84	18.68
85	23.17
86	30.52
87	25.97
88	26.32
89	29.57
90	30.69
91	23.64
92	22.36
93	28.09
94	22.91
95	25.89
96	37.06
97	30.83
98	19.56
99	26.95
100	32.36
101	20.15
