1 -2.43
2 -2.43
3 -0.60
4 -0.60
5 -1.31
6 -1.31
7 0.13
8 0.13
9 -1.89
10 -1.89
11 0.38
12 0.38
13 1.00
14 1.00
15 -2.51
16 -2.51
17 -0.58
18 -0.58
19 0.31
20 0.31
21 -0.03
22 -0.03
23 -2.86
24 -2.86
25 1.39
26 1.39
27 -1.15
28 -1.15
29 1.18
30 1.18
31 -1.37
32 -1.37
33 -4.37
34 -4.37
35 -2.00
36 -2.00
37 -1.18
38 -1.18
39 -0.03
40 -0.03
41 0.22
42 0.22
43 -1.11
44 -1.11
45 -4.19
46 -4.19
47 -2.71
48 -2.71
49 1.29
50 1.29
51 -1.24
52 -1.24
53 -2.13
54 -2.13
55 -1.99
56 -1.99
57 0.68
58 0.68
59 -0.56
60 -0.56
61 -4.65
62 -4.65
63 -3.58
64 -3.58
65 -1.03
66 -1.03
67 1.18
68 1.18
69 -0.85
70 -0.85
71 -1.88
72 -1.88
73 -2.96
74 -2.96
75 -3.33
76 -3.33
77 -3.52
78 -3.52
79 -0.11
80 -0.11
81 -3.30
82 -3.30
83 -0.15
84 -0.15
85 -0.62
86 -0.62
87 0.16
88 0.16
89 -0.10
90 -0.10
91 -2.74
92 -2.74
93 0.30
94 0.30
95 -0.79
96 -0.79
97 -1.15
98 -1.15
99 -1.59
100 -1.59
101 -1.78
102 -1.78
103 -4.38
104 -4.38
105 -1.19
106 -1.19
107 1.16
108 1.16
109 -1.22
110 -1.22
111 -1.46
112 -1.46
113 -1.93
114 -1.93
115 -1.29
116 -1.29
117 -3.46
118 -3.46
119 -4.01
120 -4.01
121 -1.35
122 -1.35
123 -0.91
124 -0.91
125 0.74
126 0.74
127 -1.00
128 -1.00
129 -0.75
130 -0.75
131 -1.02
132 -1.02
133 -2.88
134 -2.88
135 -0.99
136 -0.99
137 -0.71
138 -0.71
139 0.42
140 0.42
141 1.69
142 1.69
143 -3.01
144 -3.01
145 -2.55
146 -2.55
147 -2.58
148 -2.58
149 -2.01
150 -2.01
151 -1.29
152 -1.29
153 1.51
154 1.51
155 1.48
156 1.48
157 1.32
158 1.32
159 -0.06
160 -0.06
161 1.60
162 1.60
163 1.73
164 1.73
165 -0.80
166 -0.80
167 -1.25
168 -1.25
169 1.80
170 1.80
171 -0.60
172 -0.60
173 0.66
174 0.66
175 0.91
176 0.91
177 -4.51
178 -4.51
179 -0.57
180 -0.57
181 1.47
182 1.47
183 -0.57
184 -0.57
185 0.03
186 0.03
187 1.28
188 1.28
189 -1.66
190 -1.66
191 -1.05
192 -1.05
193 -2.55
194 -2.55
195 2.20
196 2.20
197 1.07
198 1.07
199 -1.10
200 -1.10
201 0.52
202 0.52
