1	-0.11
2	-1.12
3	-1.13
4	-0.49
5	-1.30
6	-1.52
7	-0.09
8	-0.40
9	-0.22
10	-1.66
11	-0.83
12	-1.56
13	-0.29
14	-0.24
15	-0.84
16	-0.86
17	-0.45
18	-0.86
19	-1.12
20	-1.04
21	-1.06
22	-0.41
23	-0.28
24	-1.27
25	-1.46
26	-1.61
27	-0.89
28	-1.01
29	-0.60
30	-1.16
31	-1.27
32	-1.30
33	-0.57
34	-1.33
35	-0.96
36	-0.99
37	-0.87
38	-1.98
39	-1.25
40	-1.61
41	-1.97
42	-0.68
43	-0.95
44	-0.43
45	-1.14
46	-1.77
47	-0.39
48	-1.32
49	-1.14
50	-0.39
51	-0.90
52	-1.01
53	-0.41
54	-0.90
55	-1.15
56	-0.32
57	-1.22
58	-0.08
59	-0.41
60	-1.37
61	-1.16
62	-1.22
63	-0.40
64	-0.48
65	-1.88
66	-1.58
67	-1.57
68	-0.57
69	-1.00
70	-1.25
71	-0.80
72	-1.20
73	-0.20
74	-1.27
75	-0.52
76	-1.60
77	-0.55
78	-0.75
79	-1.33
80	0.59
81	-0.41
82	-0.91
83	0.37
84	-1.73
85	-1.81
86	-0.83
87	-1.38
88	-0.20
89	-0.94
90	-1.10
91	-0.75
92	-0.53
93	-0.66
94	-0.98
95	-1.46
96	-1.35
97	-1.22
98	-1.71
99	-1.21
100	0.24
101	-1.65
