1	159.37
2	170.68
3	162.88
4	170.20
5	174.24
6	179.23
7	166.77
8	170.06
9	176.68
10	153.75
11	178.10
12	184.76
13	182.97
14	186.45
15	158.38
16	161.40
17	159.63
18	176.69
19	178.25
20	168.71
21	183.63
22	167.55
23	183.95
24	158.39
25	168.66
26	169.79
27	167.09
28	157.88
29	166.24
30	164.45
31	154.99
32	162.15
33	176.21
34	157.93
35	168.86
36	159.85
37	156.03
38	141.59
39	161.40
40	161.66
41	154.94
42	170.67
43	149.23
44	168.71
45	174.62
46	172.91
47	176.45
48	158.53
49	146.45
50	179.55
51	159.71
