1 7.13
2 7.13
3 37.85
4 37.85
5 29.72
6 29.72
7 25.79
8 25.79
9 28.52
10 28.52
11 20.39
12 20.39
13 27.92
14 27.92
15 38.93
16 38.93
17 30.47
18 30.47
19 49.41
20 49.41
21 29.41
22 29.41
23 33.10
24 33.10
25 17.40
26 17.40
27 17.08
28 17.08
29 22.99
30 22.99
31 22.99
32 22.99
33 31.96
34 31.96
35 22.86
36 22.86
37 41.86
38 41.86
39 35.47
40 35.47
41 33.38
42 33.38
43 38.71
44 38.71
45 34.87
46 34.87
47 24.37
48 24.37
49 24.91
50 24.91
51 30.77
52 30.77
53 27.90
54 27.90
55 10.66
56 10.66
57 20.16
58 20.16
59 29.08
60 29.08
61 20.75
62 20.75
63 17.01
64 17.01
65 13.91
66 13.91
67 11.40
68 11.40
69 20.59
70 20.59
71 24.23
72 24.23
73 21.25
74 21.25
75 35.19
76 35.19
77 38.65
78 38.65
79 33.35
80 33.35
81 34.78
82 34.78
83 37.68
84 37.68
85 14.38
86 14.38
87 33.14
88 33.14
89 1.57
90 1.57
91 12.38
92 12.38
93 36.90
94 36.90
95 29.87
96 29.87
97 33.60
98 33.60
99 35.16
100 35.16
101 7.01
102 7.01
