1 35.98
2 35.98
3 37.74
4 37.74
5 31.57
6 31.57
7 28.93
8 28.93
9 33.32
10 33.32
11 33.84
12 33.84
13 34.27
14 34.27
15 28.45
16 28.45
17 29.79
18 29.79
19 23.42
20 23.42
21 34.87
22 34.87
23 38.73
24 38.73
25 40.89
26 40.89
27 35.17
28 35.17
29 37.21
30 37.21
31 36.56
32 36.56
33 27.73
34 27.73
35 35.05
36 35.05
37 28.58
38 28.58
39 29.34
40 29.34
41 25.47
42 25.47
43 27.75
44 27.75
45 25.46
46 25.46
47 21.98
48 21.98
49 30.61
50 30.61
51 27.69
52 27.69
53 29.80
54 29.80
55 33.29
56 33.29
57 39.77
58 39.77
59 34.24
60 34.24
61 42.51
62 42.51
63 37.20
64 37.20
65 38.60
66 38.60
67 42.31
68 42.31
69 28.15
70 28.15
71 34.84
72 34.84
73 32.95
74 32.95
75 29.51
76 29.51
77 35.33
78 35.33
79 24.45
80 24.45
81 26.25
82 26.25
83 24.57
84 24.57
85 39.49
86 39.49
87 27.53
88 27.53
89 41.60
90 41.60
91 40.65
92 40.65
93 29.34
94 29.34
95 27.47
96 27.47
97 33.28
98 33.28
99 28.49
100 28.49
101 36.07
102 36.07
