1	3.53
2	3.99
3	4.07
4	4.66
5	4.77
6	3.67
7	3.27
8	3.90
9	3.85
10	3.70
11	3.52
12	3.59
13	3.52
14	4.23
15	3.95
16	3.78
17	4.46
18	3.64
19	4.56
20	4.17
21	3.41
22	3.98
23	3.79
24	4.05
25	3.67
26	3.05
27	3.61
28	3.22
29	3.48
30	3.76
31	3.67
32	3.67
33	3.24
34	2.60
35	3.26
36	3.35
37	3.83
38	3.16
39	4.23
40	4.00
41	3.56
42	2.95
43	2.88
44	2.94
45	3.80
46	3.17
47	2.92
48	3.85
49	3.16
50	4.17
51	2.72
52	2.34
53	2.78
54	3.02
55	3.85
56	2.65
57	4.55
58	3.52
59	3.36
60	3.10
61	4.54
62	2.58
63	3.01
64	3.06
65	3.30
66	3.60
67	3.48
68	3.10
69	3.97
70	3.51
71	3.93
72	3.64
73	4.18
74	3.37
75	2.85
76	3.98
77	3.44
78	2.54
79	3.65
80	3.39
81	3.88
82	3.53
83	4.50
84	4.34
85	3.13
86	3.77
87	3.84
88	3.91
89	2.65
90	3.43
91	3.69
92	4.73
93	2.61
94	3.38
95	4.12
96	3.87
97	4.06
98	4.31
99	3.90
100	2.99
101	2.70
