1	-5.31
2	-3.36
3	-1.42
4	-18.30
5	-7.61
6	2.73
7	20.38
8	-6.22
9	-2.61
10	0.16
11	3.85
12	2.07
13	4.00
14	-17.60
15	-13.32
16	-1.57
17	-14.21
18	-28.43
19	-9.67
20	-0.47
21	-6.29
22	-12.43
23	4.75
24	-19.23
25	-4.11
26	9.70
27	-7.13
28	7.41
29	14.55
30	4.97
31	0.72
32	5.75
33	13.38
34	33.19
35	-4.21
36	8.87
37	-0.71
38	8.25
39	-15.17
40	-14.97
41	-1.53
42	25.07
43	25.32
44	16.92
45	-1.55
46	13.20
47	30.66
48	7.50
49	13.08
50	-4.13
51	22.36
52	25.07
53	22.64
54	18.13
55	-2.93
56	15.67
57	-11.51
58	8.32
59	18.26
60	26.51
61	-23.10
62	26.86
63	21.24
64	15.66
65	0.58
66	4.40
67	13.45
68	9.16
69	-21.03
70	3.83
71	-12.19
72	-2.30
73	-6.85
74	-8.31
75	14.66
76	-10.00
77	-7.30
78	22.45
79	10.48
80	7.47
81	-24.75
82	4.36
83	-15.78
84	-17.86
85	11.21
86	-8.75
87	0.35
88	-2.84
89	21.84
90	-5.28
91	-0.86
92	-23.90
93	24.30
94	12.63
95	-6.38
96	1.22
97	-12.06
98	-14.88
99	0.39
100	24.70
101	20.35
