1	-2.55
2	-0.58
3	-4.43
4	-2.75
5	-1.36
6	-2.62
7	-0.14
8	0.21
9	-4.37
10	-5.17
11	2.73
12	-5.29
13	-1.08
14	3.89
15	-3.06
16	-2.59
17	-2.66
18	2.70
19	-3.35
20	-0.64
21	1.31
22	-2.74
23	1.69
24	-1.54
25	2.08
26	1.10
27	-3.34
28	-0.44
29	-0.13
30	-4.72
31	0.96
32	-3.82
33	-2.70
34	0.35
35	-0.46
36	0.34
37	0.19
38	-2.30
39	-2.13
40	-5.58
41	4.05
42	2.78
43	-0.51
44	0.17
45	-1.68
46	0.61
47	0.25
48	-2.00
49	0.41
50	-4.14
51	-0.26
52	4.47
53	0.37
54	-0.28
55	0.60
56	-0.86
57	-4.34
58	-4.06
59	-3.68
60	2.23
61	-1.77
62	-0.19
63	0.43
64	-2.60
65	0.11
66	-3.99
67	-0.51
68	2.22
69	-1.09
70	-3.28
71	1.60
72	-2.21
73	-4.88
74	0.71
75	-1.56
76	-3.17
77	0.93
78	-0.80
79	-2.66
80	-1.05
81	-3.66
82	0.17
83	-2.20
84	-0.28
85	1.59
86	-4.91
87	-2.32
88	0.49
89	0.01
90	2.09
91	-3.35
92	-1.26
93	-3.56
94	-0.84
95	-0.19
96	-1.40
97	-1.59
98	-1.34
99	-0.85
100	-4.57
101	0.99
