1	168.90
2	158.64
3	166.91
4	165.71
5	170.54
6	161.65
7	167.33
8	177.20
9	156.55
10	164.97
11	163.07
12	170.11
13	166.57
14	167.70
15	166.04
16	171.09
17	173.17
18	169.67
19	158.53
20	168.76
21	164.35
22	165.88
23	165.06
24	166.57
25	171.22
26	180.07
27	165.80
28	176.23
29	166.11
30	161.37
31	178.05
32	162.57
33	164.29
34	163.17
35	177.85
36	168.59
37	177.41
38	161.59
39	160.32
40	170.77
41	171.11
42	182.81
43	170.04
44	167.77
45	171.01
46	186.83
47	175.90
48	170.47
49	163.10
50	173.76
51	162.50
