1	-69.45
2	-90.4
3	-153.65
4	-162.95
5	-97.04
6	-105.99
7	-117.59
8	-64.81
9	-70.61
10	-100.99
11	-68.2
12	-132.38
13	-100.33
14	-81.58
15	-103.78
16	-101.8
17	-79.2
18	-63.75
19	-81.36
20	-84.43
21	-83.81
22	-81.49
23	-84.3
24	-93.11
25	-80.17
26	-126.38
27	-154.18
28	-110.51
29	-104.03
30	-136.86
31	-104.84
32	-128.25
33	-110.25
34	-88.09
35	-104.62
36	-118.61
37	-93.96
38	-142.48
39	-70.48
40	-150.01
41	-103.78
42	-148.48
43	-111.97
44	-102.21
45	-101.86
46	-156.49
47	-81.37
48	-96.89
49	-125.43
50	-114.87
51	-143.21
