1 -2.24
2 -2.24
3 -0.08
4 -0.08
5 -4.40
6 -4.40
7 -2.89
8 -2.89
9 -1.90
10 -1.90
11 -2.66
12 -2.66
13 0.18
14 0.18
15 0.69
16 0.69
17 -4.65
18 -4.65
19 -4.43
20 -4.43
21 3.57
22 3.57
23 -4.75
24 -4.75
25 -1.71
26 -1.71
27 0.42
28 0.42
29 1.33
30 1.33
31 -2.70
32 -2.70
33 -2.45
34 -2.45
35 -1.01
36 -1.01
37 -0.91
38 -0.91
39 1.31
40 1.31
41 1.51
42 1.51
43 -1.07
44 -1.07
45 -1.80
46 -1.80
47 -1.47
48 -1.47
49 2.35
50 2.35
51 0.96
52 0.96
53 -3.74
54 -3.74
55 1.58
56 1.58
57 -2.89
58 -2.89
59 -3.92
60 -3.92
61 0.04
62 0.04
63 -3.58
64 -3.58
65 -2.97
66 -2.97
67 1.04
68 1.04
69 4.25
70 4.25
71 2.07
72 2.07
73 1.51
74 1.51
75 -2.52
76 -2.52
77 -2.22
78 -2.22
79 -2.41
80 -2.41
81 3.46
82 3.46
83 -0.74
84 -0.74
85 -2.56
86 -2.56
87 1.91
88 1.91
89 -1.28
90 -1.28
91 -2.10
92 -2.10
93 0.09
94 0.09
95 -0.29
96 -0.29
97 -0.09
98 -0.09
99 -1.83
100 -1.83
101 -0.28
102 -0.28
103 -0.11
104 -0.11
105 0.68
106 0.68
107 -1.85
108 -1.85
109 0.56
110 0.56
111 -0.53
112 -0.53
113 -2.14
114 -2.14
115 -3.60
116 -3.60
117 -3.04
118 -3.04
119 1.15
120 1.15
121 -2.15
122 -2.15
123 1.83
124 1.83
125 0.41
126 0.41
127 -2.71
128 -2.71
129 -1.05
130 -1.05
131 -0.29
132 -0.29
133 -0.98
134 -0.98
135 -1.29
136 -1.29
137 -1.87
138 -1.87
139 -2.95
140 -2.95
141 1.46
142 1.46
143 -3.20
144 -3.20
145 -5.24
146 -5.24
147 1.50
148 1.50
149 0.50
150 0.50
151 -2.29
152 -2.29
153 -0.11
154 -0.11
155 -0.04
156 -0.04
157 -2.44
158 -2.44
159 -4.17
160 -4.17
161 -3.16
162 -3.16
163 -0.29
164 -0.29
165 -4.18
166 -4.18
167 -0.91
168 -0.91
169 -2.52
170 -2.52
171 -4.78
172 -4.78
173 -1.78
174 -1.78
175 -1.06
176 -1.06
177 -1.62
178 -1.62
179 2.72
180 2.72
181 -1.30
182 -1.30
183 -2.22
184 -2.22
185 -4.77
186 -4.77
187 -3.44
188 -3.44
189 -1.48
190 -1.48
191 -0.41
192 -0.41
193 -1.45
194 -1.45
195 0.92
196 0.92
197 0.49
198 0.49
199 -3.65
200 -3.65
201 -0.04
202 -0.04
