1 38.55
2 38.55
3 40.40
4 40.40
5 36.49
6 36.49
7 45.72
8 45.72
9 38.12
10 38.12
11 32.23
12 32.23
13 27.91
14 27.91
15 39.04
16 39.04
17 31.07
18 31.07
19 33.91
20 33.91
21 29.37
22 29.37
23 39.68
24 39.68
25 35.17
26 35.17
27 35.51
28 35.51
29 25.65
30 25.65
31 39.84
32 39.84
33 33.12
34 33.12
35 21.26
36 21.26
37 41.42
38 41.42
39 31.17
40 31.17
41 33.79
42 33.79
43 37.49
44 37.49
45 40.70
46 40.70
47 34.49
48 34.49
49 31.17
50 31.17
51 27.34
52 27.34
53 33.94
54 33.94
55 22.32
56 22.32
57 31.19
58 31.19
59 38.31
60 38.31
61 38.32
62 38.32
63 31.04
64 31.04
65 34.70
66 34.70
67 12.54
68 12.54
69 24.01
70 24.01
71 21.13
72 21.13
73 29.70
74 29.70
75 29.82
76 29.82
77 42.82
78 42.82
79 31.78
80 31.78
81 34.34
82 34.34
83 31.02
84 31.02
85 33.49
86 33.49
87 22.94
88 22.94
89 39.33
90 39.33
91 26.99
92 26.99
93 33.42
94 33.42
95 38.36
96 38.36
97 29.93
98 29.93
99 27.29
100 27.29
101 29.46
102 29.46
103 36.30
104 36.30
105 26.26
106 26.26
107 29.15
108 29.15
109 30.31
110 30.31
111 27.55
112 27.55
113 36.70
114 36.70
115 34.08
116 34.08
117 34.39
118 34.39
119 24.45
120 24.45
121 42.00
122 42.00
123 23.38
124 23.38
125 27.45
126 27.45
127 37.96
128 37.96
129 37.93
130 37.93
131 32.71
132 32.71
133 30.67
134 30.67
135 37.43
136 37.43
137 36.74
138 36.74
139 32.93
140 32.93
141 35.87
142 35.87
143 37.16
144 37.16
145 36.61
146 36.61
147 34.48
148 34.48
149 25.88
150 25.88
151 38.84
152 38.84
153 31.65
154 31.65
155 26.06
156 26.06
157 41.10
158 41.10
159 32.27
160 32.27
161 31.28
162 31.28
163 42.19
164 42.19
165 38.88
166 38.88
167 38.15
168 38.15
169 29.52
170 29.52
171 34.99
172 34.99
173 33.12
174 33.12
175 38.48
176 38.48
177 33.29
178 33.29
179 23.56
180 23.56
181 36.84
182 36.84
183 41.60
184 41.60
185 26.10
186 26.10
187 34.98
188 34.98
189 32.72
190 32.72
191 35.27
192 35.27
193 40.93
194 40.93
195 29.00
196 29.00
197 39.69
198 39.69
199 26.01
200 26.01
201 33.99
202 33.99
