1	276.58
2	290.08
3	278.67
4	268.28
5	300.15
6	305.87
7	303.97
8	310.88
9	287.82
10	268.36
11	295.39
12	289.95
13	251.52
14	293.58
15	295.23
16	273.85
17	293.49
18	303.25
19	291.25
20	299.34
21	315.51
22	290.1
23	301.62
24	300.72
25	305.88
26	300.04
27	290.2
28	295.62
29	305.22
30	295.73
31	304.82
32	293.91
33	301.01
34	304.67
35	291.67
36	307.85
37	292.82
38	285.31
39	292.99
40	291.07
41	302.14
42	298.12
43	294.13
44	305.94
45	308.7
46	302.59
47	300.72
48	296.11
49	308.51
50	296.08
51	294.1
52	288.28
53	310.96
54	294.19
55	294.56
56	284.31
57	305.34
58	293.14
59	286.2
60	298.58
61	270.74
62	303.01
63	273.8
64	275.56
65	291.02
66	264.16
67	282.93
68	289.72
69	290.43
70	293.71
71	305.18
72	289.3
73	278.49
74	284.23
75	284.95
76	304.37
77	288.93
78	296.42
79	298.47
80	285.52
81	293.75
82	294.58
83	288.4
84	303.9
85	307.63
86	283.52
87	269.98
88	292.89
89	288.67
90	290.41
91	295.68
92	300.08
93	310.2
94	283.52
95	275.85
96	293.28
97	287.71
98	312.61
99	274.63
100	295
101	272.1
