1	167.45
2	171.18
3	139.39
4	165.45
5	160.64
6	162.95
7	152.56
8	164.55
9	162.83
10	161.93
11	164.62
12	164.57
13	182.72
14	147.98
15	154.19
16	144.82
17	149.76
18	161.24
19	152.09
20	166.55
21	130.94
22	148.70
23	127.16
24	179.95
25	168.75
26	161.39
27	144.41
28	156.90
29	165.49
30	174.94
31	141.81
32	139.69
33	147.12
34	155.79
35	170.18
36	142.05
37	176.07
38	143.51
39	158.92
40	151.68
41	174.59
42	156.33
43	167.37
44	159.55
45	156.18
46	161.62
47	165.76
48	171.68
49	160.86
50	159.65
51	143.98
52	145.76
53	178.95
54	138.52
55	152.81
56	169.29
57	170.52
58	163.93
59	165.12
60	152.33
61	171.54
62	161.10
63	175.58
64	175.51
65	157.15
66	151.33
67	179.19
68	164.51
69	148.52
70	167.64
71	137.55
72	158.87
73	177.29
74	157.58
75	153.24
76	165.27
77	177.32
78	153.19
79	161.82
80	167.84
81	155.87
82	159.07
83	138.54
84	141.30
85	174.06
86	144.06
87	167.82
88	166.93
89	174.61
90	145.96
91	171.67
92	145.96
93	150.03
94	154.19
95	155.20
96	160.75
97	181.54
98	144.50
99	168.11
100	164.67
101	156.63
