1	-67.37
2	-86.25
3	-40.03
4	-106.2
5	-94.17
6	-122.9
7	-93.66
8	-101.68
9	-82.12
10	-36.77
11	-102.28
12	-87.99
13	-16.86
14	-107.49
15	-114.17
16	-81.81
17	-76.48
18	-117.64
19	-88.95
20	-75.19
21	-79.25
22	-116.51
23	-93.07
24	-122.09
25	-140.66
26	-71.84
27	-85.62
28	-95.67
29	-83.68
30	-126.44
31	-101.39
32	-56.65
33	-110.05
34	-67.46
35	-75.12
36	-81.82
37	-91.95
38	-118.06
39	-73.75
40	-58.9
41	-90.05
42	-86.19
43	-81.08
44	-76.57
45	-92.9
46	-96.61
47	-119.59
48	-124.96
49	-91.93
50	-77.15
51	-89.52
52	-94.3
53	-107.3
54	-86.24
55	-72.15
56	-41.31
57	-94.16
58	-61.5
59	-69.64
60	-144.2
61	-51.34
62	-125
63	-49.07
64	-72.75
65	-64.58
66	-65.3
67	-94.35
68	-50.21
69	-96.7
70	-110.67
71	-97.39
72	-76.52
73	-69.6
74	-94.35
75	-71.47
76	-79.86
77	-83.94
78	-76.85
79	-86.93
80	-141.84
81	-67.22
82	-104.65
83	-112.9
84	-70.9
85	-101.83
86	-62.94
87	-74.02
88	-89.78
89	-82.68
90	-124.4
91	-85.07
92	-99.06
93	-108.54
94	-78.03
95	-66.03
96	-67.67
97	-58.56
98	-96.66
99	-115.19
100	-81.4
101	-101.89
