1	181.9
2	175.32
3	193.15
4	171.43
5	170.17
6	178.39
7	178.30
8	175.14
9	175.92
10	190.82
11	173.98
12	175.39
13	203.04
14	162.11
15	173.66
16	179.56
17	174.80
18	169.56
19	174.10
20	181.32
21	188.4
22	176.17
23	176.64
24	171.48
25	166.64
26	172.30
27	177.55
28	176.07
29	172.96
30	172.01
31	175.78
32	188.45
33	182.73
34	179.41
35	176.49
36	189.24
37	177.18
38	170.53
39	177.68
40	180.77
41	172.83
42	176.01
43	176.06
44	183.55
45	177.79
46	174.74
47	172.24
48	166.09
49	171.20
50	178.80
51	180.17
52	179.79
53	165.60
54	184.93
55	176.49
56	189.25
57	172.77
58	186.91
59	177.22
60	166.63
61	182.68
62	172.04
63	181.82
64	181.5
65	183.31
66	182.12
67	177.54
68	178.55
69	174.56
70	176.44
71	178.37
72	176.86
73	178.52
74	174.26
75	186.2
76	173.52
77	169.43
78	183.12
79	175.20
80	161.22
81	184.26
82	185.78
83	180.84
84	182.76
85	169.98
86	185.53
87	181.23
88	177.94
89	176.50
90	174.77
91	181.25
92	175.48
93	175.95
94	178.48
95	185.04
96	180.24
97	180.41
98	168.35
99	171.70
100	176.41
101	179.25
