1 -0.53
2 -0.53
3 -1.13
4 -1.13
5 -1.31
6 -1.31
7 -1.21
8 -1.21
9 -1.01
10 -1.01
11 -0.97
12 -0.97
13 -0.74
14 -0.74
15 -1.14
16 -1.14
17 -0.85
18 -0.85
19 -1.19
20 -1.19
21 -1.04
22 -1.04
23 -1.80
24 -1.80
25 -1.30
26 -1.30
27 -1.04
28 -1.04
29 -1.30
30 -1.30
31 -0.97
32 -0.97
33 -1.22
34 -1.22
35 -1.20
36 -1.20
37 -0.98
38 -0.98
39 -1.50
40 -1.50
41 -1.27
42 -1.27
43 -0.89
44 -0.89
45 -1.02
46 -1.02
47 -1.40
48 -1.40
49 -0.89
50 -0.89
51 -0.95
52 -0.95
53 -1.03
54 -1.03
55 -1.20
56 -1.20
57 -0.54
58 -0.54
59 -1.32
60 -1.32
61 -0.91
62 -0.91
63 -1.30
64 -1.30
65 -1.40
66 -1.40
67 -1.10
68 -1.10
69 -1.28
70 -1.28
71 -0.65
72 -0.65
73 -1.20
74 -1.20
75 -1.15
76 -1.15
77 -1.02
78 -1.02
79 -1.08
80 -1.08
81 -1.30
82 -1.30
83 -0.77
84 -0.77
85 -0.76
86 -0.76
87 -0.71
88 -0.71
89 -0.96
90 -0.96
91 -1.23
92 -1.23
93 -1.36
94 -1.36
95 -1.27
96 -1.27
97 -1.22
98 -1.22
99 -1.21
100 -1.21
101 -1.36
102 -1.36
