1	239.4
2	276.26
3	257.38
4	246.72
5	242.89
6	284.7
7	249.29
8	222.67
9	229.76
10	262.05
11	269.13
12	261.3
13	243.97
14	287.24
15	196.1
16	217.42
17	211.77
18	302.13
19	202.03
20	235.17
21	268.13
22	280.83
23	245.59
24	200.7
25	287.43
26	245.97
27	249.91
28	245.12
29	239.71
30	255.07
31	260.06
32	267.74
33	278.71
34	249.92
35	267.78
36	262.11
37	259.66
38	258.29
39	215.01
40	249.56
41	243.78
42	233.18
43	246.65
44	215.41
45	267.8
46	263.14
47	247.19
48	232.07
49	246.87
50	255.35
51	237.01
52	251.75
53	275.35
54	254.18
55	224.02
56	255.23
57	266.48
58	265.36
59	303.34
60	272.58
61	243.85
62	199.2
63	285.84
64	278.33
65	266.81
66	208.11
67	256.99
68	250.61
69	255.26
70	219.1
71	229.55
72	186.91
73	275.61
74	272.14
75	245.36
76	236.88
77	278.23
78	232.55
79	266.84
80	261.33
81	272.7
82	267.08
83	207.87
84	261.84
85	258.53
86	246.7
87	238.29
88	262.19
89	241.19
90	263.2
91	252.25
92	244.59
93	299
94	266.5
95	271.46
96	271.83
97	217.69
98	274.62
99	240.61
100	259.12
101	207.93
