1	-2.36
2	-7.01
3	-16.15
4	0.54
5	-15.77
6	-6.02
7	-0.90
8	-17.61
9	-9.12
10	-9.62
11	-4.47
12	-6.30
13	-0.18
14	-8.50
15	5.52
16	-4.77
17	-2.93
18	-11.71
19	-7.88
20	-2.47
21	-6.86
22	-1.34
23	-11.26
24	-3.68
25	-10.51
26	-9.32
27	-2.61
28	-9.29
29	6.05
30	-7.53
31	-4.04
32	-0.40
33	-6.42
34	-0.74
35	0.71
36	-4.99
37	-4.45
38	-1.09
39	-4.01
40	-7.64
41	-3.26
42	-1.25
43	-8.09
44	4.37
45	-6.33
46	-15.16
47	-0.44
48	-3.14
49	-3.29
50	-0.88
51	-8.83
52	-9.98
53	-10.93
54	0.62
55	1.43
56	-3.90
57	-7.20
58	-3.38
59	6.07
60	-2.21
61	-13.72
62	-6.11
63	2.62
64	-1.09
65	-11.10
66	0.66
67	-5.60
68	-4.76
69	-13.19
70	-0.97
71	-9.28
72	-5.34
73	8.18
74	-3.06
75	-7.89
76	-0.34
77	-1.67
78	-16.51
79	-0.60
80	-7.88
81	-18.30
82	-7.39
83	-1.42
84	2.67
85	-8.56
86	-11.32
87	-2.11
88	-2.33
89	-5.84
90	3.07
91	-5.36
92	-4.50
93	-7.97
94	-4.05
95	-22.76
96	-5.75
97	-12.98
98	-12.53
99	-13.15
100	-0.52
101	-14.10
