1	-36.95
2	NaN
3	17.87
4	95.04
5	192.94
6	NaN
7	180.83
8	176.47
9	121.39
10	-7.63999999999999
11	115.27
12	148.17
13	-42.73
14	NaN
15	-90.94
16	157.29
17	236.08
18	-34.61
19	108.38
20	134.83
21	11.75
22	183.12
23	-67.46
24	NaN
25	127.53
26	54.92
27	69.04
28	136.52
29	NaN
30	3.20000000000002
31	-114.34
32	-59.75
33	NaN
34	-89.6
35	155.47
36	61.49
37	122.31
38	171.42
39	48.64
40	-187.4
41	182.04
42	NaN
43	140.37
44	-36.51
45	31.35
46	NaN
47	14.22
48	NaN
49	-126.99
50	145.76
51	-71.02
52	177.25
53	226.44
54	135.34
55	13.65
56	210.67
57	-96.22
58	NaN
59	NaN
60	NaN
61	NaN
62	NaN
63	125.08
64	-43.87
65	-24.54
66	NaN
67	12.95
68	214.27
69	-75.88
70	-6.5
71	-120.89
72	57.02
73	NaN
74	-0.120000000000005
75	-122.61
76	213.15
77	197.25
78	-38.22
79	96
80	-56.88
81	203.18
82	67.59
83	-123.76
84	135.24
85	NaN
86	196.64
87	0
88	23.57
89	NaN
90	214.24
91	NaN
92	-54.47
93	-46.4
94	-15.95
95	203.33
96	-59.43
97	54.24
98	86.92
99	-71.84
100	NaN
101	NaN
