1	172.63
2	174.59
3	172.84
4	174.20
5	175.75
6	173.59
7	171.92
8	171.07
9	170.47
10	172.65
11	171.57
12	176.75
13	174.39
14	173.49
15	175.93
16	175.16
17	174.65
18	174.48
19	173.22
20	171.95
21	173.00
22	172.67
23	170.83
24	172.62
25	171.21
26	171.79
27	172.63
28	170.57
29	177.67
30	173.48
31	176.24
32	175.50
33	174.25
34	174.85
35	173.67
36	174.41
37	173.75
38	173.04
39	174.74
40	172.46
41	173.86
42	172.01
43	174.16
44	171.21
45	175.08
46	176.54
47	171.51
48	172.80
49	176.35
50	172.91
51	174.38
