1	145.60
2	145.13
3	142.67
4	144.03
5	144.30
6	144.54
7	143.56
8	145.76
9	144.66
10	146.45
11	144.99
12	145.56
13	143.02
14	146.80
15	147.08
16	144.47
17	145.64
18	146.54
19	142.92
20	149.13
21	145.29
22	147.55
23	145.92
24	145.61
25	143.17
26	145.10
27	145.11
28	144.22
29	141.67
30	144.61
31	145.00
32	143.61
33	141.81
34	144.96
35	140.37
36	143.22
37	145.74
38	147.43
39	140.29
40	146.19
41	145.40
42	141.12
43	142.24
44	142.22
45	145.50
46	141.54
47	148.83
48	146.26
49	147.06
50	140.25
51	147.51
