1 0.26
2 0.26
3 0.19
4 0.19
5 -0.18
6 -0.18
7 0.44
8 0.44
9 -0.29
10 -0.29
11 0.19
12 0.19
13 0.26
14 0.26
15 0.37
16 0.37
17 -0.15
18 -0.15
19 0.47
20 0.47
21 -0.14
22 -0.14
23 0.60
24 0.60
25 0.64
26 0.64
27 0.27
28 0.27
29 0.17
30 0.17
31 -0.03
32 -0.03
33 0.78
34 0.78
35 0.09
36 0.09
37 0.26
38 0.26
39 -0.13
40 -0.13
41 0.26
42 0.26
43 -0.40
44 -0.40
45 -0.22
46 -0.22
47 0.27
48 0.27
49 0.23
50 0.23
51 -0.12
52 -0.12
53 -0.43
54 -0.43
55 -0.14
56 -0.14
57 0.66
58 0.66
59 0.19
60 0.19
61 0.02
62 0.02
63 0.10
64 0.10
65 0.87
66 0.87
67 0.25
68 0.25
69 0.44
70 0.44
71 -0.26
72 -0.26
73 0.38
74 0.38
75 0.03
76 0.03
77 0.32
78 0.32
79 0.09
80 0.09
81 0.69
82 0.69
83 0.03
84 0.03
85 0.04
86 0.04
87 0.70
88 0.70
89 0.38
90 0.38
91 0.17
92 0.17
93 0.69
94 0.69
95 0.11
96 0.11
97 0.17
98 0.17
99 0.44
100 0.44
101 0.30
102 0.30
