1	159.04
2	146.29
3	130.45
4	153.69
5	133.04
6	137.79
7	156.16
8	147.87
9	144.92
10	150.00
11	124.10
12	140.66
13	137.79
14	148.74
15	159.80
16	142.25
17	131.96
18	135.64
19	148.50
20	152.62
21	140.88
22	121.32
23	149.74
24	139.02
25	146.77
26	136.19
27	138.63
28	158.21
29	157.66
30	164.01
31	145.55
32	139.62
33	151.02
34	133.08
35	149.55
36	134.83
37	157.13
38	133.87
39	156.62
40	147.71
41	120.66
42	134.31
43	133.10
44	136.50
45	158.19
46	152.62
47	138.09
48	149.28
49	126.04
50	114.56
51	146.59
