1	164.85
2	180.3
3	177.32
4	145.64
5	174.86
6	176.13
7	177.12
8	180.53
9	179.78
10	164.36
11	173.33
12	176.54
13	174.82
14	167.98
15	178.14
16	156.15
17	142.21
18	163.33
19	169.28
20	173.00
21	187.08
22	175.38
23	181.88
24	165.48
25	164.48
26	161.29
27	186.36
28	185.27
29	175.93
30	161.78
31	181.64
32	156.41
33	166.38
34	156.25
35	185.77
36	183.94
37	166.43
38	167.90
39	180.34
40	164.23
41	181.28
42	179.87
43	167.64
44	156.47
45	174.39
46	133.00
47	139.88
48	171.10
49	166.13
50	165.06
51	170.49
