1	281.95
2	253.96
3	287.43
4	275.95
5	260.21
6	257.45
7	254.17
8	267.98
9	296.04
10	268.57
11	266.05
12	284.46
13	268.93
14	252.41
15	267.78
16	284.06
17	295.97
18	274.89
19	252.14
20	287.82
21	250.76
22	302.4
23	275.95
24	286.04
25	286.8
26	293.44
27	276.1
28	249.38
29	266.87
30	286.77
31	261.77
32	264.56
33	277.67
34	265.77
35	291.47
36	266.42
37	246.55
38	296.66
39	281.27
40	250.88
41	279.13
42	276.59
43	279.01
44	256.67
45	258.46
46	259.06
47	271.5
48	278.12
49	265.17
50	248.12
51	289.85
52	268.69
53	283.57
54	263.47
55	260.61
56	271.74
57	276.85
58	260.76
59	251.8
60	241.07
61	275.85
62	262.65
63	261.02
64	291.81
65	272.7
66	236.72
67	275.89
68	281.96
69	293.63
70	261.48
71	254.58
72	263.16
73	288.17
74	267.52
75	299.74
76	278.32
77	257.93
78	285.54
79	281.36
80	245.94
81	260.85
82	254.33
83	265.03
84	260.91
85	286.72
86	256.41
87	293.61
88	284.18
89	261.42
90	277.74
91	278.62
92	292.46
93	294.71
94	277.41
95	250.91
96	295.23
97	271.75
98	263.76
99	285.71
100	255.93
101	257.39
