1	-21.38
2	-19.24
3	-17.45
4	-16.23
5	-21.91
6	-17.38
7	-20.76
8	-21.17
9	-18.87
10	-24.19
11	-18.50
12	-18.39
13	-16.11
14	-21.72
15	-21.06
16	-19.98
17	-19.26
18	-17.01
19	-18.44
20	-19.36
21	-20.79
22	-18.52
23	-17.62
24	-18.22
25	-21.65
26	-19.29
27	-16.95
28	-18.29
29	-19.42
30	-21.28
31	-19.14
32	-23.35
33	-18.13
34	-20.28
35	-19.33
36	-18.14
37	-19.12
38	-18.35
39	-20.95
40	-16.52
41	-19.07
42	-18.27
43	-19.53
44	-19.71
45	-18.89
46	-17.05
47	-18.20
48	-21.98
49	-22.96
50	-18.07
51	-21.69
