1	153.33
2	140.28
3	151.94
4	155.18
5	148.58
6	151.89
7	158.76
8	153.74
9	135.83
10	168.46
11	149.35
12	156.06
13	168.21
14	146.51
15	156.66
16	157.33
17	151.25
18	156.89
19	152.09
20	170.33
21	162.54
22	160.18
23	158.81
24	154.56
25	142.94
26	145.42
27	136.79
28	163.01
29	143.92
30	156.37
31	126.68
32	153.25
33	144.70
34	157.21
35	159.04
36	153.38
37	156.51
38	141.68
39	140.12
40	169.05
41	135.42
42	145.42
43	153.09
44	160.81
45	160.15
46	170.09
47	134.75
48	141.56
49	152.44
50	139.83
51	151.89
