1	8.97
2	-72.02
3	40.13
4	-3.34999999999999
5	22.44
6	-84.27
7	22.02
8	83.76
9	1.52000000000001
10	-34.69
11	21.49
12	36.55
13	15.87
14	-41.37
15	-71.51
16	-30.64
17	63.1
18	-103.42
19	-98.11
20	-76.72
21	-45.99
22	-70.69
23	-30.84
24	-68.08
25	-55.32
26	-88.5
27	51.17
28	4.59
29	131.17
30	-22.95
31	-12.1
32	14.87
33	-41.1
34	-47.8
35	-54.96
36	86.75
37	3.00999999999999
38	32.65
39	-26.72
40	50.58
41	-54.73
42	-46.48
43	79.06
44	53.78
45	-93.81
46	98.83
47	-5.90000000000001
48	-59.47
49	-46.75
50	38.22
51	60.72
