1	151.70
2	137.94
3	143.00
4	118.73
5	147.65
6	134.54
7	135.31
8	141.43
9	145.79
10	152.09
11	142.83
12	115.19
13	138.02
14	113.71
15	125.21
16	148.58
17	114.89
18	122.74
19	144.70
20	148.59
21	146.56
22	133.02
23	138.07
24	154.86
25	124.78
26	121.24
27	132.22
28	143.18
29	117.83
30	149.17
31	163.28
32	147.48
33	111.18
34	148.08
35	143.56
36	128.44
37	144.32
38	156.26
39	142.03
40	134.63
41	152.14
42	126.23
43	136.02
44	139.03
45	124.14
46	140.77
47	138.72
48	154.50
49	134.41
50	132.80
51	141.34
