1	57.04
2	57.57
3	77.08
4	54.33
5	57.72
6	51.11
7	56.21
8	46.42
9	58.70
10	69.02
11	58.57
12	59.82
13	57.67
14	62.40
15	59.07
16	69.25
17	64.34
18	59.31
19	68.12
20	50.19
21	66.57
22	61.61
23	71.00
24	47.14
25	52.32
26	57.82
27	68.25
28	58.74
29	55.38
30	57.09
31	59.50
32	62.19
33	60.64
34	51.62
35	52.14
36	50.77
37	55.22
38	67.89
39	60.13
40	60.75
41	56.13
42	55.32
43	54.01
44	49.90
45	53.10
46	53.05
47	54.99
48	55.84
49	50.11
50	53.09
51	58.21
52	57.63
53	48.62
54	76.52
55	66.06
56	47.37
57	49.79
58	53.95
59	61.22
60	65.89
61	59.25
62	54.55
63	60.88
64	49.85
65	58.55
66	59.49
67	56.50
68	58.67
69	65.92
70	52.34
71	60.15
72	66.53
73	58.31
74	60.32
75	58.26
76	50.76
77	57.11
78	58.84
79	52.89
80	61.62
81	67.64
82	56.27
83	54.65
84	56.84
85	56.07
86	66.01
87	62.12
88	57.18
89	61.11
90	56.09
91	46.70
92	62.70
93	52.07
94	70.66
95	55.77
96	56.15
97	57.12
98	54.34
99	53.21
100	61.43
101	51.79
