1 37.41
2 37.41
3 36.29
4 36.29
5 42.95
6 42.95
7 42.64
8 42.64
9 32.67
10 32.67
11 33.40
12 33.40
13 31.40
14 31.40
15 35.43
16 35.43
17 34.10
18 34.10
19 37.03
20 37.03
21 40.35
22 40.35
23 31.87
24 31.87
25 37.03
26 37.03
27 27.56
28 27.56
29 31.43
30 31.43
31 30.59
32 30.59
33 24.77
34 24.77
35 23.61
36 23.61
37 30.25
38 30.25
39 28.29
40 28.29
41 34.30
42 34.30
43 30.64
44 30.64
45 37.35
46 37.35
47 33.27
48 33.27
49 30.66
50 30.66
51 28.48
52 28.48
53 37.57
54 37.57
55 30.41
56 30.41
57 37.77
58 37.77
59 35.04
60 35.04
61 32.66
62 32.66
63 35.21
64 35.21
65 29.36
66 29.36
67 32.33
68 32.33
69 36.68
70 36.68
71 39.95
72 39.95
73 28.56
74 28.56
75 41.38
76 41.38
77 34.93
78 34.93
79 36.01
80 36.01
81 33.70
82 33.70
83 32.85
84 32.85
85 39.32
86 39.32
87 40.47
88 40.47
89 28.27
90 28.27
91 41.57
92 41.57
93 33.97
94 33.97
95 30.65
96 30.65
97 29.63
98 29.63
99 27.84
100 27.84
101 39.32
102 39.32
