1	150.19
2	164.11
3	145.91
4	148.64
5	143.36
6	174.60
7	129.16
8	168.74
9	169.61
10	133.57
11	109.10
12	154.28
13	143.95
14	148.26
15	166.07
16	155.76
17	153.27
18	165.03
19	176.36
20	170.89
21	154.21
22	153.96
23	155.89
24	161.57
25	168.69
26	150.77
27	151.76
28	146.50
29	139.84
30	145.67
31	175.01
32	164.11
33	140.09
34	152.23
35	142.60
36	176.99
37	181.71
38	108.63
39	165.44
40	135.92
41	137.03
42	151.20
43	122.46
44	147.67
45	149.24
46	175.10
47	161.21
48	165.65
49	121.96
50	168.61
51	152.99
