   0.19  -0.31   3.28  -2.67   0.14  33.07
   0.19  -0.31   3.28  -2.67   0.14  33.07
  -0.65  -0.90   3.08   2.39   1.47  31.84
  -0.65  -0.90   3.08   2.39   1.47  31.84
   1.01  -0.78   2.93  -4.67   3.90  29.03
   1.01  -0.78   2.93  -4.67   3.90  29.03
   0.50  -0.10   4.00  -2.11  -7.37  36.75
   0.50  -0.10   4.00  -2.11  -7.37  36.75
   0.51  -0.71   3.31   0.46   0.11  28.15
   0.51  -0.71   3.31   0.46   0.11  28.15
   0.77  -0.65   3.71  -1.24 -12.55  30.84
   0.77  -0.65   3.71  -1.24 -12.55  30.84
   0.25  -0.86   2.54  -0.26  21.99  24.59
   0.25  -0.86   2.54  -0.26  21.99  24.59
   1.15  -0.68   2.77  -3.47  15.74  25.70
   1.15  -0.68   2.77  -3.47  15.74  25.70
   0.86  -0.64   2.94  -2.16  10.41  26.29
   0.86  -0.64   2.94  -2.16  10.41  26.29
   0.47  -0.55   2.71  -0.74  27.03  21.37
   0.47  -0.55   2.71  -0.74  27.03  21.37
   1.55  -0.45   3.41  -2.47  13.95  24.20
   1.55  -0.45   3.41  -2.47  13.95  24.20
   0.25  -0.63   3.35   0.59  -5.55  31.28
   0.25  -0.63   3.35   0.59  -5.55  31.28
   0.68  -0.77   3.01  -1.21  11.29  30.06
   0.68  -0.77   3.01  -1.21  11.29  30.06
   0.83  -0.59   4.30  -3.29 -11.59  32.45
   0.83  -0.59   4.30  -3.29 -11.59  32.45
   0.32  -0.70   3.62  -0.66   5.50  31.26
   0.32  -0.70   3.62  -0.66   5.50  31.26
   1.07  -0.82   3.56  -4.94 -13.22  38.11
   1.07  -0.82   3.56  -4.94 -13.22  38.11
   0.82  -0.81   3.27   0.25   3.02  25.27
   0.82  -0.81   3.27   0.25   3.02  25.27
   0.69  -0.62   3.10   2.19  -0.99  25.46
   0.69  -0.62   3.10   2.19  -0.99  25.46
   1.12  -0.13   3.90  -0.54  -6.74  33.42
   1.12  -0.13   3.90  -0.54  -6.74  33.42
   0.31  -0.61   3.81  -4.18 -10.01  36.88
   0.31  -0.61   3.81  -4.18 -10.01  36.88
   1.03  -0.59   4.63  -1.31 -18.15  35.37
   1.03  -0.59   4.63  -1.31 -18.15  35.37
   0.40  -0.68   3.56  -0.29  -3.71  31.91
   0.40  -0.68   3.56  -0.29  -3.71  31.91
   1.03  -0.81   2.56  -1.18   3.70  24.56
   1.03  -0.81   2.56  -1.18   3.70  24.56
   0.51  -0.24   3.94  -1.55 -11.01  33.55
   0.51  -0.24   3.94  -1.55 -11.01  33.55
   0.20  -0.73   3.71  -2.75   2.38  30.05
   0.20  -0.73   3.71  -2.75   2.38  30.05
   0.66  -0.74   4.29  -0.81 -20.53  35.28
   0.66  -0.74   4.29  -0.81 -20.53  35.28
   0.48  -0.08   3.71  -1.49   1.07  29.93
   0.48  -0.08   3.71  -1.49   1.07  29.93
  -0.11  -0.50   3.02  -1.12   3.44  34.54
  -0.11  -0.50   3.02  -1.12   3.44  34.54
   1.07  -0.65   2.57  -3.43  19.26  22.52
   1.07  -0.65   2.57  -3.43  19.26  22.52
   0.35  -0.54   3.14  -2.30   0.93  31.56
   0.35  -0.54   3.14  -2.30   0.93  31.56
   0.85  -0.99   3.01  -0.66  12.44  28.86
   0.85  -0.99   3.01  -0.66  12.44  28.86
   0.76  -0.07   3.39  -0.32   2.32  32.47
   0.76  -0.07   3.39  -0.32   2.32  32.47
   0.54  -0.03   4.32  -0.47 -31.38  37.27
   0.54  -0.03   4.32  -0.47 -31.38  37.27
   0.99  -0.24   3.95  -1.35 -18.45  35.02
   0.99  -0.24   3.95  -1.35 -18.45  35.02
   0.28  -0.54   2.91   0.12   9.57  27.77
   0.28  -0.54   2.91   0.12   9.57  27.77
   0.48  -1.01   3.49  -1.34  -1.27  30.60
   0.48  -1.01   3.49  -1.34  -1.27  30.60
   0.73  -0.77   2.76  -3.71  18.82  24.87
   0.73  -0.77   2.76  -3.71  18.82  24.87
   1.00  -0.59   2.87  -2.64   3.11  29.69
   1.00  -0.59   2.87  -2.64   3.11  29.69
   0.95  -0.68   3.69  -2.13  -0.10  31.70
   0.95  -0.68   3.69  -2.13  -0.10  31.70
   1.38  -0.98   3.26  -1.62   0.11  27.23
   1.38  -0.98   3.26  -1.62   0.11  27.23
   0.47  -0.69   3.12  -1.33   4.51  28.88
   0.47  -0.69   3.12  -1.33   4.51  28.88
   1.63  -1.09   3.58  -2.67 -14.19  25.70
   1.63  -1.09   3.58  -2.67 -14.19  25.70
   0.71  -0.67   3.78  -2.04  -9.89  34.09
   0.71  -0.67   3.78  -2.04  -9.89  34.09
   0.50  -0.20   3.22  -1.25  -7.35  25.38
   0.50  -0.20   3.22  -1.25  -7.35  25.38
   0.95  -0.60   3.53  -0.81  -3.02  31.98
   0.95  -0.60   3.53  -0.81  -3.02  31.98
   1.13  -0.62   2.37  -3.81  29.25  14.61
   1.13  -0.62   2.37  -3.81  29.25  14.61
   0.88  -1.03   3.70  -4.35 -15.52  36.34
   0.88  -1.03   3.70  -4.35 -15.52  36.34
   0.50  -0.65   3.64  -3.37   2.00  32.57
   0.50  -0.65   3.64  -3.37   2.00  32.57
   0.41  -0.50   2.96  -0.13   8.34  19.41
   0.41  -0.50   2.96  -0.13   8.34  19.41
   0.19  -1.00   3.97  -2.58 -14.60  30.29
   0.19  -1.00   3.97  -2.58 -14.60  30.29
   0.13  -1.52   1.88  -1.70  20.75  21.97
   0.13  -1.52   1.88  -1.70  20.75  21.97
   0.56  -1.15   1.83  -5.11  30.03  24.96
   0.56  -1.15   1.83  -5.11  30.03  24.96
   0.00  -0.87   3.81  -1.69  -5.04  30.47
   0.00  -0.87   3.81  -1.69  -5.04  30.47
   0.06  -1.14   4.11  -2.24  -8.99  33.17
   0.06  -1.14   4.11  -2.24  -8.99  33.17
   0.69  -0.63   4.23  -1.74 -15.84  32.39
   0.69  -0.63   4.23  -1.74 -15.84  32.39
   0.91  -0.62   3.01   1.70  -0.25  27.39
   0.91  -0.62   3.01   1.70  -0.25  27.39
   0.59  -0.97   3.15   0.07   3.49  28.86
   0.59  -0.97   3.15   0.07   3.49  28.86
   0.37  -1.44   1.71  -4.84  40.55  19.62
   0.37  -1.44   1.71  -4.84  40.55  19.62
   1.04  -0.75   3.20   0.24 -15.97  24.50
   1.04  -0.75   3.20   0.24 -15.97  24.50
   0.61  -0.90   2.91   1.58  12.56  28.41
   0.61  -0.90   2.91   1.58  12.56  28.41
   0.72  -0.47   2.45  -4.01  28.28  20.82
   0.72  -0.47   2.45  -4.01  28.28  20.82
  -0.01  -1.07   2.55  -1.32  39.35  15.64
  -0.01  -1.07   2.55  -1.32  39.35  15.64
   0.15  -1.15   3.21  -2.91  10.04  25.33
   0.15  -1.15   3.21  -2.91  10.04  25.33
   0.18  -0.86   1.81  -1.47  36.30  19.84
   0.18  -0.86   1.81  -1.47  36.30  19.84
   0.56  -0.73   2.95  -2.66  -2.01  22.78
   0.56  -0.73   2.95  -2.66  -2.01  22.78
   0.72  -0.86   3.03   0.05  14.31  19.45
   0.72  -0.86   3.03   0.05  14.31  19.45
   0.86  -0.76   2.54  -1.93  18.38  27.22
   0.86  -0.76   2.54  -1.93  18.38  27.22
   0.31  -0.84   3.48  -4.32  11.72  29.56
   0.31  -0.84   3.48  -4.32  11.72  29.56
   0.58  -0.46   3.53  -4.16  -0.44  34.84
   0.58  -0.46   3.53  -4.16  -0.44  34.84
   0.61  -0.96   3.38  -0.24  -4.21  29.55
   0.61  -0.96   3.38  -0.24  -4.21  29.55
   0.94  -0.73   3.21  -3.55   3.74  36.58
   0.94  -0.73   3.21  -3.55   3.74  36.58
   0.47  -0.66   2.59  -0.49  20.68  26.82
   0.47  -0.66   2.59  -0.49  20.68  26.82
   0.66  -0.78   2.82  -2.53  -4.65  32.35
   0.66  -0.78   2.82  -2.53  -4.65  32.35
   1.23  -0.49   3.30   0.87 -11.89  23.34
   1.23  -0.49   3.30   0.87 -11.89  23.34
   0.40  -0.79   3.18  -1.40   7.52  29.32
   0.40  -0.79   3.18  -1.40   7.52  29.32
   0.55  -0.89   3.41  -0.44  -1.94  27.95
   0.55  -0.89   3.41  -0.44  -1.94  27.95
   0.31  -0.57   4.04   1.18 -21.99  31.44
   0.31  -0.57   4.04   1.18 -21.99  31.44
   0.29  -0.57   3.93   2.34 -14.10  33.58
   0.29  -0.57   3.93   2.34 -14.10  33.58
   0.53  -0.48   3.19  -4.26 -11.92  29.09
   0.53  -0.48   3.19  -4.26 -11.92  29.09
   1.10  -0.42   3.19   0.26   0.17  20.97
   1.10  -0.42   3.19   0.26   0.17  20.97
   1.02  -0.31   4.08  -3.81 -30.88  36.53
   1.02  -0.31   4.08  -3.81 -30.88  36.53
   1.36  -1.07   2.58  -4.44  23.93  19.23
   1.36  -1.07   2.58  -4.44  23.93  19.23
   0.94  -0.71   3.21  -2.69   3.73  29.10
   0.94  -0.71   3.21  -2.69   3.73  29.10
   0.69  -0.72   3.15  -2.08   2.28  25.66
   0.69  -0.72   3.15  -2.08   2.28  25.66
   0.99  -0.46   3.25  -1.35  -8.13  34.82
   0.99  -0.46   3.25  -1.35  -8.13  34.82
   0.41  -0.82   4.01  -1.87  -5.72  29.36
   0.41  -0.82   4.01  -1.87  -5.72  29.36
   0.65  -0.25   4.19  -1.68  -6.70  31.95
   0.65  -0.25   4.19  -1.68  -6.70  31.95
   0.49  -0.55   3.24  -3.12   4.85  29.27
   0.49  -0.55   3.24  -3.12   4.85  29.27
   0.37  -0.38   3.65  -2.31  -5.83  35.54
   0.37  -0.38   3.65  -2.31  -5.83  35.54
   1.06  -0.62   3.23   2.28 -11.59  25.14
   1.06  -0.62   3.23   2.28 -11.59  25.14
   0.79  -0.71   3.17  -3.72   5.51  30.65
   0.79  -0.71   3.17  -3.72   5.51  30.65
   0.37  -0.74   4.11   0.53  -6.88  29.96
   0.37  -0.74   4.11   0.53  -6.88  29.96
   0.85  -0.86   3.49  -6.11  10.98  29.52
   0.85  -0.86   3.49  -6.11  10.98  29.52
   0.57  -0.62   3.54  -0.37  -5.87  35.39
   0.57  -0.62   3.54  -0.37  -5.87  35.39
   1.81  -0.06   3.13  -1.00  -7.34  27.09
   1.81  -0.06   3.13  -1.00  -7.34  27.09
   0.86  -0.91   4.19  -2.84 -20.06  34.82
   0.86  -0.91   4.19  -2.84 -20.06  34.82
   1.19  -0.47   3.19  -4.70   4.42  27.43
   1.19  -0.47   3.19  -4.70   4.42  27.43
   0.70  -0.81   3.87  -1.97  -5.74  32.65
   0.70  -0.81   3.87  -1.97  -5.74  32.65
   0.62  -0.45   3.77   0.24  -1.94  29.36
   0.62  -0.45   3.77   0.24  -1.94  29.36
   1.28  -0.34   3.39  -0.68  -5.60  23.25
   1.28  -0.34   3.39  -0.68  -5.60  23.25
   1.30  -0.62   4.15   1.43  -7.77  30.93
   1.30  -0.62   4.15   1.43  -7.77  30.93
