  -0.63   0.28   3.53  -2.55  -5.31  38.68
  -0.63   0.28   3.53  -2.55  -5.31  38.68
  -0.14  -0.42   3.99  -0.58  -3.36  40.49
  -0.14  -0.42   3.99  -0.58  -3.36  40.49
  -0.55   0.02   4.07  -4.43  -1.42  36.46
  -0.55   0.02   4.07  -4.43  -1.42  36.46
  -0.61  -0.05   4.66  -2.75 -18.30  45.67
  -0.61  -0.05   4.66  -2.75 -18.30  45.67
  -0.72  -0.03   4.77  -1.36  -7.61  38.16
  -0.72  -0.03   4.77  -1.36  -7.61  38.16
  -0.70  -0.37   3.67  -2.62   2.73  32.15
  -0.70  -0.37   3.67  -2.62   2.73  32.15
  -0.88  -0.29   3.27  -0.14  20.38  27.84
  -0.88  -0.29   3.27  -0.14  20.38  27.84
   0.36  -0.18   3.90   0.21  -6.22  39.46
   0.36  -0.18   3.90   0.21  -6.22  39.46
  -1.02  -0.06   3.85  -4.37  -2.61  30.84
  -1.02  -0.06   3.85  -4.37  -2.61  30.84
  -0.61  -0.02   3.70  -5.17   0.16  36.55
  -0.61  -0.02   3.70  -5.17   0.16  36.55
  -0.77  -0.21   3.52   2.73   3.85  32.40
  -0.77  -0.21   3.52   2.73   3.85  32.40
  -0.58   0.16   3.59  -5.29   2.07  38.22
  -0.58   0.16   3.59  -5.29   2.07  38.22
  -0.88   0.48   3.52  -1.08   4.00  35.40
  -0.88   0.48   3.52  -1.08   4.00  35.40
  -0.27  -0.27   4.23   3.89 -17.60  38.78
  -0.27  -0.27   4.23   3.89 -17.60  38.78
  -0.94   0.43   3.95  -3.06 -13.32  31.12
  -0.94   0.43   3.95  -3.06 -13.32  31.12
  -0.79  -0.23   3.78  -2.59  -1.57  31.71
  -0.79  -0.23   3.78  -2.59  -1.57  31.71
  -1.14  -0.55   4.46  -2.66 -14.21  31.76
  -1.14  -0.55   4.46  -2.66 -14.21  31.76
   0.69   0.20   3.64   2.70 -28.43  26.24
   0.69   0.20   3.64   2.70 -28.43  26.24
  -0.84  -0.09   4.56  -3.35  -9.67  37.58
  -0.84  -0.09   4.56  -3.35  -9.67  37.58
  -0.20  -0.35   4.17  -0.64  -0.47  36.35
  -0.20  -0.35   4.17  -0.64  -0.47  36.35
  -0.52  -0.01   3.41   1.31  -6.29  33.24
  -0.52  -0.01   3.41   1.31  -6.29  33.24
  -0.11  -0.02   3.98  -2.74 -12.43  39.07
  -0.11  -0.02   3.98  -2.74 -12.43  39.07
  -0.17   0.22   3.79   1.69   4.75  35.90
  -0.17   0.22   3.79   1.69   4.75  35.90
  -0.74  -0.33   4.05  -1.54 -19.23  33.51
  -0.74  -0.33   4.05  -1.54 -19.23  33.51
  -0.43  -0.37   3.67   2.08  -4.11  33.67
  -0.43  -0.37   3.67   2.08  -4.11  33.67
  -1.27  -0.33   3.05   1.10   9.70  27.74
  -1.27  -0.33   3.05   1.10   9.70  27.74
  -0.31  -0.41   3.61  -3.34  -7.13  33.62
  -0.31  -0.41   3.61  -3.34  -7.13  33.62
  -0.57   0.05   3.22  -0.44   7.41  27.40
  -0.57   0.05   3.22  -0.44   7.41  27.40
  -0.68  -0.20   3.48  -0.13  14.55  35.19
  -0.68  -0.20   3.48  -0.13  14.55  35.19
  -0.55  -0.13   3.76  -4.72   4.97  39.16
  -0.55  -0.13   3.76  -4.72   4.97  39.16
  -0.73  -0.36   3.67   0.96   0.72  35.87
  -0.73  -0.36   3.67   0.96   0.72  35.87
  -0.63  -0.54   3.67  -3.82   5.75  38.40
  -0.63  -0.54   3.67  -3.82   5.75  38.40
  -0.14  -0.36   3.24  -2.70  13.38  35.20
  -0.14  -0.36   3.24  -2.70  13.38  35.20
  -0.24  -0.23   2.60   0.35  33.19  24.28
  -0.24  -0.23   2.60   0.35  33.19  24.28
  -1.73  -0.05   3.26  -0.46  -4.21  28.98
  -1.73  -0.05   3.26  -0.46  -4.21  28.98
  -0.91  -0.45   3.35   0.34   8.87  34.90
  -0.91  -0.45   3.35   0.34   8.87  34.90
  -0.23  -0.19   3.83   0.19  -0.71  37.91
  -0.23  -0.19   3.83   0.19  -0.71  37.91
  -0.89  -0.34   3.16  -2.30   8.25  28.83
  -0.89  -0.34   3.16  -2.30   8.25  28.83
   0.07   0.07   4.23  -2.13 -15.17  43.02
   0.07   0.07   4.23  -2.13 -15.17  43.02
  -0.73  -0.01   4.00  -5.58 -14.97  39.04
  -0.73  -0.01   4.00  -5.58 -14.97  39.04
  -0.32   0.02   3.56   4.05  -1.53  35.68
  -0.32   0.02   3.56   4.05  -1.53  35.68
  -1.16  -0.20   2.95   2.78  25.07  19.18
  -1.16  -0.20   2.95   2.78  25.07  19.18
  -0.71  -0.76   2.88  -0.51  25.32  27.75
  -0.71  -0.76   2.88  -0.51  25.32  27.75
  -0.91   0.30   2.94   0.17  16.92  25.92
  -0.91   0.30   2.94   0.17  16.92  25.92
  -0.33  -0.49   3.80  -1.68  -1.55  38.37
  -0.33  -0.49   3.80  -1.68  -1.55  38.37
  -1.00  -0.93   3.17   0.61  13.20  33.13
  -1.00  -0.93   3.17   0.61  13.20  33.13
  -0.65  -0.39   2.92   0.25  30.66  26.22
  -0.65  -0.39   2.92   0.25  30.66  26.22
  -0.52  -0.23   3.85  -2.00   7.50  38.68
  -0.52  -0.23   3.85  -2.00   7.50  38.68
  -0.47  -0.27   3.16   0.41  13.08  31.16
  -0.47  -0.27   3.16   0.41  13.08  31.16
  -1.13  -0.15   4.17  -4.14  -4.13  37.71
  -1.13  -0.15   4.17  -4.14  -4.13  37.71
  -0.83  -0.14   2.72  -0.26  22.36  28.28
  -0.83  -0.14   2.72  -0.26  22.36  28.28
  -0.75  -0.10   2.34   4.47  25.07  25.56
  -0.75  -0.10   2.34   4.47  25.07  25.56
  -0.85  -0.17   2.78   0.37  22.64  25.67
  -0.85  -0.17   2.78   0.37  22.64  25.67
  -0.63  -0.59   3.02  -0.28  18.13  29.08
  -0.63  -0.59   3.02  -0.28  18.13  29.08
  -0.45  -0.30   3.85   0.60  -2.93  35.91
  -0.45  -0.30   3.85   0.60  -2.93  35.91
  -0.66  -0.15   2.65  -0.86  15.67  31.99
  -0.66  -0.15   2.65  -0.86  15.67  31.99
  -1.11  -0.25   4.55  -4.34 -11.51  29.22
  -1.11  -0.25   4.55  -4.34 -11.51  29.22
  -0.65  -0.28   3.52  -4.06   8.32  32.63
  -0.65  -0.28   3.52  -4.06   8.32  32.63
  -0.03  -0.35   3.36  -3.68  18.26  34.53
  -0.03  -0.35   3.36  -3.68  18.26  34.53
  -0.90  -0.13   3.10   2.23  26.51  26.45
  -0.90  -0.13   3.10   2.23  26.51  26.45
  -0.18   0.07   4.54  -1.77 -23.10  42.50
  -0.18   0.07   4.54  -1.77 -23.10  42.50
  -0.41  -0.45   2.58  -0.19  26.86  26.85
  -0.41  -0.45   2.58  -0.19  26.86  26.85
  -0.71  -0.36   3.01   0.43  21.24  28.92
  -0.71  -0.36   3.01   0.43  21.24  28.92
  -0.68  -0.43   3.06  -2.60  15.66  33.95
  -0.68  -0.43   3.06  -2.60  15.66  33.95
  -0.51  -0.20   3.30   0.11   0.58  33.02
  -0.51  -0.20   3.30   0.11   0.58  33.02
  -1.24  -0.07   3.60  -3.99   4.40  31.77
  -1.24  -0.07   3.60  -3.99   4.40  31.77
  -0.97  -0.45   3.48  -0.51  13.45  33.32
  -0.97  -0.45   3.48  -0.51  13.45  33.32
  -0.22  -0.16   3.10   2.22   9.16  35.87
  -0.22  -0.16   3.10   2.22   9.16  35.87
  -0.13  -0.40   3.97  -1.09 -21.03  35.55
  -0.13  -0.40   3.97  -1.09 -21.03  35.55
  -0.62  -0.22   3.51  -3.28   3.83  32.08
  -0.62  -0.22   3.51  -3.28   3.83  32.08
  -0.43  -0.35   3.93   1.60 -12.19  35.97
  -0.43  -0.35   3.93   1.60 -12.19  35.97
  -0.74   0.15   3.64  -2.21  -2.30  38.41
  -0.74   0.15   3.64  -2.21  -2.30  38.41
  -0.79   0.02   4.18  -4.88  -6.85  41.04
  -0.79   0.02   4.18  -4.88  -6.85  41.04
  -0.31  -0.26   3.37   0.71  -8.31  33.98
  -0.31  -0.26   3.37   0.71  -8.31  33.98
  -0.41  -0.31   2.85  -1.56  14.66  24.89
  -0.41  -0.31   2.85  -1.56  14.66  24.89
  -0.79   0.08   3.98  -3.17 -10.00  40.45
  -0.79   0.08   3.98  -3.17 -10.00  40.45
  -0.52  -0.04   3.44   0.93  -7.30  29.54
  -0.52  -0.04   3.44   0.93  -7.30  29.54
  -0.74   0.17   2.54  -0.80  22.45  26.01
  -0.74   0.17   2.54  -0.80  22.45  26.01
  -0.57  -0.14   3.65  -2.66  10.48  42.89
  -0.57  -0.14   3.65  -2.66  10.48  42.89
  -0.38  -0.49   3.39  -1.05   7.47  26.18
  -0.38  -0.49   3.39  -1.05   7.47  26.18
  -0.90   0.09   3.88  -3.66 -24.75  31.89
  -0.90   0.09   3.88  -3.66 -24.75  31.89
  -0.26   0.12   3.53   0.17   4.36  39.72
  -0.26   0.12   3.53   0.17   4.36  39.72
  -0.13   0.18   4.50  -2.20 -15.78  39.21
  -0.13   0.18   4.50  -2.20 -15.78  39.21
  -0.73   0.01   4.34  -0.28 -17.86  35.97
  -0.73   0.01   4.34  -0.28 -17.86  35.97
  -0.87  -0.05   3.13   1.59  11.21  27.51
  -0.87  -0.05   3.13   1.59  11.21  27.51
  -0.57  -0.07   3.77  -4.91  -8.75  34.52
  -0.57  -0.07   3.77  -4.91  -8.75  34.52
  -0.73  -0.29   3.84  -2.32   0.35  34.73
  -0.73  -0.29   3.84  -2.32   0.35  34.73
  -0.06  -0.50   3.91   0.49  -2.84  37.72
  -0.06  -0.50   3.91   0.49  -2.84  37.72
  -0.66  -0.17   2.65   0.01  21.84  26.79
  -0.66  -0.17   2.65   0.01  21.84  26.79
  -0.60   0.19   3.43   2.09  -5.28  33.84
  -0.60   0.19   3.43   2.09  -5.28  33.84
  -0.17  -0.30   3.69  -3.35  -0.86  37.35
  -0.17  -0.30   3.69  -3.35  -0.86  37.35
  -0.38  -0.17   4.73  -1.26 -23.90  41.24
  -0.38  -0.17   4.73  -1.26 -23.90  41.24
  -0.26   0.11   2.61  -3.56  24.30  25.49
  -0.26   0.11   2.61  -3.56  24.30  25.49
  -0.72  -0.66   3.38  -0.84  12.63  32.25
  -0.72  -0.66   3.38  -0.84  12.63  32.25
  -0.73  -0.86   4.12  -0.19  -6.38  31.36
  -0.73  -0.86   4.12  -0.19  -6.38  31.36
  -0.38  -0.39   3.87  -1.40   1.22  38.21
  -0.38  -0.39   3.87  -1.40   1.22  38.21
  -0.01  -0.05   4.06  -1.59 -12.06  37.02
  -0.01  -0.05   4.06  -1.59 -12.06  37.02
   0.07  -0.23   4.31  -1.34 -14.88  37.78
   0.07  -0.23   4.31  -1.34 -14.88  37.78
  -1.18  -0.12   3.90  -0.85   0.39  39.07
  -1.18  -0.12   3.90  -0.85   0.39  39.07
  -0.19  -0.36   2.99  -4.57  24.70  27.83
  -0.19  -0.36   2.99  -4.57  24.70  27.83
  -0.90   0.29   2.70   0.99  20.35  25.21
  -0.90   0.29   2.70   0.99  20.35  25.21
