  -0.02   0.29   3.09  -0.84   0.80  39.23
  -0.02   0.29   3.09  -0.84   0.80  39.23
  -1.10   0.16   2.71   0.17  17.19  38.46
  -1.10   0.16   2.71   0.17  17.19  38.46
  -0.50   0.37   2.97   0.16  26.25  37.38
  -0.50   0.37   2.97   0.16  26.25  37.38
  -0.38   0.38   3.17  -3.36   6.76  38.12
  -0.38   0.38   3.17  -3.36   6.76  38.12
  -0.73  -0.08   1.83  -0.39  37.75  25.40
  -0.73  -0.08   1.83  -0.39  37.75  25.40
  -0.77   0.61   3.10  -2.08   5.69  36.74
  -0.77   0.61   3.10  -2.08   5.69  36.74
  -1.14   0.12   3.35  -3.16   1.46  40.12
  -1.14   0.12   3.35  -3.16   1.46  40.12
  -0.76   0.39   2.46   3.01  39.95  25.13
  -0.76   0.39   2.46   3.01  39.95  25.13
  -0.64   0.51   3.00  -2.74  17.66  37.47
  -0.64   0.51   3.00  -2.74  17.66  37.47
  -0.24   0.23   2.99  -0.66  13.91  36.25
  -0.24   0.23   2.99  -0.66  13.91  36.25
  -1.18   0.81   3.21  -5.20   1.45  38.02
  -1.18   0.81   3.21  -5.20   1.45  38.02
  -1.10  -0.23   3.13  -2.53   7.92  32.72
  -1.10  -0.23   3.13  -2.53   7.92  32.72
  -0.52   0.27   3.29  -5.06  -0.41  41.93
  -0.52   0.27   3.29  -5.06  -0.41  41.93
  -0.62   0.56   3.04  -2.04  15.15  40.33
  -0.62   0.56   3.04  -2.04  15.15  40.33
  -0.86   0.05   3.24  -3.60   4.25  34.97
  -0.86   0.05   3.24  -3.60   4.25  34.97
  -0.65  -0.04   3.64  -4.87   5.07  44.51
  -0.65  -0.04   3.64  -4.87   5.07  44.51
  -0.83   0.38   2.81   2.71  28.25  29.36
  -0.83   0.38   2.81   2.71  28.25  29.36
  -0.99   0.39   3.01  -2.53   9.87  39.09
  -0.99   0.39   3.01  -2.53   9.87  39.09
  -0.43   0.06   2.59  -3.16  16.21  32.07
  -0.43   0.06   2.59  -3.16  16.21  32.07
  -0.68   0.53   2.72  -0.21   5.80  32.86
  -0.68   0.53   2.72  -0.21   5.80  32.86
  -0.78   0.85   2.84  -1.14   2.49  37.58
  -0.78   0.85   2.84  -1.14   2.49  37.58
  -0.75   0.38   2.98  -1.83   4.72  33.92
  -0.75   0.38   2.98  -1.83   4.72  33.92
  -0.83   0.30   2.91  -0.30  18.75  36.57
  -0.83   0.30   2.91  -0.30  18.75  36.57
  -1.18   0.12   2.78  -1.54   7.25  34.84
  -1.18   0.12   2.78  -1.54   7.25  34.84
  -0.45  -0.10   2.41  -2.23  39.90  29.42
  -0.45  -0.10   2.41  -2.23  39.90  29.42
  -0.93   0.57   3.17  -1.21   9.10  39.92
  -0.93   0.57   3.17  -1.21   9.10  39.92
  -1.47   0.07   3.32   0.66  -3.31  32.17
  -1.47   0.07   3.32   0.66  -3.31  32.17
  -0.84   0.29   2.90  -1.79  18.28  30.67
  -0.84   0.29   2.90  -1.79  18.28  30.67
  -1.23   0.56   2.98   0.36   4.00  34.33
  -1.23   0.56   2.98   0.36   4.00  34.33
  -0.49   0.44   2.95  -2.70   6.15  41.15
  -0.49   0.44   2.95  -2.70   6.15  41.15
  -0.92   0.21   2.89  -2.74   9.11  35.59
  -0.92   0.21   2.89  -2.74   9.11  35.59
  -1.71   0.50   2.81  -2.31  -4.83  38.37
  -1.71   0.50   2.81  -2.31  -4.83  38.37
  -0.86   0.38   2.63   1.97  22.84  35.37
  -0.86   0.38   2.63   1.97  22.84  35.37
  -1.06   0.53   3.43   1.09 -11.22  35.76
  -1.06   0.53   3.43   1.09 -11.22  35.76
  -0.78   0.62   3.18  -1.59   5.74  34.84
  -0.78   0.62   3.18  -1.59   5.74  34.84
  -0.44   0.27   2.94  -4.33  14.97  34.61
  -0.44   0.27   2.94  -4.33  14.97  34.61
  -0.58   0.05   3.22  -2.16   6.01  35.63
  -0.58   0.05   3.22  -2.16   6.01  35.63
  -0.33   0.33   2.84  -1.79   6.94  38.54
  -0.33   0.33   2.84  -1.79   6.94  38.54
  -1.01   0.36   2.83  -1.16   6.18  35.03
  -1.01   0.36   2.83  -1.16   6.18  35.03
  -0.79   0.10   2.85   1.50   5.62  38.53
  -0.79   0.10   2.85   1.50   5.62  38.53
  -0.97   0.32   3.46  -1.07  -3.05  36.20
  -0.97   0.32   3.46  -1.07  -3.05  36.20
  -1.10   0.12   2.54   0.68  28.82  32.91
  -1.10   0.12   2.54   0.68  28.82  32.91
  -0.88   0.51   2.93  -2.21   8.75  36.18
  -0.88   0.51   2.93  -2.21   8.75  36.18
  -0.64   0.38   3.26  -1.24   5.25  36.40
  -0.64   0.38   3.26  -1.24   5.25  36.40
  -1.52   0.44   3.24  -3.11   2.71  37.48
  -1.52   0.44   3.24  -3.11   2.71  37.48
  -0.60   0.05   3.04   0.30   6.33  29.10
  -0.60   0.05   3.04   0.30   6.33  29.10
   0.01  -0.11   3.16  -3.09   3.43  36.30
   0.01  -0.11   3.16  -3.09   3.43  36.30
  -0.60   0.17   3.01  -4.21   5.62  41.44
  -0.60   0.17   3.01  -4.21   5.62  41.44
  -0.38  -0.09   3.21   0.95  10.98  41.13
  -0.38  -0.09   3.21   0.95  10.98  41.13
  -1.09   0.46   3.30  -2.70   1.00  42.11
  -1.09   0.46   3.30  -2.70   1.00  42.11
  -0.28   0.03   3.05   1.23  21.25  36.46
  -0.28   0.03   3.05   1.23  21.25  36.46
  -1.04   0.52   2.66   1.87  22.06  30.77
  -1.04   0.52   2.66   1.87  22.06  30.77
  -0.75  -0.32   2.74  -0.84  19.00  33.74
  -0.75  -0.32   2.74  -0.84  19.00  33.74
  -1.02   0.41   3.72  -0.81 -25.82  42.52
  -1.02   0.41   3.72  -0.81 -25.82  42.52
  -0.98   0.45   3.94  -4.43  -2.91  40.04
  -0.98   0.45   3.94  -4.43  -2.91  40.04
  -0.44   0.40   3.09  -5.08  12.02  36.21
  -0.44   0.40   3.09  -5.08  12.02  36.21
  -0.55   0.45   3.05  -1.71  13.63  36.71
  -0.55   0.45   3.05  -1.71  13.63  36.71
  -0.71   0.66   3.06  -1.25   1.52  35.93
  -0.71   0.66   3.06  -1.25   1.52  35.93
  -1.05   0.19   3.05  -0.93  19.00  34.71
  -1.05   0.19   3.05  -0.93  19.00  34.71
  -0.49   0.46   3.20  -2.26   0.94  39.19
  -0.49   0.46   3.20  -2.26   0.94  39.19
  -1.03   0.53   2.89  -1.42  12.65  36.91
  -1.03   0.53   2.89  -1.42  12.65  36.91
  -1.53   1.15   3.23   0.73  -5.96  36.44
  -1.53   1.15   3.23   0.73  -5.96  36.44
  -0.65   0.59   2.84  -3.17  -5.19  34.67
  -0.65   0.59   2.84  -3.17  -5.19  34.67
  -1.20   0.60   3.07  -1.73   7.95  36.27
  -1.20   0.60   3.07  -1.73   7.95  36.27
  -0.54   0.59   2.50  -2.47   7.72  37.21
  -0.54   0.59   2.50  -2.47   7.72  37.21
  -0.94   0.15   2.87  -2.05   4.20  34.81
  -0.94   0.15   2.87  -2.05   4.20  34.81
  -1.21   0.44   3.13  -1.55   4.02  34.88
  -1.21   0.44   3.13  -1.55   4.02  34.88
  -1.32   0.23   2.94  -0.79  16.19  44.20
  -1.32   0.23   2.94  -0.79  16.19  44.20
  -1.12   0.54   2.82  -3.81  13.07  36.83
  -1.12   0.54   2.82  -3.81  13.07  36.83
  -1.57   0.59   2.98   0.44  -2.72  33.01
  -1.57   0.59   2.98   0.44  -2.72  33.01
  -0.32   0.83   2.50  -1.64  18.62  29.55
  -0.32   0.83   2.50  -1.64  18.62  29.55
  -1.13   0.10   2.72  -2.00  12.95  32.26
  -1.13   0.10   2.72  -2.00  12.95  32.26
  -0.81   0.38   3.41  -1.97   2.23  36.48
  -0.81   0.38   3.41  -1.97   2.23  36.48
  -0.84   0.47   2.98  -2.64  10.70  37.58
  -0.84   0.47   2.98  -2.64  10.70  37.58
  -0.42   0.24   2.45  -0.86  27.13  35.25
  -0.42   0.24   2.45  -0.86  27.13  35.25
  -0.72   0.15   3.02  -3.22   0.11  32.18
  -0.72   0.15   3.02  -3.22   0.11  32.18
  -0.40   0.33   3.15  -1.30   3.05  41.81
  -0.40   0.33   3.15  -1.30   3.05  41.81
  -0.63   0.19   2.98  -2.60   3.19  35.95
  -0.63   0.19   2.98  -2.60   3.19  35.95
  -0.41   0.33   3.04  -2.91  -1.10  35.29
  -0.41   0.33   3.04  -2.91  -1.10  35.29
  -0.86   0.50   3.24   0.34  14.51  40.95
  -0.86   0.50   3.24   0.34  14.51  40.95
  -1.05   0.09   2.62  -2.68  18.85  31.10
  -1.05   0.09   2.62  -2.68  18.85  31.10
  -0.62   0.16   3.45  -1.44   0.56  38.51
  -0.62   0.16   3.45  -1.44   0.56  38.51
  -1.24  -0.18   3.15  -1.02  17.32  35.15
  -1.24  -0.18   3.15  -1.02  17.32  35.15
  -1.26   0.03   2.74  -0.98  23.39  31.14
  -1.26   0.03   2.74  -0.98  23.39  31.14
  -0.58   0.26   3.09  -1.94  -1.45  34.54
  -0.58   0.26   3.09  -1.94  -1.45  34.54
  -0.33   0.27   2.88  -2.01  21.57  34.61
  -0.33   0.27   2.88  -2.01  21.57  34.61
  -0.92   0.34   2.70   0.80   3.55  32.93
  -0.92   0.34   2.70   0.80   3.55  32.93
  -1.76   0.26   2.51  -2.24  21.86  29.56
  -1.76   0.26   2.51  -2.24  21.86  29.56
  -0.12   0.59   2.81   0.71  15.47  39.45
  -0.12   0.59   2.81   0.71  15.47  39.45
  -1.71   0.73   3.85  -4.17 -15.21  38.89
  -1.71   0.73   3.85  -4.17 -15.21  38.89
  -0.70   0.60   2.54  -2.42   5.96  30.04
  -0.70   0.60   2.54  -2.42   5.96  30.04
  -0.51   0.13   3.20  -0.74   4.76  38.39
  -0.51   0.13   3.20  -0.74   4.76  38.39
  -0.77   0.26   2.34   0.90  32.09  30.64
  -0.77   0.26   2.34   0.90  32.09  30.64
  -0.95  -0.03   3.04   2.00  18.26  37.39
  -0.95  -0.03   3.04   2.00  18.26  37.39
  -0.13  -0.12   2.31  -0.06  30.85  28.04
  -0.13  -0.12   2.31  -0.06  30.85  28.04
  -1.26   0.19   3.51   0.24   1.12  42.77
  -1.26   0.19   3.51   0.24   1.12  42.77
  -0.91  -0.23   2.50  -0.85  30.59  28.43
  -0.91  -0.23   2.50  -0.85  30.59  28.43
  -0.62  -0.05   2.86   1.52   9.12  32.61
  -0.62  -0.05   2.86   1.52   9.12  32.61
  -0.31  -0.12   3.07  -1.43  24.98  35.36
  -0.31  -0.12   3.07  -1.43  24.98  35.36
  -1.05   0.34   2.87  -1.02   8.23  32.52
  -1.05   0.34   2.87  -1.02   8.23  32.52
  -1.10  -0.20   2.48   0.63  26.05  30.41
  -1.10  -0.20   2.48   0.63  26.05  30.41
