1	5.16
2	8.47
3	6.45
4	9.35
5	5.97
6	5.95
7	6.13
8	8.05
9	7.01
10	7.09
11	6.58
12	6.20
13	5.72
14	7.66
15	5.53
16	3.61
17	3.88
18	6.90
19	6.25
20	8.13
21	7.41
22	6.01
23	5.06
24	5.45
25	7.01
26	5.35
27	7.07
28	5.40
29	4.78
30	3.99
31	5.17
32	6.70
33	4.29
34	4.24
35	5.47
36	6.48
37	6.13
38	3.72
39	6.86
40	7.01
41	6.50
42	5.74
43	7.64
44	6.41
45	5.65
46	6.05
47	4.19
48	3.85
49	6.26
50	6.17
51	6.62
52	4.59
53	5.95
54	6.36
55	5.71
56	7.02
57	6.10
58	3.55
59	4.49
60	4.55
61	6.44
62	5.37
63	5.78
64	7.33
65	5.30
66	5.37
67	7.18
68	5.30
69	6.20
70	6.28
71	7.70
72	8.40
73	6.68
74	7.65
75	6.71
76	5.48
77	4.91
78	7.84
79	5.03
80	7.13
81	9.30
82	5.95
83	6.98
84	6.02
85	7.12
86	5.71
87	6.19
88	9.00
89	6.09
90	6.22
91	5.93
92	6.83
93	6.41
94	6.25
95	7.89
96	7.40
97	7.26
98	5.88
99	5.89
100	3.94
101	7.04
