1 0.09
2 0.09
3 0.02
4 0.02
5 -0.16
6 -0.16
7 -0.06
8 -0.06
9 -0.30
10 -0.30
11 -0.40
12 -0.40
13 0.25
14 0.25
15 -0.17
16 -0.17
17 -0.22
18 -0.22
19 -0.07
20 -0.07
21 0.27
22 0.27
23 0.53
24 0.53
25 0.47
26 0.47
27 0.23
28 0.23
29 -0.50
30 -0.50
31 -0.10
32 -0.10
33 -0.06
34 -0.06
35 0.17
36 0.17
37 0.18
38 0.18
39 0.36
40 0.36
41 -0.01
42 -0.01
43 0.23
44 0.23
45 0.20
46 0.20
47 0.20
48 0.20
49 -0.08
50 -0.08
51 0.10
52 0.10
53 -0.52
54 -0.52
55 -0.51
56 -0.51
57 0.14
58 0.14
59 -0.20
60 -0.20
61 -0.40
62 -0.40
63 -0.02
64 -0.02
65 -0.02
66 -0.02
67 0.00
68 0.00
69 -0.30
70 -0.30
71 0.58
72 0.58
73 -0.14
74 -0.14
75 -0.14
76 -0.14
77 0.02
78 0.02
79 -0.10
80 -0.10
81 0.10
82 0.10
83 0.20
84 0.20
85 0.38
86 0.38
87 -0.62
88 -0.62
89 -0.45
90 -0.45
91 0.08
92 0.08
93 0.04
94 0.04
95 -0.32
96 -0.32
97 -0.64
98 -0.64
99 -0.37
100 -0.37
101 -0.10
102 -0.10
