1 1.02
2 1.02
3 -3.14
4 -3.14
5 0.19
6 0.19
7 1.73
8 1.73
9 0.31
10 0.31
11 2.00
12 2.00
13 1.77
14 1.77
15 3.58
16 3.58
17 1.06
18 1.06
19 0.03
20 0.03
21 3.02
22 3.02
23 -1.35
24 -1.35
25 1.85
26 1.85
27 0.44
28 0.44
29 0.57
30 0.57
31 2.39
32 2.39
33 1.01
34 1.01
35 2.54
36 2.54
37 -1.91
38 -1.91
39 0.21
40 0.21
41 1.51
42 1.51
43 1.97
44 1.97
45 2.01
46 2.01
47 0.26
48 0.26
49 -0.96
50 -0.96
51 3.21
52 3.21
53 -0.80
54 -0.80
55 -0.82
56 -0.82
57 2.25
58 2.25
59 -0.51
60 -0.51
61 1.42
62 1.42
63 0.93
64 0.93
65 2.58
66 2.58
67 2.11
68 2.11
69 2.32
70 2.32
71 -0.28
72 -0.28
73 0.00
74 0.00
75 1.29
76 1.29
77 3.63
78 3.63
79 0.48
80 0.48
81 0.23
82 0.23
83 1.41
84 1.41
85 3.98
86 3.98
87 1.95
88 1.95
89 -1.02
90 -1.02
91 4.10
92 4.10
93 1.36
94 1.36
95 -4.23
96 -4.23
97 -1.90
98 -1.90
99 4.30
100 4.30
101 -0.06
102 -0.06
