1 0.20
2 0.20
3 0.54
4 0.54
5 -1.24
6 -1.24
7 -1.15
8 -1.15
9 -0.30
10 -0.30
11 -0.18
12 -0.18
13 0.99
14 0.99
15 2.74
16 2.74
17 -0.04
18 -0.04
19 -2.29
20 -2.29
21 1.87
22 1.87
23 -2.49
24 -2.49
25 1.25
26 1.25
27 -0.34
28 -0.34
29 -0.57
30 -0.57
31 -0.49
32 -0.49
33 2.33
34 2.33
35 0.72
36 0.72
37 -1.11
38 -1.11
39 1.18
40 1.18
41 -0.67
42 -0.67
43 0.52
44 0.52
45 -0.85
46 -0.85
47 -1.93
48 -1.93
49 0.64
50 0.64
51 1.28
52 1.28
53 1.35
54 1.35
55 0.21
56 0.21
57 -1.23
58 -1.23
59 1.34
60 1.34
61 1.66
62 1.66
63 0.23
64 0.23
65 2.75
66 2.75
67 -4.90
68 -4.90
69 -2.49
70 -2.49
71 -2.55
72 -2.55
73 -0.94
74 -0.94
75 0.93
76 0.93
77 -0.88
78 -0.88
79 2.65
80 2.65
81 0.19
82 0.19
83 0.22
84 0.22
85 1.12
86 1.12
87 2.51
88 2.51
89 -0.24
90 -0.24
91 -0.81
92 -0.81
93 2.02
94 2.02
95 1.69
96 1.69
97 0.36
98 0.36
99 0.36
100 0.36
101 1.85
102 1.85
103 2.94
104 2.94
105 0.07
106 0.07
107 -0.66
108 -0.66
109 -3.74
110 -3.74
111 -0.52
112 -0.52
113 2.65
114 2.65
115 -0.34
116 -0.34
117 0.10
118 0.10
119 -1.33
120 -1.33
121 -3.46
122 -3.46
123 3.38
124 3.38
125 -0.15
126 -0.15
127 4.23
128 4.23
129 -2.07
130 -2.07
131 -0.08
132 -0.08
133 -0.43
134 -0.43
135 -2.47
136 -2.47
137 -0.86
138 -0.86
139 -2.35
140 -2.35
141 1.59
142 1.59
143 0.36
144 0.36
145 0.48
146 0.48
147 0.26
148 0.26
149 -0.34
150 -0.34
151 2.71
152 2.71
153 -0.69
154 -0.69
155 3.15
156 3.15
157 1.17
158 1.17
159 1.06
160 1.06
161 0.21
162 0.21
163 -0.82
164 -0.82
165 0.22
166 0.22
167 1.55
168 1.55
169 -0.26
170 -0.26
171 1.28
172 1.28
173 -2.60
174 -2.60
175 1.34
176 1.34
177 -0.66
178 -0.66
179 1.48
180 1.48
181 0.57
182 0.57
183 0.35
184 0.35
185 2.87
186 2.87
187 -0.38
188 -0.38
189 1.62
190 1.62
191 -0.27
192 -0.27
193 0.50
194 0.50
195 -0.96
196 -0.96
197 0.25
198 0.25
199 -0.94
200 -0.94
201 0.88
202 0.88
