1 -4.60
2 -4.60
3 -3.85
4 -3.85
5 -4.42
6 -4.42
7 -1.20
8 -1.20
9 -0.03
10 -0.03
11 -0.40
12 -0.40
13 -3.62
14 -3.62
15 -4.46
16 -4.46
17 0.43
18 0.43
19 -0.67
20 -0.67
21 -2.88
22 -2.88
23 1.05
24 1.05
25 -1.58
26 -1.58
27 -7.09
28 -7.09
29 2.11
30 2.11
31 -2.87
32 -2.87
33 -3.05
34 -3.05
35 0.95
36 0.95
37 -1.69
38 -1.69
39 -1.73
40 -1.73
41 -5.46
42 -5.46
43 3.96
44 3.96
45 1.35
46 1.35
47 0.31
48 0.31
49 0.15
50 0.15
51 -0.93
52 -0.93
53 2.32
54 2.32
55 2.88
56 2.88
57 -2.14
58 -2.14
59 -3.59
60 -3.59
61 -5.24
62 -5.24
63 -0.97
64 -0.97
65 -2.22
66 -2.22
67 0.40
68 0.40
69 5.59
70 5.59
71 -2.19
72 -2.19
73 1.17
74 1.17
75 -0.19
76 -0.19
77 -1.01
78 -1.01
79 -5.36
80 -5.36
81 -2.98
82 -2.98
83 -5.11
84 -5.11
85 -3.42
86 -3.42
87 0.26
88 0.26
89 5.23
90 5.23
91 6.16
92 6.16
93 -4.71
94 -4.71
95 -1.86
96 -1.86
97 -1.99
98 -1.99
99 2.31
100 2.31
101 4.07
102 4.07
