1 -0.40
2 -0.40
3 -0.19
4 -0.19
5 -0.22
6 -0.22
7 -0.16
8 -0.16
9 -0.33
10 -0.33
11 -0.51
12 -0.51
13 -0.38
14 -0.38
15 -0.45
16 -0.45
17 -0.51
18 -0.51
19 -0.18
20 -0.18
21 -0.54
22 -0.54
23 -0.13
24 -0.13
25 -0.32
26 -0.32
27 -0.16
28 -0.16
29 -0.29
30 -0.29
31 -0.34
32 -0.34
33 -0.29
34 -0.29
35 -0.23
36 -0.23
37 -0.22
38 -0.22
39 -0.51
40 -0.51
41 -0.41
42 -0.41
43 -0.39
44 -0.39
45 -0.02
46 -0.02
47 -0.05
48 -0.05
49 -0.24
50 -0.24
51 -0.14
52 -0.14
53 -0.37
54 -0.37
55 -0.07
56 -0.07
57 0.13
58 0.13
59 -0.08
60 -0.08
61 -0.23
62 -0.23
63 -0.10
64 -0.10
65 -0.45
66 -0.45
67 -0.11
68 -0.11
69 -0.04
70 -0.04
71 -0.12
72 -0.12
73 -0.35
74 -0.35
75 -0.05
76 -0.05
77 -0.53
78 -0.53
79 -0.25
80 -0.25
81 -0.58
82 -0.58
83 -0.41
84 -0.41
85 -0.16
86 -0.16
87 -0.28
88 -0.28
89 -0.15
90 -0.15
91 -0.35
92 -0.35
93 -0.13
94 -0.13
95 -0.30
96 -0.30
97 -0.07
98 -0.07
99 -0.40
100 -0.40
101 -0.40
102 -0.40
