1 0.08
2 0.08
3 1.19
4 1.19
5 -0.31
6 -0.31
7 0.69
8 0.69
9 0.75
10 0.75
11 -1.64
12 -1.64
13 1.50
14 1.50
15 1.29
16 1.29
17 -0.98
18 -0.98
19 0.84
20 0.84
21 1.17
22 1.17
23 1.18
24 1.18
25 0.21
26 0.21
27 2.69
28 2.69
29 -0.03
30 -0.03
31 -0.18
32 -0.18
33 0.93
34 0.93
35 -0.24
36 -0.24
37 1.55
38 1.55
39 -0.39
40 -0.39
41 0.51
42 0.51
43 -0.17
44 -0.17
45 1.44
46 1.44
47 2.27
48 2.27
49 1.97
50 1.97
51 -0.02
52 -0.02
53 0.08
54 0.08
55 2.00
56 2.00
57 3.93
58 3.93
59 0.54
60 0.54
61 1.22
62 1.22
63 0.80
64 0.80
65 -0.54
66 -0.54
67 1.59
68 1.59
69 1.13
70 1.13
71 1.75
72 1.75
73 0.61
74 0.61
75 1.71
76 1.71
77 -0.82
78 -0.82
79 1.28
80 1.28
81 -1.72
82 -1.72
83 0.83
84 0.83
85 0.96
86 0.96
87 1.07
88 1.07
89 1.46
90 1.46
91 -0.47
92 -0.47
93 1.38
94 1.38
95 0.18
96 0.18
97 1.95
98 1.95
99 0.86
100 0.86
101 -0.07
102 -0.07
