1	-29.05
2	-25.77
3	-91.71
4	-39.77
5	-39.49
6	-9.69999999999999
7	-52.91
8	-45.97
9	-102.97
10	-59.62
11	-97.33
12	31.83
13	-19.27
14	65.34
15	112.07
16	-136.43
17	33.45
18	-49.06
19	25.66
20	-52.49
21	102.11
22	27.58
23	37.75
24	65.43
25	13.1
26	66.56
27	-85.23
28	-78.19
29	-44.48
30	-59.55
31	-48.89
32	-13.78
33	35.81
34	73.7
35	12.51
36	-6.92000000000002
37	48.97
38	-81.96
39	-42.39
40	-8.76999999999998
41	-64
42	-60.24
43	-76.68
44	82.25
45	-99.65
46	51.34
47	75.82
48	50.78
49	-72.24
50	-75.01
51	-70.47
