1	152.43
2	150.70
3	151.26
4	150.61
5	155.19
6	153.92
7	150.42
8	153.21
9	147.41
10	150.62
11	152.17
12	146.94
13	151.48
14	145.62
15	152.31
16	155.49
17	152.13
18	149.22
19	150.72
20	152.17
21	152.64
22	150.45
23	154.41
24	152.75
25	155.26
26	154.07
27	150.81
28	155.57
29	146.79
30	151.88
31	152.01
32	153.34
33	151.18
34	152.60
35	148.71
36	149.55
37	150.55
38	152.05
39	153.25
40	149.83
41	150.97
42	149.45
43	150.03
44	148.42
45	148.94
46	151.11
47	152.27
48	152.92
49	153.81
50	147.52
51	152.21
