2	AT   2.60   4.60
3	TA   1.40   4.40
4	TA   5.19   4.70
5	AT   2.92   5.50
6	CG   1.56   2.30
7	AT   3.27   5.40
8	TA   1.73   5.20
9	AT   2.87   5.70
10	CG   1.35   1.80
11	AT   3.02   4.80
12	TA   2.62   4.70
13	AT   2.69   5.20
14	CG   1.22   1.90
15	AT   4.74   4.80
16	GC   2.17   2.40
17	AT   0.92   4.60
18	TA   1.48   4.40
19	TA   4.90   4.50
20	AT   3.39   5.40
21	CG   2.13   1.90
22	AT   2.22   5.00
23	TA   1.06   5.10
24	AT   2.27   6.30
25	CG   1.39   2.00
26	AT   4.08   4.80
27	TA   2.24   5.70
28	AT   1.84   5.00
29	CG   1.63   2.40
