1	308.91
2	294
3	297.35
4	290.89
5	259.51
6	284.83
7	310.37
8	302.07
9	298.56
10	268.92
11	274.78
12	300.51
13	279
14	294.94
15	255.8
16	297.68
17	295.63
18	278.02
19	298.09
20	298.74
21	311.08
22	274.45
23	280.62
24	274.42
25	258.71
26	288.02
27	264.58
28	293.86
29	278.97
30	291.15
31	293.62
32	284.85
33	283.87
34	290.37
35	284.74
36	278.17
37	296.45
38	276.12
39	299.76
40	293.79
41	281.57
42	294.71
43	265.07
44	298.5
45	273.43
46	300.04
47	292.56
48	299.97
49	298.91
50	269.12
51	285.49
52	278.68
53	291.06
54	299.33
55	274.6
56	301.75
57	285.03
58	302.55
59	312.31
60	285.72
61	292.48
62	296.07
63	285.62
64	302.54
65	296.59
66	245.31
67	303.56
68	285.36
69	308
70	258.36
71	310.37
72	277.25
73	292.14
74	277.94
75	300.14
76	270.98
77	290.09
78	308.17
79	300.19
80	293.47
81	277.72
82	287.24
83	299.94
84	255.1
85	271.38
86	293.06
87	283.88
88	269.95
89	288.69
90	314.98
91	285.5
92	285.52
93	277.94
94	286.69
95	295.25
96	304.12
97	292.01
98	265.83
99	266.03
100	298.28
101	262.29
