1	165.89
2	177.77
3	176.31
4	174.77
5	179.04
6	188.01
7	184.98
8	167.23
9	196.64
10	171.70
11	187.31
12	185
13	190.74
14	174.74
15	175.88
16	181.5
17	193.42
18	185.44
19	174.78
20	177.69
21	175.05
22	184.38
23	183.95
24	170.42
25	190.64
26	176.10
27	176.80
28	175.25
29	176.74
30	186.26
31	159.23
32	165.89
33	173.01
34	188.05
35	175.16
36	181.17
37	176.89
38	165.94
39	182.02
40	163.24
41	177.72
42	175.83
43	167.16
44	185.79
45	190.71
46	152.80
47	179.61
48	182.66
49	177.82
50	169.04
51	162.95
52	181.27
53	154.17
54	170.97
55	187.46
56	164.76
57	183.22
58	170.90
59	179.25
60	176.91
61	173.88
62	179.58
63	166.12
64	192.93
65	176.63
66	179.04
67	193.11
68	188.91
69	177.52
70	153.86
71	176.84
72	182.58
73	188.71
74	185.7
75	166.74
76	167.71
77	196.11
78	174.66
79	178.15
80	172.33
81	153.36
82	175.90
83	170.83
84	172.55
85	165.57
86	187.21
87	181.49
88	170.52
89	163.78
90	168.96
91	184.79
92	189.89
93	171.11
94	180.18
95	168.29
96	168.96
97	183.69
98	178.45
99	165.71
100	178.10
101	179.00
