1 4.57
2 4.57
3 -23.78
4 -23.78
5 7.61
6 7.61
7 -5.60
8 -5.60
9 -0.96
10 -0.96
11 -3.56
12 -3.56
13 9.06
14 9.06
15 12.02
16 12.02
17 -27.65
18 -27.65
19 0.52
20 0.52
21 2.03
22 2.03
23 -15.06
24 -15.06
25 -10.68
26 -10.68
27 -20.13
28 -20.13
29 0.00
30 0.00
31 -9.20
32 -9.20
33 -6.36
34 -6.36
35 -12.65
36 -12.65
37 4.41
38 4.41
39 10.11
40 10.11
41 -3.69
42 -3.69
43 15.65
44 15.65
45 -6.38
46 -6.38
47 -9.44
48 -9.44
49 -27.44
50 -27.44
51 -15.10
52 -15.10
53 -18.36
54 -18.36
55 -4.01
56 -4.01
57 5.35
58 5.35
59 -22.05
60 -22.05
61 19.50
62 19.50
63 1.43
64 1.43
65 -14.70
66 -14.70
67 11.43
68 11.43
69 -17.88
70 -17.88
71 17.96
72 17.96
73 -12.06
74 -12.06
75 14.14
76 14.14
77 -16.92
78 -16.92
79 -2.33
80 -2.33
81 18.60
82 18.60
83 7.83
84 7.83
85 3.68
86 3.68
87 21.20
88 21.20
89 -9.78
90 -9.78
91 18.25
92 18.25
93 7.45
94 7.45
95 -12.05
96 -12.05
97 -4.43
98 -4.43
99 21.34
100 21.34
101 -10.70
102 -10.70
