1 1.65
2 1.65
3 -0.42
4 -0.42
5 0.79
6 0.79
7 -0.91
8 -0.91
9 3.68
10 3.68
11 -1.44
12 -1.44
13 -0.45
14 -0.45
15 0.99
16 0.99
17 1.24
18 1.24
19 1.84
20 1.84
21 2.11
22 2.11
23 -1.40
24 -1.40
25 1.42
26 1.42
27 2.80
28 2.80
29 1.40
30 1.40
31 -2.40
32 -2.40
33 1.71
34 1.71
35 3.05
36 3.05
37 1.18
38 1.18
39 -2.33
40 -2.33
41 1.17
42 1.17
43 -0.15
44 -0.15
45 2.17
46 2.17
47 -2.48
48 -2.48
49 0.04
50 0.04
51 1.55
52 1.55
53 2.16
54 2.16
55 1.62
56 1.62
57 0.20
58 0.20
59 0.39
60 0.39
61 3.56
62 3.56
63 1.39
64 1.39
65 -1.42
66 -1.42
67 -0.11
68 -0.11
69 -0.80
70 -0.80
71 -0.02
72 -0.02
73 0.38
74 0.38
75 1.30
76 1.30
77 1.56
78 1.56
79 1.69
80 1.69
81 -1.52
82 -1.52
83 -2.55
84 -2.55
85 0.24
86 0.24
87 0.92
88 0.92
89 1.09
90 1.09
91 0.43
92 0.43
93 -0.48
94 -0.48
95 -3.42
96 -3.42
97 -1.33
98 -1.33
99 1.78
100 1.78
101 0.79
102 0.79
