1	-0.99
2	5.59
3	1.77
4	2.55
5	-1.04
6	-0.57
7	-8.95
8	-2.60
9	-2.45
10	-4.76
11	1.73
12	-1.19
13	-3.74
14	-3.69
15	-2.23
16	2.59
17	-2.15
18	-3.10
19	-0.86
20	-4.30
21	-9.03
22	-0.75
23	-6.32
24	-3.58
25	2.46
26	-9.74
27	-1.62
28	2.04
29	-5.37
30	-1.92
31	-1.35
32	-7.64
33	-5.46
34	-2.74
35	-2.83
36	-1.27
37	2.55
38	0.37
39	1.37
40	-5.01
41	0.51
42	-3.53
43	0.35
44	0.19
45	0.58
46	-2.99
47	1.15
48	-0.19
49	-6.12
50	7.08
51	3.38
52	-7.37
53	2.86
54	-8.91
55	-14.79
56	-1.01
57	-6.61
58	4.21
59	4.99
60	6.02
61	-2.00
62	0.82
63	1.63
64	-1.35
65	1.89
66	-2.75
67	-6.27
68	-7.10
69	-6.48
70	-0.55
71	1.14
72	6.05
73	8.16
74	-6.06
75	0.88
76	0.63
77	5.72
78	-3.63
79	-1.38
80	1.46
81	-0.82
82	7.87
83	1.49
84	2.89
85	-2.93
86	-5.28
87	-3.42
88	-5.61
89	5.95
90	1.79
91	4.27
92	-6.64
93	1.97
94	-5.28
95	-4.73
96	-3.60
97	-4.97
98	0.77
99	-3.00
100	-7.55
101	-5.35
