1	1.66
2	2.12
3	2.12
4	8.33
5	2.21
6	6.13
7	-0.11
8	0.91
9	-8.28
10	11.54
11	4.40
12	10.54
13	2.40
14	1.08
15	4.79
16	15.93
17	-2.22
18	9.50
19	12.40
20	0.55
21	4.58
22	3.55
23	-4.92
24	1.46
25	2.21
26	2.66
27	3.19
28	1.09
29	0.30
30	4.32
31	-1.10
32	0.16
33	10.33
34	7.90
35	9.28
36	6.98
37	4.93
38	3.61
39	7.31
40	7.17
41	-3.71
42	-0.93
43	3.69
44	8.06
45	20.77
46	-4.11
47	-5.82
48	-0.35
49	6.80
50	0.60
51	5.53
52	3.30
53	2.87
54	4.33
55	-0.74
56	3.66
57	8.15
58	-5.87
59	4.70
60	2.21
61	3.95
62	-0.54
63	-4.79
64	1.80
65	1.53
66	-3.87
67	6.58
68	-2.03
69	-2.41
70	3.90
71	3.45
72	4.61
73	9.52
74	6.08
75	8.95
76	0.53
77	-11.16
78	-1.52
79	5.08
80	-0.41
81	-6.55
82	4.66
83	-1.13
84	6.27
85	-7.95
86	2.08
87	-2.53
88	-4.04
89	0.66
90	3.67
91	6.38
92	5.61
93	-2.49
94	-5.02
95	-6.05
96	-3.32
97	0.60
98	6.92
99	9.55
100	0.51
101	-3.32
