1	-11.74
2	-11.71
3	-12.09
4	-11.37
5	-7.23
6	-16.96
7	-7.76
8	-5.31
9	-2.90
10	-14.74
11	-13.23
12	-12.56
13	-5.12
14	-23.78
15	2.15
16	-14.63
17	-8.03
18	-16.92
19	-11.60
20	-3.09
21	-19.93
22	-7.13
23	-8.11
24	-16.18
25	-10.68
26	-13.16
27	-15.54
28	-8.95
29	-11.00
30	-11.97
31	-3.43
32	-13.02
33	-14.25
34	-13.74
35	-16.38
36	-16.43
37	-9.02
38	-18.83
39	-0.84
40	-14.82
41	-12.34
42	-3.76
43	-7.11
44	-10.52
45	-20.48
46	-4.94
47	-11.23
48	-10.40
49	-14.96
50	-15.06
51	-6.47
52	-7.51
53	-13.46
54	-14.29
55	-11.47
56	-17.48
57	-12.43
58	-12.86
59	-18.94
60	-12.65
61	-9.74
62	-8.43
63	-13.52
64	-10.29
65	-14.86
66	-15.66
67	-19.40
68	-4.46
69	-7.59
70	-12.44
71	-8.49
72	-6.21
73	-12.14
74	-2.12
75	-12.04
76	-14.64
77	-4.30
78	-2.66
79	-18.93
80	-6.62
81	-17.43
82	-10.10
83	-11.95
84	-14.88
85	-6.33
86	-12.14
87	-13.83
88	-10.11
89	-2.71
90	-11.81
91	-6.24
92	-8.14
93	-8.00
94	-8.09
95	-13.05
96	-15.64
97	-6.52
98	-20.32
99	-12.45
100	-18.74
101	-12.72
