1	0.23
2	-0.06
3	0.06
4	-0.02
5	0.08
6	0.02
7	0.27
8	0.03
9	0.25
10	-0.04
11	0.15
12	0.11
13	0.14
14	0.14
15	0.06
16	-0.25
17	-0.03
18	-0.01
19	0.06
20	0.35
21	-0.01
22	0.40
23	0.30
24	0.23
25	0.19
26	0.25
27	0.17
28	0.18
29	0.04
30	0.00
31	0.13
32	0.26
33	-0.06
34	0.02
35	0.07
36	0.05
37	0.10
38	0.13
39	0.13
40	0.02
41	0.23
42	0.21
43	0.19
44	-0.01
45	-0.24
46	0.25
47	0.14
48	0.17
49	0.09
50	0.11
51	0.06
52	0.14
53	0.21
54	0.17
55	0.30
56	0.17
57	0.18
58	0.10
59	0.06
60	0.08
61	0.20
62	0.14
63	0.29
64	0.18
65	0.15
66	0.25
67	0.15
68	0.45
69	0.15
70	0.02
71	0.09
72	0.02
73	0.08
74	0.00
75	0.09
76	-0.03
77	0.15
78	0.15
79	0.10
80	0.24
81	0.16
82	0.05
83	0.29
84	0.23
85	0.20
86	0.21
87	0.28
88	0.29
89	0.29
90	0.09
91	0.23
92	0.25
93	-0.30
94	0.18
95	0.12
96	0.16
97	0.13
98	0.18
99	0.08
100	0.26
101	0.21
