1	0.02
2	-0.02
3	0.04
4	-0.04
5	0.03
6	-0.02
7	0.04
8	0.05
9	0.14
10	-0.06
11	0.01
12	-0.07
13	0.02
14	0.03
15	-0.01
16	-0.09
17	0.16
18	-0.07
19	-0.08
20	0.03
21	0.02
22	0.02
23	0.04
24	0.04
25	0.03
26	-0.03
27	-0.02
28	-0.03
29	0.04
30	-0.01
31	0.06
32	0.01
33	-0.05
34	-0.07
35	-0.09
36	-0.01
37	-0.04
38	-0.02
39	-0.05
40	-0.03
41	0.07
42	0.06
43	-0.01
44	-0.09
45	-0.11
46	0.11
47	0.09
48	0.00
49	-0.05
50	0.05
51	-0.01
52	-0.01
53	0.01
54	0.01
55	0.06
56	0.00
57	-0.05
58	0.13
59	0.02
60	0.04
61	-0.02
62	0.14
63	0.15
64	0.00
65	0.02
66	0.08
67	-0.05
68	0.11
69	0.10
70	0.02
71	0.00
72	0.11
73	-0.08
74	0.00
75	-0.08
76	0.04
77	0.32
78	0.05
79	0.02
80	0.05
81	0.12
82	-0.01
83	0.01
84	-0.05
85	0.22
86	0.01
87	0.05
88	0.08
89	0.01
90	-0.02
91	0.01
92	-0.04
93	0.18
94	0.08
95	0.15
96	0.08
97	0.05
98	-0.04
99	-0.06
100	0.02
101	0.08
