1	-9.34
2	-10.93
3	1.22
4	-4.17
5	1.04
6	-5.99
7	-8.64
8	-15.21
9	3.54
10	0.74
11	-12.98
12	1.42
13	0.68
14	-11.12
15	-4.80
16	-3.59
17	-3.35
18	-6.82
19	-6.06
20	-11.01
21	-13.08
22	-5.52
23	2.81
24	-8.82
25	-17.34
26	-8.29
27	-2.24
28	-3.87
29	-2.09
30	-1.63
31	-11.40
32	-11.55
33	-8.78
34	-7.27
35	-19.12
36	-12.97
37	-9.81
38	-1.24
39	-3.66
40	-4.84
41	-13.08
42	-4.87
43	-6.77
44	-8.69
45	-11.39
46	-11.88
47	-10.27
48	-5.68
49	-16.87
50	-4.57
51	-13.70
52	-6.88
53	-12.61
54	-12.67
55	-7.83
56	-11.26
57	-6.66
58	2.17
59	-4.16
60	-9.03
61	-7.47
62	-12.60
63	-9.06
64	-8.36
65	-2.48
66	-9.83
67	-13.96
68	-2.86
69	-3.27
70	-0.14
71	-12.24
72	-5.37
73	2.96
74	-13.17
75	-5.54
76	-5.51
77	-10.66
78	-12.78
79	-8.60
80	3.16
81	-1.63
82	-6.42
83	-0.67
84	-8.60
85	-2.07
86	5.51
87	-3.72
88	-11.45
89	-10.08
90	-12.39
91	-9.00
92	-2.62
93	-5.02
94	-4.21
95	-4.82
96	-9.80
97	-2.27
98	-6.34
99	-5.68
100	4.39
101	-7.67
