1	0.22
2	0.02
3	0.08
4	0.03
5	0.16
6	0.26
7	0.25
8	0.02
9	0.05
10	0.04
11	0.34
12	-0.08
13	0.02
14	0.18
15	0.27
16	-0.01
17	0.05
18	0.40
19	0.11
20	0.24
21	0.39
22	0.29
23	0.15
24	0.05
25	0.45
26	0.17
27	0.03
28	0.44
29	0.13
30	0.05
31	0.30
32	0.02
33	0.03
34	0.06
35	0.52
36	0.25
37	0.22
38	0.09
39	-0.01
40	0.21
41	0.32
42	0.22
43	0.16
44	0.50
45	0.09
46	0.35
47	0.13
48	0.02
49	0.31
50	0.00
51	0.11
52	0.05
53	0.36
54	0.13
55	0.30
56	0.32
57	0.04
58	-0.15
59	0.05
60	0.26
61	-0.08
62	0.24
63	0.24
64	0.03
65	0.16
66	0.29
67	0.22
68	0.08
69	0.11
70	0.17
71	0.18
72	0.38
73	-0.11
74	0.29
75	0.24
76	-0.02
77	0.17
78	0.29
79	0.05
80	-0.02
81	0.19
82	-0.04
83	-0.05
84	0.06
85	0.13
86	-0.03
87	0.26
88	0.15
89	0.17
90	0.45
91	-0.05
92	0.03
93	0.11
94	0.08
95	0.11
96	0.20
97	0.06
98	0.33
99	0.16
100	0.14
101	0.18
