   0.30  -0.42   3.02  -2.41   3.57  33.89
   0.30  -0.42   3.02  -2.41   3.57  33.89
   0.25  -0.40   2.95  -2.28   3.18  34.03
   0.25  -0.40   2.95  -2.28   3.18  34.03
   0.29  -0.42   3.04  -2.19   3.76  33.89
   0.29  -0.42   3.04  -2.19   3.76  33.89
   0.29  -0.39   3.02  -2.45   4.43  34.39
   0.29  -0.39   3.02  -2.45   4.43  34.39
   0.28  -0.38   3.05  -2.35   3.59  34.15
   0.28  -0.38   3.05  -2.35   3.59  34.15
   0.32  -0.42   3.00  -1.29   3.89  33.88
   0.32  -0.42   3.00  -1.29   3.89  33.88
   0.29  -0.39   3.16  -1.92   3.43  34.35
   0.29  -0.39   3.16  -1.92   3.43  34.35
   0.27  -0.41   3.02  -2.33   2.50  34.07
   0.27  -0.41   3.02  -2.33   2.50  34.07
   0.25  -0.40   3.07  -2.31   2.36  34.11
   0.25  -0.40   3.07  -2.31   2.36  34.11
   0.31  -0.41   2.94  -2.17   4.44  33.77
   0.31  -0.41   2.94  -2.17   4.44  33.77
   0.28  -0.38   3.01  -3.09   4.25  34.43
   0.28  -0.38   3.01  -3.09   4.25  34.43
   0.29  -0.39   3.03  -1.74   4.54  34.56
   0.29  -0.39   3.03  -1.74   4.54  34.56
   0.28  -0.41   3.05  -1.96   3.78  33.91
   0.28  -0.41   3.05  -1.96   3.78  33.91
   0.28  -0.41   3.07  -1.56   3.38  33.83
   0.28  -0.41   3.07  -1.56   3.38  33.83
   0.29  -0.38   3.09  -2.06   3.55  34.52
   0.29  -0.38   3.09  -2.06   3.55  34.52
   0.26  -0.43   2.92  -1.55   4.15  33.69
   0.26  -0.43   2.92  -1.55   4.15  33.69
   0.26  -0.44   2.90  -2.03   5.16  33.75
   0.26  -0.44   2.90  -2.03   5.16  33.75
   0.26  -0.38   2.99  -2.17   3.38  34.48
   0.26  -0.38   2.99  -2.17   3.38  34.48
   0.31  -0.38   3.05  -1.63   3.50  34.45
   0.31  -0.38   3.05  -1.63   3.50  34.45
   0.29  -0.34   3.08  -2.66   2.65  34.54
   0.29  -0.34   3.08  -2.66   2.65  34.54
   0.30  -0.40   3.04  -2.39   3.40  33.79
   0.30  -0.40   3.04  -2.39   3.40  33.79
   0.28  -0.42   2.99  -2.25   5.13  33.99
   0.28  -0.42   2.99  -2.25   5.13  33.99
   0.30  -0.41   3.02  -1.98   5.18  34.04
   0.30  -0.41   3.02  -1.98   5.18  34.04
   0.27  -0.43   2.98  -1.98   4.07  33.75
   0.27  -0.43   2.98  -1.98   4.07  33.75
   0.30  -0.40   3.10  -2.26   2.56  34.00
   0.30  -0.40   3.10  -2.26   2.56  34.00
   0.32  -0.44   2.91  -1.13   5.37  34.04
   0.32  -0.44   2.91  -1.13   5.37  34.04
   0.31  -0.44   3.02  -1.88   5.15  33.70
   0.31  -0.44   3.02  -1.88   5.15  33.70
   0.32  -0.39   3.03  -2.02   3.72  34.45
   0.32  -0.39   3.03  -2.02   3.72  34.45
   0.31  -0.43   2.96  -2.13   4.46  33.76
   0.31  -0.43   2.96  -2.13   4.46  33.76
   0.29  -0.43   2.91  -2.62   4.79  33.29
   0.29  -0.43   2.91  -2.62   4.79  33.29
   0.27  -0.41   3.03  -2.46   4.20  34.12
   0.27  -0.41   3.03  -2.46   4.20  34.12
   0.27  -0.40   2.88  -2.76   4.60  33.77
   0.27  -0.40   2.88  -2.76   4.60  33.77
   0.29  -0.46   2.91  -1.98   4.78  33.08
   0.29  -0.46   2.91  -1.98   4.78  33.08
   0.26  -0.40   2.98  -2.11   4.17  34.02
   0.26  -0.40   2.98  -2.11   4.17  34.02
   0.31  -0.39   2.99  -2.44   3.76  34.16
   0.31  -0.39   2.99  -2.44   3.76  34.16
   0.31  -0.36   3.13  -2.10   3.19  34.60
   0.31  -0.36   3.13  -2.10   3.19  34.60
   0.29  -0.40   3.06  -2.63   4.03  34.34
   0.29  -0.40   3.06  -2.63   4.03  34.34
   0.26  -0.42   3.05  -1.88   3.25  33.95
   0.26  -0.42   3.05  -1.88   3.25  33.95
   0.30  -0.40   3.12  -2.28   2.52  34.25
   0.30  -0.40   3.12  -2.28   2.52  34.25
   0.29  -0.39   3.16  -1.99   2.54  34.51
   0.29  -0.39   3.16  -1.99   2.54  34.51
   0.30  -0.40   2.98  -2.66   4.41  34.00
   0.30  -0.40   2.98  -2.66   4.41  34.00
   0.34  -0.38   3.02  -2.43   4.67  34.23
   0.34  -0.38   3.02  -2.43   4.67  34.23
   0.31  -0.41   3.04  -1.75   3.55  33.97
   0.31  -0.41   3.04  -1.75   3.55  33.97
   0.30  -0.42   3.06  -2.80   3.04  33.97
   0.30  -0.42   3.06  -2.80   3.04  33.97
   0.29  -0.40   3.00  -1.99   3.39  34.04
   0.29  -0.40   3.00  -1.99   3.39  34.04
   0.26  -0.40   3.11  -2.30   2.67  34.15
   0.26  -0.40   3.11  -2.30   2.67  34.15
   0.27  -0.39   3.02  -2.56   3.66  33.90
   0.27  -0.39   3.02  -2.56   3.66  33.90
   0.29  -0.40   3.05  -2.28   2.41  34.20
   0.29  -0.40   3.05  -2.28   2.41  34.20
   0.30  -0.42   2.91  -2.31   5.32  33.99
   0.30  -0.42   2.91  -2.31   5.32  33.99
   0.29  -0.40   2.96  -2.00   3.50  33.76
   0.29  -0.40   2.96  -2.00   3.50  33.76
   0.30  -0.40   3.14  -1.50   2.57  34.31
   0.30  -0.40   3.14  -1.50   2.57  34.31
