   0.13  -0.33   3.41  -2.84  -1.08  32.18
   0.13  -0.33   3.41  -2.84  -1.08  32.18
   0.24  -0.65   3.73  -4.68  -8.29  35.35
   0.24  -0.65   3.73  -4.68  -8.29  35.35
   0.63  -0.65   3.59  -1.82  -4.88  33.87
   0.63  -0.65   3.59  -1.82  -4.88  33.87
   1.14  -0.67   3.93  -4.28  -0.27  33.36
   1.14  -0.67   3.93  -4.28  -0.27  33.36
   0.54  -0.88   3.38  -2.52  -2.61  29.35
   0.54  -0.88   3.38  -2.52  -2.61  29.35
   0.08  -0.35   3.20  -1.78   2.32  31.37
   0.08  -0.35   3.20  -1.78   2.32  31.37
   0.69  -0.50   3.95  -3.75 -10.18  32.66
   0.69  -0.50   3.95  -3.75 -10.18  32.66
   0.58  -0.44   4.11  -5.67  -6.56  39.56
   0.58  -0.44   4.11  -5.67  -6.56  39.56
   0.45  -0.43   3.31  -2.90   5.09  30.35
   0.45  -0.43   3.31  -2.90   5.09  30.35
   0.76  -0.95   3.71  -2.97  -4.66  35.61
   0.76  -0.95   3.71  -2.97  -4.66  35.61
   0.54  -1.06   2.83  -0.62  20.13  24.42
   0.54  -1.06   2.83  -0.62  20.13  24.42
   0.99  -0.94   3.19  -2.61  -9.39  33.53
   0.99  -0.94   3.19  -2.61  -9.39  33.53
  -0.18  -0.71   3.31  -2.22   7.04  30.32
  -0.18  -0.71   3.31  -2.22   7.04  30.32
   0.46  -0.83   3.12  -1.14   4.10  30.71
   0.46  -0.83   3.12  -1.14   4.10  30.71
   1.03  -1.00   2.91  -2.18   3.06  27.05
   1.03  -1.00   2.91  -2.18   3.06  27.05
   0.35  -0.63   3.48  -2.83  -3.12  31.89
   0.35  -0.63   3.48  -2.83  -3.12  31.89
   0.41  -0.34   3.84  -3.33 -17.41  35.47
   0.41  -0.34   3.84  -3.33 -17.41  35.47
   0.19  -1.04   3.41  -2.13   2.75  30.11
   0.19  -1.04   3.41  -2.13   2.75  30.11
  -0.02  -0.16   3.85  -3.85  -3.92  34.62
  -0.02  -0.16   3.85  -3.85  -3.92  34.62
   0.51  -0.66   3.60  -1.46  -0.83  31.20
   0.51  -0.66   3.60  -1.46  -0.83  31.20
   0.09  -0.28   3.95  -3.94  -4.20  35.79
   0.09  -0.28   3.95  -3.94  -4.20  35.79
   0.71  -0.77   3.72  -2.45  -2.78  31.54
   0.71  -0.77   3.72  -2.45  -2.78  31.54
   0.75  -0.80   3.87  -1.46 -16.97  35.61
   0.75  -0.80   3.87  -1.46 -16.97  35.61
   0.12  -0.55   3.87   0.07   7.60  31.11
   0.12  -0.55   3.87   0.07   7.60  31.11
   0.66  -0.97   3.70  -2.53  -7.89  27.73
   0.66  -0.97   3.70  -2.53  -7.89  27.73
   0.70  -0.86   3.01   0.15   6.42  28.84
   0.70  -0.86   3.01   0.15   6.42  28.84
   0.40  -0.46   3.51  -1.96   8.18  28.66
   0.40  -0.46   3.51  -1.96   8.18  28.66
  -0.27  -0.60   3.80  -2.59  -6.10  34.33
  -0.27  -0.60   3.80  -2.59  -6.10  34.33
   0.18  -0.47   3.55  -3.12  -8.96  35.03
   0.18  -0.47   3.55  -3.12  -8.96  35.03
   0.80  -0.74   3.36  -0.71   2.46  26.83
   0.80  -0.74   3.36  -0.71   2.46  26.83
   0.56  -0.56   3.46  -0.57   6.17  27.34
   0.56  -0.56   3.46  -0.57   6.17  27.34
   0.74  -0.67   3.55  -3.61  -5.52  34.28
   0.74  -0.67   3.55  -3.61  -5.52  34.28
  -0.17  -0.90   3.50  -1.86  -4.26  28.23
  -0.17  -0.90   3.50  -1.86  -4.26  28.23
   0.68  -0.47   3.44  -2.30  -5.41  30.19
   0.68  -0.47   3.44  -2.30  -5.41  30.19
   0.88  -0.50   3.14  -0.85  13.71  29.72
   0.88  -0.50   3.14  -0.85  13.71  29.72
   0.18  -0.81   3.05  -1.70   8.85  26.77
   0.18  -0.81   3.05  -1.70   8.85  26.77
   1.05  -1.28   3.52  -1.06  -2.07  26.14
   1.05  -1.28   3.52  -1.06  -2.07  26.14
   0.34  -0.90   3.54   0.01   7.85  25.76
   0.34  -0.90   3.54   0.01   7.85  25.76
   0.91  -0.65   3.28   1.71  -3.32  23.37
   0.91  -0.65   3.28   1.71  -3.32  23.37
   1.10  -0.81   3.25  -2.26  -6.79  26.41
   1.10  -0.81   3.25  -2.26  -6.79  26.41
   0.78  -0.21   3.42  -1.38   3.62  29.08
   0.78  -0.21   3.42  -1.38   3.62  29.08
   0.78  -0.84   3.85  -2.58   1.30  35.50
   0.78  -0.84   3.85  -2.58   1.30  35.50
   0.48  -1.16   3.50  -3.14   0.05  28.87
   0.48  -1.16   3.50  -3.14   0.05  28.87
   0.03  -0.75   3.23  -2.25  15.60  28.39
   0.03  -0.75   3.23  -2.25  15.60  28.39
   0.52  -0.83   3.32  -1.44  11.25  28.98
   0.52  -0.83   3.32  -1.44  11.25  28.98
   0.01  -0.71   3.37  -2.92  18.97  30.00
   0.01  -0.71   3.37  -2.92  18.97  30.00
   0.80  -0.51   3.38   0.68  15.43  27.61
   0.80  -0.51   3.38   0.68  15.43  27.61
   0.44  -0.35   3.70  -1.13   2.75  28.23
   0.44  -0.35   3.70  -1.13   2.75  28.23
   0.61  -0.41   3.93  -3.81 -16.96  35.86
   0.61  -0.41   3.93  -3.81 -16.96  35.86
   0.83  -0.82   3.25  -1.34   1.62  27.28
   0.83  -0.82   3.25  -1.34   1.62  27.28
   0.30  -0.59   3.57  -1.32 -12.34  33.35
   0.30  -0.59   3.57  -1.32 -12.34  33.35
