   0.31  -0.65   3.82  -2.55  -8.09  29.75
   0.31  -0.65   3.82  -2.55  -8.09  29.75
   0.43  -0.59   3.81  -1.64  -9.58  30.54
   0.43  -0.59   3.81  -1.64  -9.58  30.54
   0.39  -0.60   3.73  -1.48  -9.48  30.31
   0.39  -0.60   3.73  -1.48  -9.48  30.31
   0.34  -0.60   3.66  -1.47  -7.98  30.13
   0.34  -0.60   3.66  -1.47  -7.98  30.13
   0.48  -0.64   3.56  -1.03  -7.26  29.71
   0.48  -0.64   3.56  -1.03  -7.26  29.71
   0.37  -0.60   3.87  -2.05  -9.20  30.06
   0.37  -0.60   3.87  -2.05  -9.20  30.06
   0.41  -0.61   3.64  -1.67  -9.84  30.19
   0.41  -0.61   3.64  -1.67  -9.84  30.19
   0.37  -0.66   3.68  -2.24  -7.34  29.87
   0.37  -0.66   3.68  -2.24  -7.34  29.87
   0.42  -0.64   3.74  -1.02  -8.41  29.98
   0.42  -0.64   3.74  -1.02  -8.41  29.98
   0.37  -0.66   3.73  -1.89  -7.22  29.56
   0.37  -0.66   3.73  -1.89  -7.22  29.56
   0.55  -0.53   3.56   1.11  -8.31  30.82
   0.55  -0.53   3.56   1.11  -8.31  30.82
   0.35  -0.60   3.90  -2.03 -10.23  30.57
   0.35  -0.60   3.90  -2.03 -10.23  30.57
   0.42  -0.62   3.85  -1.58  -9.88  30.33
   0.42  -0.62   3.85  -1.58  -9.88  30.33
   0.43  -0.58   3.89  -1.03 -11.32  30.71
   0.43  -0.58   3.89  -1.03 -11.32  30.71
   0.47  -0.58   3.78  -1.00  -9.64  30.35
   0.47  -0.58   3.78  -1.00  -9.64  30.35
   0.44  -0.54   3.92  -1.84 -11.49  30.78
   0.44  -0.54   3.92  -1.84 -11.49  30.78
   0.44  -0.67   3.77  -1.74  -8.57  29.76
   0.44  -0.67   3.77  -1.74  -8.57  29.76
   0.49  -0.59   3.72  -0.91  -8.78  30.39
   0.49  -0.59   3.72  -0.91  -8.78  30.39
   0.41  -0.63   3.80  -2.20  -8.78  30.11
   0.41  -0.63   3.80  -2.20  -8.78  30.11
   0.40  -0.61   3.77  -2.12 -10.47  30.12
   0.40  -0.61   3.77  -2.12 -10.47  30.12
   0.37  -0.61   3.96  -1.82 -11.53  30.33
   0.37  -0.61   3.96  -1.82 -11.53  30.33
   0.43  -0.61   3.69  -1.04  -9.18  30.08
   0.43  -0.61   3.69  -1.04  -9.18  30.08
   0.42  -0.60   3.87  -0.79 -10.25  30.55
   0.42  -0.60   3.87  -0.79 -10.25  30.55
   0.35  -0.62   3.78  -0.98  -9.11  30.01
   0.35  -0.62   3.78  -0.98  -9.11  30.01
   0.44  -0.60   3.81  -1.42  -9.13  30.06
   0.44  -0.60   3.81  -1.42  -9.13  30.06
   0.41  -0.63   3.76  -2.30  -8.25  29.62
   0.41  -0.63   3.76  -2.30  -8.25  29.62
   0.45  -0.58   3.83  -1.71 -10.71  30.59
   0.45  -0.58   3.83  -1.71 -10.71  30.59
   0.21  -0.62   3.95  -2.46  -9.98  30.55
   0.21  -0.62   3.95  -2.46  -9.98  30.55
   0.35  -0.59   3.86  -1.79 -10.85  30.42
   0.35  -0.59   3.86  -1.79 -10.85  30.42
   0.43  -0.66   3.59  -1.68  -7.28  29.48
   0.43  -0.66   3.59  -1.68  -7.28  29.48
   0.50  -0.54   3.80  -0.86 -10.96  30.92
   0.50  -0.54   3.80  -0.86 -10.96  30.92
   0.47  -0.59   3.74  -1.75 -10.12  30.00
   0.47  -0.59   3.74  -1.75 -10.12  30.00
   0.43  -0.62   3.99  -0.92 -12.83  30.37
   0.43  -0.62   3.99  -0.92 -12.83  30.37
   0.33  -0.64   3.80  -2.00  -9.34  29.91
   0.33  -0.64   3.80  -2.00  -9.34  29.91
   0.35  -0.63   3.71  -2.50  -8.60  29.71
   0.35  -0.63   3.71  -2.50  -8.60  29.71
   0.39  -0.63   3.75  -2.60  -9.51  29.76
   0.39  -0.63   3.75  -2.60  -9.51  29.76
   0.43  -0.61   3.76  -0.76  -9.82  30.06
   0.43  -0.61   3.76  -0.76  -9.82  30.06
   0.49  -0.57   3.78  -0.21  -9.95  30.63
   0.49  -0.57   3.78  -0.21  -9.95  30.63
   0.33  -0.71   3.70  -2.45  -8.02  29.07
   0.33  -0.71   3.70  -2.45  -8.02  29.07
   0.37  -0.61   3.84  -2.25  -8.55  30.35
   0.37  -0.61   3.84  -2.25  -8.55  30.35
   0.37  -0.64   3.72  -2.15  -9.10  29.99
   0.37  -0.64   3.72  -2.15  -9.10  29.99
   0.40  -0.64   3.59  -0.68  -7.70  29.83
   0.40  -0.64   3.59  -0.68  -7.70  29.83
   0.42  -0.64   3.71  -1.59  -8.91  29.98
   0.42  -0.64   3.71  -1.59  -8.91  29.98
   0.37  -0.66   3.74  -2.00  -7.90  29.57
   0.37  -0.66   3.74  -2.00  -7.90  29.57
   0.39  -0.63   3.84  -1.62 -10.41  30.17
   0.39  -0.63   3.84  -1.62 -10.41  30.17
   0.39  -0.63   3.94  -2.31 -10.82  29.94
   0.39  -0.63   3.94  -2.31 -10.82  29.94
   0.38  -0.60   3.87  -2.37 -10.65  30.47
   0.38  -0.60   3.87  -2.37 -10.65  30.47
   0.37  -0.66   3.91  -2.30  -9.14  29.55
   0.37  -0.66   3.91  -2.30  -9.14  29.55
   0.36  -0.60   3.88  -2.10 -10.87  30.21
   0.36  -0.60   3.88  -2.10 -10.87  30.21
   0.45  -0.61   3.75  -1.01  -9.36  29.98
   0.45  -0.61   3.75  -1.01  -9.36  29.98
   0.43  -0.58   3.83  -1.54 -10.38  30.69
   0.43  -0.58   3.83  -1.54 -10.38  30.69
