   0.06  -0.37   3.15  -4.06  -0.29  31.29
   0.06  -0.37   3.15  -4.06  -0.29  31.29
   0.12  -0.89   2.19  -5.27  30.69  26.77
   0.12  -0.89   2.19  -5.27  30.69  26.77
   0.22  -0.73   3.17  -3.86  14.79  30.70
   0.22  -0.73   3.17  -3.86  14.79  30.70
  -0.25  -0.75   4.16  -3.81 -22.78  34.77
  -0.25  -0.75   4.16  -3.81 -22.78  34.77
   0.24  -0.78   2.36  -4.57  23.57  29.76
   0.24  -0.78   2.36  -4.57  23.57  29.76
  -0.05  -0.60   2.15  -4.91  25.88  26.66
  -0.05  -0.60   2.15  -4.91  25.88  26.66
   0.54  -0.56   3.44  -4.82 -12.49  32.90
   0.54  -0.56   3.44  -4.82 -12.49  32.90
   0.21  -1.00   1.81  -0.23  19.12  22.76
   0.21  -1.00   1.81  -0.23  19.12  22.76
   0.94  -1.01   2.85  -4.62  15.95  20.90
   0.94  -1.01   2.85  -4.62  15.95  20.90
   0.46  -0.60   2.28  -1.46   9.11  30.32
   0.46  -0.60   2.28  -1.46   9.11  30.32
   0.78  -0.83   3.38   2.13 -14.29  18.02
   0.78  -0.83   3.38   2.13 -14.29  18.02
   0.05  -1.09   2.71  -2.68   6.51  25.29
   0.05  -1.09   2.71  -2.68   6.51  25.29
   0.20  -0.73   2.41  -3.59  24.86  24.34
   0.20  -0.73   2.41  -3.59  24.86  24.34
   0.08  -0.69   2.59  -4.38  21.29  27.28
   0.08  -0.69   2.59  -4.38  21.29  27.28
   0.79  -1.15   1.67  -6.92  39.36  21.46
   0.79  -1.15   1.67  -6.92  39.36  21.46
   0.23  -1.00   2.32  -2.12  23.76  20.90
   0.23  -1.00   2.32  -2.12  23.76  20.90
   0.32  -0.52   3.53  -5.07   4.71  31.68
   0.32  -0.52   3.53  -5.07   4.71  31.68
   0.45  -0.38   2.87  -0.92   3.17  28.31
   0.45  -0.38   2.87  -0.92   3.17  28.31
   0.81  -0.81   2.54  -3.56   2.82  29.57
   0.81  -0.81   2.54  -3.56   2.82  29.57
   0.44  -0.66   3.69  -4.07 -11.15  27.36
   0.44  -0.66   3.69  -4.07 -11.15  27.36
   0.42  -0.37   2.85  -5.57   7.60  23.91
   0.42  -0.37   2.85  -5.57   7.60  23.91
  -0.62  -1.38   1.83  -2.35  32.95  20.86
  -0.62  -1.38   1.83  -2.35  32.95  20.86
   0.59  -0.93   2.25  -1.55  19.05  19.77
   0.59  -0.93   2.25  -1.55  19.05  19.77
   0.69  -1.24   1.66  -1.29  37.98  23.35
   0.69  -1.24   1.66  -1.29  37.98  23.35
   0.91  -0.47   3.31  -3.13  -4.72  30.73
   0.91  -0.47   3.31  -3.13  -4.72  30.73
   0.56  -1.03   2.60  -2.30  11.25  26.12
   0.56  -1.03   2.60  -2.30  11.25  26.12
   0.29  -0.30   1.91  -3.72  32.90  22.33
   0.29  -0.30   1.91  -3.72  32.90  22.33
   0.39  -0.39   2.60   0.85  17.77  24.28
   0.39  -0.39   2.60   0.85  17.77  24.28
   0.28  -1.51   1.65  -6.76  14.56  27.98
   0.28  -1.51   1.65  -6.76  14.56  27.98
  -0.51  -1.05   2.71  -3.25  22.75  28.66
  -0.51  -1.05   2.71  -3.25  22.75  28.66
   0.26  -0.81   3.05  -3.45  -9.13  31.14
   0.26  -0.81   3.05  -3.45  -9.13  31.14
   1.11  -1.20   2.74  -3.47   1.99  25.87
   1.11  -1.20   2.74  -3.47   1.99  25.87
   1.23  -1.08   3.31  -7.80   6.67  18.64
   1.23  -1.08   3.31  -7.80   6.67  18.64
  -0.26  -0.56   3.22  -0.67  -9.24  29.60
  -0.26  -0.56   3.22  -0.67  -9.24  29.60
   0.43  -0.63   3.43   1.35  -4.17  26.32
   0.43  -0.63   3.43   1.35  -4.17  26.32
   0.43  -0.01   3.27   2.04 -11.54  23.94
   0.43  -0.01   3.27   2.04 -11.54  23.94
   1.34  -0.71   3.43  -0.90  -8.67  23.41
   1.34  -0.71   3.43  -0.90  -8.67  23.41
   0.36  -0.44   3.83  -0.18  -1.85  27.32
   0.36  -0.44   3.83  -0.18  -1.85  27.32
   0.65  -0.49   3.37  -1.56   1.18  26.92
   0.65  -0.49   3.37  -1.56   1.18  26.92
   0.07  -0.70   2.44  -4.07  15.39  26.59
   0.07  -0.70   2.44  -4.07  15.39  26.59
   0.96  -0.57   3.00  -1.67  10.14  17.20
   0.96  -0.57   3.00  -1.67  10.14  17.20
  -0.32  -0.84   2.22  -3.13  22.69  28.95
  -0.32  -0.84   2.22  -3.13  22.69  28.95
   0.67  -1.41   3.09  -2.23   0.66  25.55
   0.67  -1.41   3.09  -2.23   0.66  25.55
   0.85  -0.53   3.72  -1.99   0.34  32.32
   0.85  -0.53   3.72  -1.99   0.34  32.32
   0.47  -0.48   3.56  -3.71  -7.35  31.30
   0.47  -0.48   3.56  -3.71  -7.35  31.30
   0.96  -0.59   3.90  -7.07 -13.83  31.56
   0.96  -0.59   3.90  -7.07 -13.83  31.56
   0.57  -0.52   3.47  -2.81 -11.19  30.24
   0.57  -0.52   3.47  -2.81 -11.19  30.24
   0.65  -0.89   2.86  -3.22  14.87  29.67
   0.65  -0.89   2.86  -3.22  14.87  29.67
   0.56  -1.12   2.56  -4.48  -2.31  32.92
   0.56  -1.12   2.56  -4.48  -2.31  32.92
  -0.10  -0.63   2.36  -1.80  27.11  24.24
  -0.10  -0.63   2.36  -1.80  27.11  24.24
   1.27  -0.25   3.27  -2.83 -10.78  22.10
   1.27  -0.25   3.27  -2.83 -10.78  22.10
