  -0.58   0.23   3.50  -2.02  -5.27  37.71
  -0.58   0.23   3.50  -2.02  -5.27  37.71
  -0.46   0.23   3.91  -3.90  -3.62  41.72
  -0.46   0.23   3.91  -3.90  -3.62  41.72
  -0.74   0.59   4.50  -2.92 -35.58  42.44
  -0.74   0.59   4.50  -2.92 -35.58  42.44
  -0.88   0.57   4.19  -0.29 -29.02  41.29
  -0.88   0.57   4.19  -0.29 -29.02  41.29
  -1.03   0.22   3.16  -0.24  19.06  38.39
  -1.03   0.22   3.16  -0.24  19.06  38.39
  -1.09   0.49   3.40  -2.34   1.50  31.01
  -1.09   0.49   3.40  -2.34   1.50  31.01
  -0.97   0.08   4.52  -1.03 -19.12  40.71
  -0.97   0.08   4.52  -1.03 -19.12  40.71
  -1.09   0.16   3.53  -3.75   2.93  38.43
  -1.09   0.16   3.53  -3.75   2.93  38.43
  -0.83   0.35   4.56  -3.32 -30.77  45.04
  -0.83   0.35   4.56  -3.32 -30.77  45.04
  -0.47   0.05   3.62  -3.90  12.68  36.00
  -0.47   0.05   3.62  -3.90  12.68  36.00
  -1.01   0.15   4.35  -3.20  -4.40  39.84
  -1.01   0.15   4.35  -3.20  -4.40  39.84
  -1.30   0.27   3.83  -2.96   1.72  40.06
  -1.30   0.27   3.83  -2.96   1.72  40.06
  -0.96  -0.02   3.87  -3.86 -10.29  40.69
  -0.96  -0.02   3.87  -3.86 -10.29  40.69
  -0.96   0.28   3.95  -4.98   6.08  38.16
  -0.96   0.28   3.95  -4.98   6.08  38.16
  -1.13  -0.38   4.35  -2.56 -11.70  42.79
  -1.13  -0.38   4.35  -2.56 -11.70  42.79
  -1.53   0.07   4.04  -4.34 -13.18  38.63
  -1.53   0.07   4.04  -4.34 -13.18  38.63
  -1.26   0.48   3.52  -4.26  -2.64  36.56
  -1.26   0.48   3.52  -4.26  -2.64  36.56
  -1.50   0.24   3.36  -2.10   6.01  35.52
  -1.50   0.24   3.36  -2.10   6.01  35.52
  -1.08   0.55   3.75  -5.76  -8.08  42.92
  -1.08   0.55   3.75  -5.76  -8.08  42.92
  -1.28   0.04   4.17  -1.83 -20.22  39.53
  -1.28   0.04   4.17  -1.83 -20.22  39.53
  -1.03   0.60   3.55  -0.78  -4.58  41.01
  -1.03   0.60   3.55  -0.78  -4.58  41.01
  -1.48  -0.04   3.59  -4.35 -12.94  38.14
  -1.48  -0.04   3.59  -4.35 -12.94  38.14
  -1.04   0.09   3.40  -4.34   1.22  38.57
  -1.04   0.09   3.40  -4.34   1.22  38.57
  -1.01   0.03   4.43  -0.48 -25.24  43.32
  -1.01   0.03   4.43  -0.48 -25.24  43.32
  -1.11   0.13   3.69  -2.35 -11.64  39.73
  -1.11   0.13   3.69  -2.35 -11.64  39.73
  -1.04   0.41   4.00  -2.65   3.35  36.83
  -1.04   0.41   4.00  -2.65   3.35  36.83
  -0.77   0.03   4.75  -2.82 -29.22  42.94
  -0.77   0.03   4.75  -2.82 -29.22  42.94
  -0.60   0.03   4.58  -0.11 -30.56  44.99
  -0.60   0.03   4.58  -0.11 -30.56  44.99
  -0.82  -0.05   3.94  -2.23   6.30  39.31
  -0.82  -0.05   3.94  -2.23   6.30  39.31
  -0.57  -0.06   2.69  -0.31  35.20  27.59
  -0.57  -0.06   2.69  -0.31  35.20  27.59
  -0.43  -0.38   3.22  -1.24  15.91  34.48
  -0.43  -0.38   3.22  -1.24  15.91  34.48
  -0.50  -0.04   4.10   4.87   4.80  41.00
  -0.50  -0.04   4.10   4.87   4.80  41.00
  -1.66   0.24   4.08  -1.80 -15.79  32.73
  -1.66   0.24   4.08  -1.80 -15.79  32.73
  -1.11   0.26   2.84  -0.61  24.86  33.25
  -1.11   0.26   2.84  -0.61  24.86  33.25
  -1.56   0.08   3.76  -4.28   3.08  39.69
  -1.56   0.08   3.76  -4.28   3.08  39.69
  -0.91  -0.12   2.43  -0.29  26.00  35.80
  -0.91  -0.12   2.43  -0.29  26.00  35.80
  -1.71   0.21   4.41  -3.33  -9.05  38.44
  -1.71   0.21   4.41  -3.33  -9.05  38.44
  -0.52   0.09   4.24  -2.05 -16.25  42.20
  -0.52   0.09   4.24  -2.05 -16.25  42.20
  -0.93   0.20   3.71  -2.41  -8.89  42.40
  -0.93   0.20   3.71  -2.41  -8.89  42.40
  -1.31   0.05   3.25  -2.50   9.50  34.67
  -1.31   0.05   3.25  -2.50   9.50  34.67
  -0.77  -0.37   3.81   0.74 -16.96  35.29
  -0.77  -0.37   3.81   0.74 -16.96  35.29
  -0.72  -0.29   4.76  -0.12 -28.24  41.57
  -0.72  -0.29   4.76  -0.12 -28.24  41.57
  -1.34  -0.05   3.04  -1.65   3.19  29.25
  -1.34  -0.05   3.04  -1.65   3.19  29.25
  -1.08   0.22   3.71   0.02   7.17  31.21
  -1.08   0.22   3.71   0.02   7.17  31.21
  -2.20   0.32   4.11  -2.98 -18.31  38.09
  -2.20   0.32   4.11  -2.98 -18.31  38.09
  -0.63  -0.46   3.03  -4.27  20.52  33.15
  -0.63  -0.46   3.03  -4.27  20.52  33.15
  -0.78   0.24   4.28  -1.05 -12.47  41.91
  -0.78   0.24   4.28  -1.05 -12.47  41.91
  -0.99   0.02   4.28  -1.35  -4.62  40.44
  -0.99   0.02   4.28  -1.35  -4.62  40.44
  -0.95   0.44   3.81  -5.13  -7.87  39.60
  -0.95   0.44   3.81  -5.13  -7.87  39.60
  -0.93   0.21   3.80  -1.41  -2.34  40.96
  -0.93   0.21   3.80  -1.41  -2.34  40.96
  -0.46  -0.04   4.12  -1.25 -15.12  44.23
  -0.46  -0.04   4.12  -1.25 -15.12  44.23
