  -1.33   0.25   4.09  -2.36  -9.74  35.62
  -1.33   0.25   4.09  -2.36  -9.74  35.62
  -0.99   0.16   4.26   0.26  -9.22  36.25
  -0.99   0.16   4.26   0.26  -9.22  36.25
  -1.25   0.31   4.30  -1.94 -10.31  36.08
  -1.25   0.31   4.30  -1.94 -10.31  36.08
  -1.06   0.25   4.19  -1.57 -10.85  36.18
  -1.06   0.25   4.19  -1.57 -10.85  36.18
  -1.25   0.33   4.20  -1.71  -9.31  35.17
  -1.25   0.33   4.20  -1.71  -9.31  35.17
  -1.35   0.31   4.33  -1.35 -12.78  35.72
  -1.35   0.31   4.33  -1.35 -12.78  35.72
  -1.19   0.33   4.28  -2.15 -11.09  35.92
  -1.19   0.33   4.28  -2.15 -11.09  35.92
  -1.12   0.37   4.21  -0.25  -8.73  36.53
  -1.12   0.37   4.21  -0.25  -8.73  36.53
  -1.09   0.36   4.15  -0.57  -9.00  36.01
  -1.09   0.36   4.15  -0.57  -9.00  36.01
  -1.50   0.35   4.23  -2.77 -11.32  34.95
  -1.50   0.35   4.23  -2.77 -11.32  34.95
  -1.24   0.32   4.31  -0.49  -9.27  36.38
  -1.24   0.32   4.31  -0.49  -9.27  36.38
  -1.18   0.27   4.49  -1.20 -12.29  36.28
  -1.18   0.27   4.49  -1.20 -12.29  36.28
  -1.14   0.34   4.44  -1.83  -9.72  36.51
  -1.14   0.34   4.44  -1.83  -9.72  36.51
  -1.32   0.26   4.39  -1.51 -11.57  36.16
  -1.32   0.26   4.39  -1.51 -11.57  36.16
  -1.16   0.36   4.23  -1.57 -11.53  35.90
  -1.16   0.36   4.23  -1.57 -11.53  35.90
  -1.44   0.28   4.29  -0.90  -9.15  37.10
  -1.44   0.28   4.29  -0.90  -9.15  37.10
  -1.04   0.33   4.34  -0.53 -11.01  36.57
  -1.04   0.33   4.34  -0.53 -11.01  36.57
  -1.14   0.20   4.10  -1.29  -7.94  36.03
  -1.14   0.20   4.10  -1.29  -7.94  36.03
  -1.26   0.39   4.33  -0.99 -10.45  35.84
  -1.26   0.39   4.33  -0.99 -10.45  35.84
  -1.15   0.30   4.22  -0.78  -9.71  35.67
  -1.15   0.30   4.22  -0.78  -9.71  35.67
  -1.29   0.36   4.32  -1.64 -11.16  35.92
  -1.29   0.36   4.32  -1.64 -11.16  35.92
  -1.23   0.27   4.26  -1.72  -9.65  36.49
  -1.23   0.27   4.26  -1.72  -9.65  36.49
  -1.25   0.27   4.20  -1.79 -11.58  35.55
  -1.25   0.27   4.20  -1.79 -11.58  35.55
  -1.23   0.43   4.31  -0.89 -11.96  36.04
  -1.23   0.43   4.31  -0.89 -11.96  36.04
  -1.22   0.15   4.23  -1.44 -12.00  36.16
  -1.22   0.15   4.23  -1.44 -12.00  36.16
  -1.37   0.30   4.26  -1.45 -12.91  35.54
  -1.37   0.30   4.26  -1.45 -12.91  35.54
  -1.34   0.21   4.43  -1.78 -13.61  36.14
  -1.34   0.21   4.43  -1.78 -13.61  36.14
  -1.40   0.34   4.32  -1.70 -11.19  35.05
  -1.40   0.34   4.32  -1.70 -11.19  35.05
  -1.35   0.32   4.32  -1.08 -12.15  35.53
  -1.35   0.32   4.32  -1.08 -12.15  35.53
  -1.11   0.25   4.30  -0.98 -11.72  35.89
  -1.11   0.25   4.30  -0.98 -11.72  35.89
  -1.29   0.28   4.15  -1.84  -8.98  36.42
  -1.29   0.28   4.15  -1.84  -8.98  36.42
  -1.18   0.14   4.40  -0.60 -10.62  36.68
  -1.18   0.14   4.40  -0.60 -10.62  36.68
  -1.30   0.26   4.23  -2.63 -10.44  35.41
  -1.30   0.26   4.23  -2.63 -10.44  35.41
  -1.06   0.37   4.29  -0.93 -10.71  36.24
  -1.06   0.37   4.29  -0.93 -10.71  36.24
  -1.25   0.21   4.32  -0.79  -9.54  36.37
  -1.25   0.21   4.32  -0.79  -9.54  36.37
  -1.36   0.17   4.29  -0.36 -12.06  36.30
  -1.36   0.17   4.29  -0.36 -12.06  36.30
  -1.22   0.29   4.35  -0.17 -11.07  37.19
  -1.22   0.29   4.35  -0.17 -11.07  37.19
  -1.31   0.38   4.23  -0.26 -10.05  35.30
  -1.31   0.38   4.23  -0.26 -10.05  35.30
  -1.36   0.26   4.26  -0.68 -11.51  36.31
  -1.36   0.26   4.26  -0.68 -11.51  36.31
  -1.47   0.37   4.39  -1.86  -9.78  36.30
  -1.47   0.37   4.39  -1.86  -9.78  36.30
  -1.37   0.27   4.19  -2.29 -11.62  35.55
  -1.37   0.27   4.19  -2.29 -11.62  35.55
  -1.33   0.22   4.47  -1.39 -12.50  36.42
  -1.33   0.22   4.47  -1.39 -12.50  36.42
  -1.19   0.25   4.14  -0.91  -9.82  36.15
  -1.19   0.25   4.14  -0.91  -9.82  36.15
  -1.28   0.42   4.36  -0.96 -10.38  36.12
  -1.28   0.42   4.36  -0.96 -10.38  36.12
  -1.28   0.29   4.34  -1.36 -12.05  36.57
  -1.28   0.29   4.34  -1.36 -12.05  36.57
  -1.40   0.40   4.31  -0.99 -10.66  35.81
  -1.40   0.40   4.31  -0.99 -10.66  35.81
  -1.38   0.12   4.16  -2.75 -10.06  36.14
  -1.38   0.12   4.16  -2.75 -10.06  36.14
  -1.30   0.32   4.28  -0.63 -11.51  35.87
  -1.30   0.32   4.28  -0.63 -11.51  35.87
  -1.38   0.18   4.16  -0.72 -11.76  36.36
  -1.38   0.18   4.16  -0.72 -11.76  36.36
  -1.59   0.22   4.14  -2.79  -9.32  35.60
  -1.59   0.22   4.14  -2.79  -9.32  35.60
  -1.38   0.30   4.39  -1.44 -11.83  35.82
  -1.38   0.30   4.39  -1.44 -11.83  35.82
