  -0.41   0.64   3.24   1.85  44.12  24.35
  -0.41   0.64   3.24   1.85  44.12  24.35
  -0.42   0.60   3.14   1.43  44.24  23.95
  -0.42   0.60   3.14   1.43  44.24  23.95
  -0.41   0.62   3.18   2.02  43.95  23.74
  -0.41   0.62   3.18   2.02  43.95  23.74
  -0.42   0.62   3.12   1.31  45.87  24.30
  -0.42   0.62   3.12   1.31  45.87  24.30
  -0.45   0.64   3.21   0.93  44.81  24.46
  -0.45   0.64   3.21   0.93  44.81  24.46
  -0.38   0.63   3.23   1.50  43.56  24.43
  -0.38   0.63   3.23   1.50  43.56  24.43
  -0.43   0.65   3.05   0.32  46.64  24.17
  -0.43   0.65   3.05   0.32  46.64  24.17
  -0.43   0.63   3.11   1.35  46.60  24.27
  -0.43   0.63   3.11   1.35  46.60  24.27
  -0.50   0.66   3.12   1.13  47.07  23.64
  -0.50   0.66   3.12   1.13  47.07  23.64
  -0.46   0.71   3.12   0.11  47.13  24.83
  -0.46   0.71   3.12   0.11  47.13  24.83
  -0.44   0.65   3.30   1.85  45.11  24.91
  -0.44   0.65   3.30   1.85  45.11  24.91
  -0.51   0.61   3.08   0.30  47.81  24.39
  -0.51   0.61   3.08   0.30  47.81  24.39
  -0.47   0.68   3.18   0.51  44.48  24.36
  -0.47   0.68   3.18   0.51  44.48  24.36
  -0.46   0.67   3.19   0.84  46.25  24.29
  -0.46   0.67   3.19   0.84  46.25  24.29
  -0.46   0.64   3.23   1.66  43.92  24.38
  -0.46   0.64   3.23   1.66  43.92  24.38
  -0.42   0.61   3.26   1.96  43.61  24.57
  -0.42   0.61   3.26   1.96  43.61  24.57
  -0.46   0.66   3.18   0.80  44.86  24.17
  -0.46   0.66   3.18   0.80  44.86  24.17
  -0.43   0.63   3.12   1.58  45.74  24.01
  -0.43   0.63   3.12   1.58  45.74  24.01
  -0.46   0.63   3.15   0.31  45.06  24.18
  -0.46   0.63   3.15   0.31  45.06  24.18
  -0.45   0.64   3.15   0.64  44.74  24.29
  -0.45   0.64   3.15   0.64  44.74  24.29
  -0.46   0.65   3.28   1.58  45.43  24.40
  -0.46   0.65   3.28   1.58  45.43  24.40
  -0.52   0.65   3.01  -0.14  46.06  23.60
  -0.52   0.65   3.01  -0.14  46.06  23.60
  -0.47   0.66   3.15   0.48  44.42  24.10
  -0.47   0.66   3.15   0.48  44.42  24.10
  -0.54   0.62   3.02   0.12  45.76  23.15
  -0.54   0.62   3.02   0.12  45.76  23.15
  -0.55   0.70   2.98  -0.50  49.50  24.36
  -0.55   0.70   2.98  -0.50  49.50  24.36
  -0.46   0.66   3.12   0.84  45.30  23.73
  -0.46   0.66   3.12   0.84  45.30  23.73
  -0.50   0.69   3.07  -0.53  47.68  24.37
  -0.50   0.69   3.07  -0.53  47.68  24.37
  -0.46   0.65   3.04   0.57  47.27  24.28
  -0.46   0.65   3.04   0.57  47.27  24.28
  -0.46   0.61   3.09   0.76  47.27  24.51
  -0.46   0.61   3.09   0.76  47.27  24.51
  -0.42   0.61   3.12   1.43  48.88  24.02
  -0.42   0.61   3.12   1.43  48.88  24.02
  -0.36   0.66   3.33   1.38  43.60  25.23
  -0.36   0.66   3.33   1.38  43.60  25.23
  -0.38   0.63   3.11   1.25  45.53  24.70
  -0.38   0.63   3.11   1.25  45.53  24.70
  -0.43   0.66   3.11   0.90  45.59  24.25
  -0.43   0.66   3.11   0.90  45.59  24.25
  -0.49   0.60   3.11   0.85  45.65  23.91
  -0.49   0.60   3.11   0.85  45.65  23.91
  -0.46   0.59   3.04   1.35  45.46  23.86
  -0.46   0.59   3.04   1.35  45.46  23.86
  -0.46   0.63   3.15   1.26  47.24  23.84
  -0.46   0.63   3.15   1.26  47.24  23.84
  -0.42   0.71   3.12   0.89  44.83  24.08
  -0.42   0.71   3.12   0.89  44.83  24.08
  -0.44   0.64   3.12   0.71  45.83  25.09
  -0.44   0.64   3.12   0.71  45.83  25.09
  -0.52   0.63   3.20   1.35  45.77  23.95
  -0.52   0.63   3.20   1.35  45.77  23.95
  -0.43   0.66   3.10   0.53  47.97  24.55
  -0.43   0.66   3.10   0.53  47.97  24.55
  -0.48   0.62   3.01   0.20  46.55  23.53
  -0.48   0.62   3.01   0.20  46.55  23.53
  -0.45   0.62   3.13   0.53  45.13  23.89
  -0.45   0.62   3.13   0.53  45.13  23.89
  -0.51   0.66   3.01   0.81  45.79  23.57
  -0.51   0.66   3.01   0.81  45.79  23.57
  -0.47   0.69   3.07   0.56  45.47  24.14
  -0.47   0.69   3.07   0.56  45.47  24.14
  -0.45   0.59   3.15   1.23  44.59  24.15
  -0.45   0.59   3.15   1.23  44.59  24.15
  -0.38   0.64   3.17   0.87  45.09  24.99
  -0.38   0.64   3.17   0.87  45.09  24.99
  -0.50   0.59   3.10   1.61  46.65  23.93
  -0.50   0.59   3.10   1.61  46.65  23.93
  -0.32   0.61   3.21   2.31  44.00  24.79
  -0.32   0.61   3.21   2.31  44.00  24.79
  -0.41   0.64   3.10   0.50  44.42  24.51
  -0.41   0.64   3.10   0.50  44.42  24.51
  -0.42   0.64   3.08   1.11  45.58  24.04
  -0.42   0.64   3.08   1.11  45.58  24.04
  -0.45   0.63   3.18   0.84  44.00  24.07
  -0.45   0.63   3.18   0.84  44.00  24.07
