   0.00   0.26   3.15  -0.24   0.83  38.24
   0.00   0.26   3.15  -0.24   0.83  38.24
  -0.06   0.07   3.24  -1.81  10.91  39.31
  -0.06   0.07   3.24  -1.81  10.91  39.31
   0.08  -0.01   3.48  -1.75   5.60  42.95
   0.08  -0.01   3.48  -1.75   5.60  42.95
   0.23   0.58   3.03  -0.08  21.48  39.64
   0.23   0.58   3.03  -0.08  21.48  39.64
  -0.20   0.73   3.52  -4.87  -2.58  37.83
  -0.20   0.73   3.52  -4.87  -2.58  37.83
  -0.10   0.09   3.63   0.51  12.58  46.63
  -0.10   0.09   3.63   0.51  12.58  46.63
   0.51  -0.26   3.83  -1.62 -11.08  45.63
   0.51  -0.26   3.83  -1.62 -11.08  45.63
   0.28   0.36   3.79   0.10 -24.55  41.67
   0.28   0.36   3.79   0.10 -24.55  41.67
  -0.29   0.39   3.54  -3.92  -7.81  39.76
  -0.29   0.39   3.54  -3.92  -7.81  39.76
   0.00   0.62   3.75  -7.16   7.31  45.81
   0.00   0.62   3.75  -7.16   7.31  45.81
   0.38   0.49   2.50  -1.70  24.33  29.32
   0.38   0.49   2.50  -1.70  24.33  29.32
   0.33  -0.12   2.62  -1.43  37.54  28.37
   0.33  -0.12   2.62  -1.43  37.54  28.37
   0.26   0.13   3.67  -2.18  -4.59  41.29
   0.26   0.13   3.67  -2.18  -4.59  41.29
  -0.09   0.25   3.70  -1.83  -1.90  45.42
  -0.09   0.25   3.70  -1.83  -1.90  45.42
  -0.13   0.25   3.68  -2.30 -13.28  47.51
  -0.13   0.25   3.68  -2.30 -13.28  47.51
  -0.18   0.49   2.90  -0.09  25.75  34.35
  -0.18   0.49   2.90  -0.09  25.75  34.35
  -0.05  -0.03   3.65   1.91  17.68  36.92
  -0.05  -0.03   3.65   1.91  17.68  36.92
   0.02   0.00   3.36  -1.63   1.56  41.11
   0.02   0.00   3.36  -1.63   1.56  41.11
   0.22  -0.17   3.78   1.47 -12.13  46.32
   0.22  -0.17   3.78   1.47 -12.13  46.32
  -0.34   0.61   2.48   2.59  24.68  30.15
  -0.34   0.61   2.48   2.59  24.68  30.15
  -0.36   0.45   4.12   1.97 -21.25  43.24
  -0.36   0.45   4.12   1.97 -21.25  43.24
  -0.11  -0.22   3.80   0.91  -0.10  41.66
  -0.11  -0.22   3.80   0.91  -0.10  41.66
   0.40   0.29   2.50  -4.50  34.64  30.43
   0.40   0.29   2.50  -4.50  34.64  30.43
   0.93   0.19   3.25  -1.06  14.87  38.92
   0.93   0.19   3.25  -1.06  14.87  38.92
   0.17  -0.19   3.77  -5.61 -16.59  42.80
   0.17  -0.19   3.77  -5.61 -16.59  42.80
  -0.22   0.20   3.56  -0.15   2.03  38.91
  -0.22   0.20   3.56  -0.15   2.03  38.91
  -0.10   0.02   2.04  -0.72  40.55  28.12
  -0.10   0.02   2.04  -0.72  40.55  28.12
   0.00   0.29   2.25   2.78  42.48  25.01
   0.00   0.29   2.25   2.78  42.48  25.01
   0.10  -0.06   3.11  -3.41  19.55  31.60
   0.10  -0.06   3.11  -3.41  19.55  31.60
  -0.67   0.63   2.29   2.32  18.27  28.48
  -0.67   0.63   2.29   2.32  18.27  28.48
  -0.35   0.01   2.51  -2.43  27.67  31.00
  -0.35   0.01   2.51  -2.43  27.67  31.00
   0.42   0.16   3.17  -1.08  16.45  41.65
   0.42   0.16   3.17  -1.08  16.45  41.65
  -0.43  -0.03   3.66  -0.96  11.33  35.24
  -0.43  -0.03   3.66  -0.96  11.33  35.24
  -0.16  -0.69   2.54  -2.44  24.65  29.44
  -0.16  -0.69   2.54  -2.44  24.65  29.44
   0.73   0.08   3.00  -2.57  -3.55  38.08
   0.73   0.08   3.00  -2.57  -3.55  38.08
   0.18   0.19   3.21  -3.98  22.36  39.76
   0.18   0.19   3.21  -3.98  22.36  39.76
   0.42   0.28   3.88  -6.87  -4.50  43.38
   0.42   0.28   3.88  -6.87  -4.50  43.38
  -0.03   0.08   2.19   0.47  38.58  30.84
  -0.03   0.08   2.19   0.47  38.58  30.84
  -0.09   0.13   2.24  -2.54  37.04  31.46
  -0.09   0.13   2.24  -2.54  37.04  31.46
  -0.17   0.56   2.82  -2.25   6.35  27.83
  -0.17   0.56   2.82  -2.25   6.35  27.83
  -0.19   0.72   2.16   0.84  18.72  26.76
  -0.19   0.72   2.16   0.84  18.72  26.76
  -0.27   0.19   2.76   1.18  22.75  31.84
  -0.27   0.19   2.76   1.18  22.75  31.84
  -0.50   0.53   3.08  -1.28  14.31  39.98
  -0.50   0.53   3.08  -1.28  14.31  39.98
   0.59  -0.01   3.44  -2.88  12.49  40.10
   0.59  -0.01   3.44  -2.88  12.49  40.10
  -0.48   0.42   3.90   1.92 -19.09  49.91
  -0.48   0.42   3.90   1.92 -19.09  49.91
  -0.23   0.02   2.62  -2.33  32.70  34.19
  -0.23   0.02   2.62  -2.33  32.70  34.19
   0.29   0.34   3.01  -3.73  22.82  35.97
   0.29   0.34   3.01  -3.73  22.82  35.97
   0.13   0.43   3.58  -5.39   5.89  38.58
   0.13   0.43   3.58  -5.39   5.89  38.58
  -0.07  -0.09   4.00  -1.50 -10.24  50.61
  -0.07  -0.09   4.00  -1.50 -10.24  50.61
   0.02   0.15   3.18  -1.81  15.64  36.52
   0.02   0.15   3.18  -1.81  15.64  36.52
  -0.35  -0.02   2.46  -1.37  36.42  29.59
  -0.35  -0.02   2.46  -1.37  36.42  29.59
