   0.00   0.27   3.15  -0.27   1.11  37.86
   0.00   0.27   3.15  -0.27   1.11  37.86
   0.29   0.01   3.18  -0.43   5.94  44.69
   0.29   0.01   3.18  -0.43   5.94  44.69
  -0.12   0.07   3.49  -2.55  -6.35  43.79
  -0.12   0.07   3.49  -2.55  -6.35  43.79
  -0.47   0.01   2.94   0.38  28.87  37.00
  -0.47   0.01   2.94   0.38  28.87  37.00
  -0.32  -0.14   2.99  -0.23  29.42  42.64
  -0.32  -0.14   2.99  -0.23  29.42  42.64
   0.23  -0.08   3.45  -0.72   5.37  42.40
   0.23  -0.08   3.45  -0.72   5.37  42.40
  -0.38   0.11   3.25  -1.37  18.73  37.21
  -0.38   0.11   3.25  -1.37  18.73  37.21
   0.23   0.24   3.01  -0.76  22.34  39.63
   0.23   0.24   3.01  -0.76  22.34  39.63
   0.19   0.30   3.29  -2.56  11.64  38.24
   0.19   0.30   3.29  -2.56  11.64  38.24
   0.07   0.12   2.49  -1.48  26.15  35.66
   0.07   0.12   2.49  -1.48  26.15  35.66
   0.76   0.30   2.75  -2.49  34.16  27.82
   0.76   0.30   2.75  -2.49  34.16  27.82
   0.08   0.39   3.43  -0.44  17.64  44.83
   0.08   0.39   3.43  -0.44  17.64  44.83
   0.07   0.64   3.00  -0.39  22.46  37.98
   0.07   0.64   3.00  -0.39  22.46  37.98
  -0.31  -0.40   3.37  -0.85  12.69  36.92
  -0.31  -0.40   3.37  -0.85  12.69  36.92
   0.22   0.11   2.55  -0.37  25.23  30.46
   0.22   0.11   2.55  -0.37  25.23  30.46
  -0.10   0.20   2.76  -0.59  20.96  38.57
  -0.10   0.20   2.76  -0.59  20.96  38.57
  -0.13  -0.39   3.70   2.74  20.99  44.88
  -0.13  -0.39   3.70   2.74  20.99  44.88
  -1.07   0.40   3.45  -3.18 -11.05  45.94
  -1.07   0.40   3.45  -3.18 -11.05  45.94
   0.16   0.19   3.29  -3.75   5.99  41.69
   0.16   0.19   3.29  -3.75   5.99  41.69
  -0.91  -0.18   3.79  -1.72 -14.52  38.57
  -0.91  -0.18   3.79  -1.72 -14.52  38.57
  -0.22  -0.12   3.52   1.39  -5.23  38.98
  -0.22  -0.12   3.52   1.39  -5.23  38.98
   0.70  -0.19   3.43  -5.80  20.78  38.98
   0.70  -0.19   3.43  -5.80  20.78  38.98
  -0.17   0.09   3.63   1.37  -1.68  45.86
  -0.17   0.09   3.63   1.37  -1.68  45.86
   0.36   0.04   2.83  -2.35   2.07  33.76
   0.36   0.04   2.83  -2.35   2.07  33.76
   0.13   0.34   2.99  -1.60   8.88  43.47
   0.13   0.34   2.99  -1.60   8.88  43.47
  -0.45  -0.26   3.63  -1.10  -7.28  42.52
  -0.45  -0.26   3.63  -1.10  -7.28  42.52
   0.21  -0.20   2.53  -0.86  21.69  29.98
   0.21  -0.20   2.53  -0.86  21.69  29.98
   0.42   0.33   3.39  -0.23  -2.02  47.07
   0.42   0.33   3.39  -0.23  -2.02  47.07
   0.23  -0.22   2.98  -3.03  22.08  33.20
   0.23  -0.22   2.98  -3.03  22.08  33.20
  -0.36   0.02   3.51  -0.66  14.47  42.24
  -0.36   0.02   3.51  -0.66  14.47  42.24
  -0.34   0.71   3.31  -2.33  -4.53  40.55
  -0.34   0.71   3.31  -2.33  -4.53  40.55
  -0.31   1.12   3.31  -1.73  -2.59  43.22
  -0.31   1.12   3.31  -1.73  -2.59  43.22
   0.19   0.53   3.13   0.36  21.19  41.14
   0.19   0.53   3.13   0.36  21.19  41.14
  -0.11   0.29   3.18  -3.13  13.64  37.82
  -0.11   0.29   3.18  -3.13  13.64  37.82
   0.30  -0.29   3.63  -0.42  14.58  39.12
   0.30  -0.29   3.63  -0.42  14.58  39.12
   0.26   0.06   3.78  -0.85  16.94  38.54
   0.26   0.06   3.78  -0.85  16.94  38.54
   0.46  -0.22   3.46  -0.21   7.94  41.33
   0.46  -0.22   3.46  -0.21   7.94  41.33
  -0.66  -0.03   2.80  -1.61  33.28  36.14
  -0.66  -0.03   2.80  -1.61  33.28  36.14
   0.08   0.14   3.58  -0.39  -4.35  45.25
   0.08   0.14   3.58  -0.39  -4.35  45.25
   0.00   1.01   2.75   1.47  16.72  28.26
   0.00   1.01   2.75   1.47  16.72  28.26
   0.03   0.67   2.42  -1.41  29.89  37.30
   0.03   0.67   2.42  -1.41  29.89  37.30
  -0.18  -0.01   3.38   3.78 -10.52  45.58
  -0.18  -0.01   3.38   3.78 -10.52  45.58
   0.25   0.24   2.52  -5.12  39.17  22.50
   0.25   0.24   2.52  -5.12  39.17  22.50
  -0.27  -0.40   3.97  -1.02   7.77  43.70
  -0.27  -0.40   3.97  -1.02   7.77  43.70
  -0.09   0.13   3.54  -2.74   4.86  40.22
  -0.09   0.13   3.54  -2.74   4.86  40.22
   0.08   0.41   3.47  -3.20  -2.10  43.31
   0.08   0.41   3.47  -3.20  -2.10  43.31
  -0.39   0.18   3.66   0.06   0.52  42.31
  -0.39   0.18   3.66   0.06   0.52  42.31
  -0.01  -0.05   3.13  -3.25   4.68  38.39
  -0.01  -0.05   3.13  -3.25   4.68  38.39
   0.05   0.37   2.13  -1.17  32.54  25.06
   0.05   0.37   2.13  -1.17  32.54  25.06
  -0.48  -0.37   2.92   2.17  10.02  36.40
  -0.48  -0.37   2.92   2.17  10.02  36.40
   0.08   0.00   3.74   1.03 -12.11  46.40
   0.08   0.00   3.74   1.03 -12.11  46.40
