  -0.02   0.41   3.04   0.37  -2.44  41.44
  -0.02   0.41   3.04   0.37  -2.44  41.44
  -0.79   0.21   3.25  -1.64  -0.01  37.38
  -0.79   0.21   3.25  -1.64  -0.01  37.38
  -1.64  -0.27   2.63   0.08  14.93  36.16
  -1.64  -0.27   2.63   0.08  14.93  36.16
  -1.32   0.02   2.92  -0.08  22.67  35.63
  -1.32   0.02   2.92  -0.08  22.67  35.63
  -1.10   0.43   3.22  -2.34   6.51  39.17
  -1.10   0.43   3.22  -2.34   6.51  39.17
  -0.87  -0.12   3.22  -2.30  -1.73  38.56
  -0.87  -0.12   3.22  -2.30  -1.73  38.56
  -0.79  -0.02   3.02  -1.24  13.94  35.31
  -0.79  -0.02   3.02  -1.24  13.94  35.31
  -0.77   0.59   3.46  -0.97  -2.95  34.75
  -0.77   0.59   3.46  -0.97  -2.95  34.75
  -1.04   0.19   3.47   1.36   8.41  46.07
  -1.04   0.19   3.47   1.36   8.41  46.07
  -1.09   0.22   3.00  -0.05  17.51  38.03
  -1.09   0.22   3.00  -0.05  17.51  38.03
  -1.80   0.24   2.40   3.33  18.75  35.14
  -1.80   0.24   2.40   3.33  18.75  35.14
  -0.70   0.54   3.31  -1.20   2.79  44.58
  -0.70   0.54   3.31  -1.20   2.79  44.58
  -0.63   0.49   2.98  -2.15  -3.45  38.07
  -0.63   0.49   2.98  -2.15  -3.45  38.07
  -0.76  -0.15   3.10   2.32  28.79  26.09
  -0.76  -0.15   3.10   2.32  28.79  26.09
  -1.57   0.68   2.97  -0.39   1.70  35.47
  -1.57   0.68   2.97  -0.39   1.70  35.47
  -0.64   0.07   3.45  -3.91  -5.64  40.24
  -0.64   0.07   3.45  -3.91  -5.64  40.24
  -0.94   0.16   3.47  -1.48   4.40  40.77
  -0.94   0.16   3.47  -1.48   4.40  40.77
  -1.40   0.42   3.25  -0.78  10.86  37.25
  -1.40   0.42   3.25  -0.78  10.86  37.25
  -0.82   0.36   3.35  -4.65   1.49  38.25
  -0.82   0.36   3.35  -4.65   1.49  38.25
  -1.37   0.67   2.95  -0.10   4.79  39.71
  -1.37   0.67   2.95  -0.10   4.79  39.71
  -0.83   0.23   2.80   1.27  11.07  32.65
  -0.83   0.23   2.80   1.27  11.07  32.65
  -1.64   0.26   3.07  -1.67   4.96  38.79
  -1.64   0.26   3.07  -1.67   4.96  38.79
  -1.89   0.49   2.68   2.11   8.55  35.93
  -1.89   0.49   2.68   2.11   8.55  35.93
  -1.73   0.25   2.61   1.68  11.44  37.67
  -1.73   0.25   2.61   1.68  11.44  37.67
  -1.08   0.27   3.21  -1.05   9.69  37.20
  -1.08   0.27   3.21  -1.05   9.69  37.20
  -0.28   0.06   3.24  -0.69  -9.15  35.54
  -0.28   0.06   3.24  -0.69  -9.15  35.54
  -0.95   0.03   2.50   4.01  15.97  34.23
  -0.95   0.03   2.50   4.01  15.97  34.23
  -0.81  -0.10   3.30  -2.75   3.28  34.54
  -0.81  -0.10   3.30  -2.75   3.28  34.54
  -1.66   0.12   2.59   6.46  10.66  29.30
  -1.66   0.12   2.59   6.46  10.66  29.30
  -0.95   0.34   2.74   0.97   9.12  28.28
  -0.95   0.34   2.74   0.97   9.12  28.28
  -1.35   0.32   3.22  -1.91  -2.12  42.33
  -1.35   0.32   3.22  -1.91  -2.12  42.33
  -0.56   0.36   3.12  -2.58   8.01  38.05
  -0.56   0.36   3.12  -2.58   8.01  38.05
  -1.21   0.43   3.13  -1.30   2.02  40.45
  -1.21   0.43   3.13  -1.30   2.02  40.45
  -1.26   0.31   2.93   0.12   7.74  37.01
  -1.26   0.31   2.93   0.12   7.74  37.01
  -0.52   0.09   2.91   0.53  15.37  39.25
  -0.52   0.09   2.91   0.53  15.37  39.25
  -0.87   0.20   2.41   4.56  22.68  29.82
  -0.87   0.20   2.41   4.56  22.68  29.82
  -0.44   0.34   3.39  -2.07 -13.28  35.41
  -0.44   0.34   3.39  -2.07 -13.28  35.41
  -1.37   0.33   3.24   0.06   1.39  38.41
  -1.37   0.33   3.24   0.06   1.39  38.41
  -0.59   0.06   3.46  -2.22   0.95  36.07
  -0.59   0.06   3.46  -2.22   0.95  36.07
  -1.36   0.28   3.15  -1.24   6.05  36.36
  -1.36   0.28   3.15  -1.24   6.05  36.36
  -1.23   0.41   3.07  -3.36  -5.57  37.58
  -1.23   0.41   3.07  -3.36  -5.57  37.58
  -0.92   0.27   3.21  -1.95  -1.01  38.18
  -0.92   0.27   3.21  -1.95  -1.01  38.18
  -0.61   0.05   3.05  -1.96  19.98  31.60
  -0.61   0.05   3.05  -1.96  19.98  31.60
  -0.99   0.22   3.22   0.92   6.59  41.85
  -0.99   0.22   3.22   0.92   6.59  41.85
  -1.24  -0.01   3.08  -0.16   9.54  33.97
  -1.24  -0.01   3.08  -0.16   9.54  33.97
  -0.61   0.06   3.33  -1.02   4.45  36.93
  -0.61   0.06   3.33  -1.02   4.45  36.93
  -1.41   0.31   2.23   6.53  23.35  31.45
  -1.41   0.31   2.23   6.53  23.35  31.45
  -1.26   0.41   2.74   3.44  27.75  34.98
  -1.26   0.41   2.74   3.44  27.75  34.98
  -0.74  -0.11   3.52  -1.56  -7.82  36.56
  -0.74  -0.11   3.52  -1.56  -7.82  36.56
  -0.53   0.42   3.25  -1.48   2.55  38.44
  -0.53   0.42   3.25  -1.48   2.55  38.44
  -1.22   0.41   2.62   4.66  15.61  26.17
  -1.22   0.41   2.62   4.66  15.61  26.17
