   0.44   0.44   3.70   2.23  -0.26  38.20
   0.44   0.44   3.70   2.23  -0.26  38.20
   0.40   0.45   3.80   2.49  -0.72  38.61
   0.40   0.45   3.80   2.49  -0.72  38.61
   0.41   0.44   3.76   2.03  -0.95  38.20
   0.41   0.44   3.76   2.03  -0.95  38.20
   0.41   0.45   3.78   1.70  -0.96  38.56
   0.41   0.45   3.78   1.70  -0.96  38.56
   0.46   0.45   3.73   1.98  -1.73  38.19
   0.46   0.45   3.73   1.98  -1.73  38.19
   0.42   0.43   3.73   2.13   0.50  38.13
   0.42   0.43   3.73   2.13   0.50  38.13
   0.43   0.47   3.76   2.02  -2.43  38.52
   0.43   0.47   3.76   2.02  -2.43  38.52
   0.40   0.46   3.81   1.20  -1.90  38.49
   0.40   0.46   3.81   1.20  -1.90  38.49
   0.48   0.45   3.72   2.45  -0.71  37.88
   0.48   0.45   3.72   2.45  -0.71  37.88
   0.43   0.43   3.77   2.00  -1.38  38.35
   0.43   0.43   3.77   2.00  -1.38  38.35
   0.46   0.42   3.75   1.92  -1.01  38.37
   0.46   0.42   3.75   1.92  -1.01  38.37
   0.46   0.46   3.73   1.98  -0.54  38.02
   0.46   0.46   3.73   1.98  -0.54  38.02
   0.44   0.43   3.78   2.91  -1.17  38.09
   0.44   0.43   3.78   2.91  -1.17  38.09
   0.42   0.43   3.71   2.19  -0.05  37.93
   0.42   0.43   3.71   2.19  -0.05  37.93
   0.49   0.44   3.70   1.94   0.00  38.02
   0.49   0.44   3.70   1.94   0.00  38.02
   0.41   0.45   3.81   1.32  -0.83  38.57
   0.41   0.45   3.81   1.32  -0.83  38.57
   0.41   0.45   3.76   1.34  -0.63  38.47
   0.41   0.45   3.76   1.34  -0.63  38.47
   0.45   0.45   3.75   2.73  -1.18  38.48
   0.45   0.45   3.75   2.73  -1.18  38.48
   0.44   0.44   3.79   2.49  -1.60  38.57
   0.44   0.44   3.79   2.49  -1.60  38.57
   0.40   0.46   3.73   2.32  -0.47  38.45
   0.40   0.46   3.73   2.32  -0.47  38.45
   0.44   0.47   3.80   2.85  -1.00  38.55
   0.44   0.47   3.80   2.85  -1.00  38.55
   0.41   0.44   3.72   3.28  -2.54  38.49
   0.41   0.44   3.72   3.28  -2.54  38.49
   0.38   0.46   3.80   2.11  -2.78  38.48
   0.38   0.46   3.80   2.11  -2.78  38.48
   0.42   0.46   3.78   3.03  -1.92  38.35
   0.42   0.46   3.78   3.03  -1.92  38.35
   0.42   0.46   3.79   2.64  -2.54  38.70
   0.42   0.46   3.79   2.64  -2.54  38.70
   0.42   0.44   3.76   1.09   1.01  38.23
   0.42   0.44   3.76   1.09   1.01  38.23
   0.41   0.44   3.72   2.28  -0.11  38.37
   0.41   0.44   3.72   2.28  -0.11  38.37
   0.45   0.46   3.84   2.41  -2.41  38.40
   0.45   0.46   3.84   2.41  -2.41  38.40
   0.43   0.48   3.76   1.97  -1.24  38.14
   0.43   0.48   3.76   1.97  -1.24  38.14
   0.40   0.44   3.71   1.22  -0.38  38.43
   0.40   0.44   3.71   1.22  -0.38  38.43
   0.44   0.45   3.75   2.34  -0.75  38.22
   0.44   0.45   3.75   2.34  -0.75  38.22
   0.44   0.45   3.72   2.42   0.19  38.12
   0.44   0.45   3.72   2.42   0.19  38.12
   0.48   0.46   3.75   3.90  -1.12  38.45
   0.48   0.46   3.75   3.90  -1.12  38.45
   0.42   0.46   3.82   1.70  -0.49  38.33
   0.42   0.46   3.82   1.70  -0.49  38.33
   0.44   0.43   3.68   1.70   2.35  37.91
   0.44   0.43   3.68   1.70   2.35  37.91
   0.43   0.40   3.72   1.80  -0.01  37.98
   0.43   0.40   3.72   1.80  -0.01  37.98
   0.37   0.42   3.75   1.34  -1.68  38.67
   0.37   0.42   3.75   1.34  -1.68  38.67
   0.44   0.40   3.81   2.74  -1.56  38.34
   0.44   0.40   3.81   2.74  -1.56  38.34
   0.48   0.44   3.70   2.55  -1.08  37.74
   0.48   0.44   3.70   2.55  -1.08  37.74
   0.42   0.43   3.70   1.75  -1.67  38.09
   0.42   0.43   3.70   1.75  -1.67  38.09
   0.39   0.45   3.74   1.54   0.00  38.35
   0.39   0.45   3.74   1.54   0.00  38.35
   0.39   0.43   3.75   1.68  -1.81  38.23
   0.39   0.43   3.75   1.68  -1.81  38.23
   0.40   0.44   3.81   1.90  -2.07  38.42
   0.40   0.44   3.81   1.90  -2.07  38.42
   0.47   0.41   3.76   2.30  -0.41  38.32
   0.47   0.41   3.76   2.30  -0.41  38.32
   0.42   0.46   3.75   1.50   0.13  38.32
   0.42   0.46   3.75   1.50   0.13  38.32
   0.45   0.43   3.78   2.77  -0.46  38.10
   0.45   0.43   3.78   2.77  -0.46  38.10
   0.41   0.42   3.70   1.71  -0.77  38.16
   0.41   0.42   3.70   1.71  -0.77  38.16
   0.44   0.47   3.75   2.36  -1.58  38.52
   0.44   0.47   3.75   2.36  -1.58  38.52
   0.44   0.43   3.79   1.61  -1.63  38.34
   0.44   0.43   3.79   1.61  -1.63  38.34
   0.44   0.45   3.67   2.81  -1.25  38.06
   0.44   0.45   3.67   2.81  -1.25  38.06
   0.38   0.45   3.76   1.83  -1.23  38.48
   0.38   0.45   3.76   1.83  -1.23  38.48
