1	165.89
2	183.23
3	164.51
4	171.41
5	169.34
6	154.77
7	186.6
8	175.24
9	170.71
10	175.28
11	187.02
12	170.22
13	175.35
14	166.84
15	157.35
16	166.11
17	158.51
18	165.95
19	174.52
20	160.48
21	153.92
22	154.59
23	161.21
24	178.02
25	169.97
26	178.07
27	182.13
28	166.43
29	174.13
30	181.08
31	161.16
32	170.90
33	154.89
34	159.57
35	169.57
36	161.80
37	181.6
38	164.74
39	148.41
40	164.89
41	160.84
42	177.99
43	184.97
44	161.31
45	162.98
46	166.82
47	157.99
48	171.37
49	168.20
50	183.93
51	190.2
52	169.54
53	169.43
54	169.31
55	162.65
56	167.13
57	177.87
58	168.67
59	159.44
60	173.01
61	183.91
62	151.51
63	165.28
64	158.73
65	166.98
66	165.13
67	177.48
68	174.30
69	165.25
70	157.14
71	148.28
72	164.26
73	157.53
74	164.16
75	151.44
76	164.21
77	180.43
78	171.88
79	148.44
80	169.24
81	170.67
82	173.78
83	172.92
84	170.17
85	159.08
86	166.75
87	153.84
88	180.73
89	159.96
90	155.23
91	170.03
92	189.25
93	141.97
94	165.61
95	181.74
96	164.56
97	178.35
98	159.63
99	168.62
100	165.63
101	174.61
