1	58.82
2	45.90
3	70.14
4	61.27
5	46.73
6	63.75
7	54.19
8	50.09
9	54.18
10	54.40
11	50.79
12	54.59
13	60.40
14	51.74
15	67.20
16	64.10
17	58.32
18	63.61
19	54.08
20	62.97
21	64.07
22	56.64
23	64.11
24	52.24
25	58.08
26	55.67
27	47.58
28	66.76
29	51.37
30	48.71
31	56.88
32	49.38
33	58.78
34	64.47
35	51.42
36	56.77
37	40.31
38	63.08
39	69.56
40	53.61
41	68.51
42	45.59
43	53.57
44	58.78
45	61.45
46	49.55
47	72.32
48	53.44
49	54.20
50	40.42
51	45.11
52	60.26
53	43.25
54	51.94
55	64.74
56	50.29
57	43.46
58	54.59
59	53.76
60	54.16
61	47.62
62	59.75
63	57.18
64	62.60
65	48.79
66	56.09
67	53.05
68	50.04
69	68.88
70	62.28
71	64.65
72	59.95
73	63.73
74	60.05
75	69.12
76	52.25
77	49.20
78	54.00
79	81.68
80	57.72
81	54.82
82	59.84
83	66.64
84	54.34
85	60.99
86	68.38
87	64.42
88	34.01
89	56.70
90	61.78
91	58.78
92	50.62
93	75.80
94	56.55
95	46.21
96	63.84
97	48.43
98	67.06
99	72.91
100	54.12
101	47.62
