1	247.15
2	188.11
3	192.43
4	211.09
5	154.86
6	208.34
7	202.62
8	188.05
9	181.6
10	186.85
11	162.76
12	165.37
13	191.51
14	181.87
15	198.53
16	221.2
17	181.49
18	210.71
19	191.31
20	195.01
21	182.95
22	172.33
23	198.84
24	194.39
25	200.23
26	179.55
27	172.83
28	186.36
29	189.45
30	201.57
31	209.6
32	198.38
33	224.51
34	216.82
35	172.44
36	182.06
37	167.23
38	184.34
39	186.11
40	173.42
41	193.54
42	274.57
43	182.09
44	244.25
45	158.19
46	137.99
47	202.01
48	198.71
49	280.19
50	267.98
51	206.85
52	187.5
53	167.42
54	167.94
55	197.48
56	171.93
57	173.25
58	178.05
59	270.32
60	196.67
61	174.38
62	173.61
63	207.72
64	188.06
65	179.00
66	221.29
67	185.47
68	196.61
69	190.26
70	164.14
71	173.63
72	157.43
73	192.35
74	177.61
75	280.38
76	178.81
77	233.4
78	181.27
79	217.17
80	199.8
81	149.42
82	196.78
83	208.78
84	186.45
85	178.29
86	250.55
87	181.45
88	164.78
89	213.06
90	187.33
91	174.40
92	189.05
93	297.98
94	189.86
95	160.77
96	234.21
97	167.48
98	152.95
99	226.61
100	195.22
101	149.65
