1 3.50
2 3.50
3 2.87
4 2.87
5 3.53
6 3.53
7 2.81
8 2.81
9 2.89
10 2.89
11 3.81
12 3.81
13 3.58
14 3.58
15 4.20
16 4.20
17 3.20
18 3.20
19 3.91
20 3.91
21 2.91
22 2.91
23 3.49
24 3.49
25 3.58
26 3.58
27 3.56
28 3.56
29 3.55
30 3.55
31 2.98
32 2.98
33 3.55
34 3.55
35 3.91
36 3.91
37 3.73
38 3.73
39 3.83
40 3.83
41 3.36
42 3.36
43 3.47
44 3.47
45 3.45
46 3.45
47 3.48
48 3.48
49 3.43
50 3.43
51 4.12
52 4.12
53 2.67
54 2.67
55 3.78
56 3.78
57 3.44
58 3.44
59 3.51
60 3.51
61 3.49
62 3.49
63 3.22
64 3.22
65 2.72
66 2.72
67 3.16
68 3.16
69 3.78
70 3.78
71 3.80
72 3.80
73 3.37
74 3.37
75 3.75
76 3.75
77 3.59
78 3.59
79 3.48
80 3.48
81 3.38
82 3.38
83 4.24
84 4.24
85 3.31
86 3.31
87 3.39
88 3.39
89 3.31
90 3.31
91 3.62
92 3.62
93 3.47
94 3.47
95 3.33
96 3.33
97 4.07
98 4.07
99 4.17
100 4.17
101 3.61
102 3.61
