1 0.24
2 0.24
3 0.00
4 0.00
5 0.23
6 0.23
7 -0.06
8 -0.06
9 0.18
10 0.18
11 0.01
12 0.01
13 -0.02
14 -0.02
15 -0.36
16 -0.36
17 0.10
18 0.10
19 -0.24
20 -0.24
21 -0.06
22 -0.06
23 0.32
24 0.32
25 0.61
26 0.61
27 0.27
28 0.27
29 -0.11
30 -0.11
31 0.31
32 0.31
33 0.83
34 0.83
35 0.67
36 0.67
37 0.10
38 0.10
39 0.10
40 0.10
41 0.47
42 0.47
43 0.49
44 0.49
45 0.52
46 0.52
47 -0.20
48 -0.20
49 0.70
50 0.70
51 0.32
52 0.32
53 0.43
54 0.43
55 -0.12
56 -0.12
57 0.20
58 0.20
59 0.55
60 0.55
61 0.36
62 0.36
63 -0.08
64 -0.08
65 -0.01
66 -0.01
67 -0.10
68 -0.10
69 0.26
70 0.26
71 0.29
72 0.29
73 -0.03
74 -0.03
75 0.30
76 0.30
77 -0.07
78 -0.07
79 0.08
80 0.08
81 -0.25
82 -0.25
83 -0.13
84 -0.13
85 -0.13
86 -0.13
87 0.35
88 0.35
89 0.26
90 0.26
91 -0.12
92 -0.12
93 0.14
94 0.14
95 0.19
96 0.19
97 -0.01
98 -0.01
99 0.38
100 0.38
101 0.34
102 0.34
