1 37.63
2 37.63
3 37.09
4 37.09
5 41.33
6 41.33
7 31.78
8 31.78
9 35.02
10 35.02
11 41.52
12 41.52
13 42.94
14 42.94
15 40.47
16 40.47
17 32.23
18 32.23
19 39.32
20 39.32
21 27.64
22 27.64
23 40.05
24 40.05
25 44.30
26 44.30
27 42.58
28 42.58
29 39.30
30 39.30
31 35.06
32 35.06
33 40.00
34 40.00
35 38.70
36 38.70
37 39.89
38 39.89
39 44.36
40 44.36
41 38.99
42 38.99
43 40.21
44 40.21
45 39.89
46 39.89
47 35.45
48 35.45
49 40.17
50 40.17
51 44.07
52 44.07
53 31.91
54 31.91
55 33.03
56 33.03
57 38.32
58 38.32
59 40.81
60 40.81
61 42.46
62 42.46
63 35.92
64 35.92
65 29.88
66 29.88
67 36.06
68 36.06
69 43.81
70 43.81
71 45.74
72 45.74
73 40.69
74 40.69
75 37.60
76 37.60
77 38.55
78 38.55
79 39.07
80 39.07
81 37.48
82 37.48
83 46.05
84 46.05
85 41.55
86 41.55
87 36.67
88 36.67
89 38.90
90 38.90
91 43.09
92 43.09
93 42.56
94 42.56
95 39.41
96 39.41
97 46.43
98 46.43
99 42.24
100 42.24
101 38.06
102 38.06
