1	160.69
2	169.69
3	169.15
4	167.61
5	155.30
6	171.69
7	161.74
8	167.47
9	166.91
10	165.94
11	164.53
12	167.73
13	169.79
14	169.89
15	169.02
16	169.41
17	170.76
18	170.62
19	158.89
20	168.15
21	170.90
22	165.24
23	164.97
24	163.20
25	170.83
26	160.00
27	164.59
28	166.85
29	160.03
30	161.48
31	159.55
32	158.15
33	148.10
34	164.92
35	164.35
36	161.66
37	168.22
38	155.50
39	169.78
40	164.44
41	169.73
42	167.44
43	162.81
44	162.29
45	167.26
46	171.71
47	156.03
48	162.63
49	172.04
50	162.05
51	168.60
