1 6.95
2 6.95
3 2.48
4 2.48
5 5.82
6 5.82
7 13.52
8 13.52
9 6.33
10 6.33
11 13.18
12 13.18
13 13.40
14 13.40
15 10.00
16 10.00
17 4.08
18 4.08
19 23.78
20 23.78
21 1.95
22 1.95
23 25.63
24 25.63
25 15.30
26 15.30
27 24.81
28 24.81
29 27.52
30 27.52
31 -3.41
32 -3.41
33 20.18
34 20.18
35 5.36
36 5.36
37 26.81
38 26.81
39 21.64
40 21.64
41 34.54
42 34.54
43 15.92
44 15.92
45 13.89
46 13.89
47 7.49
48 7.49
49 10.16
50 10.16
51 24.64
52 24.64
53 4.03
54 4.03
55 -5.66
56 -5.66
57 27.50
58 27.50
59 19.22
60 19.22
61 -3.84
62 -3.84
63 14.92
64 14.92
65 0.97
66 0.97
67 29.05
68 29.05
69 20.53
70 20.53
71 8.40
72 8.40
73 9.43
74 9.43
75 22.78
76 22.78
77 -0.84
78 -0.84
79 20.00
80 20.00
81 9.66
82 9.66
83 4.47
84 4.47
85 16.54
86 16.54
87 8.62
88 8.62
89 -10.10
90 -10.10
91 16.98
92 16.98
93 30.66
94 30.66
95 8.52
96 8.52
97 11.01
98 11.01
99 17.78
100 17.78
101 4.70
102 4.70
