1 0.16
2 0.16
3 0.45
4 0.45
5 0.82
6 0.82
7 0.43
8 0.43
9 1.17
10 1.17
11 0.82
12 0.82
13 0.13
14 0.13
15 0.50
16 0.50
17 0.82
18 0.82
19 0.51
20 0.51
21 1.10
22 1.10
23 0.56
24 0.56
25 0.70
26 0.70
27 0.44
28 0.44
29 -0.08
30 -0.08
31 0.42
32 0.42
33 0.72
34 0.72
35 0.98
36 0.98
37 0.74
38 0.74
39 0.47
40 0.47
41 0.37
42 0.37
43 0.94
44 0.94
45 0.55
46 0.55
47 1.06
48 1.06
49 0.36
50 0.36
51 0.72
52 0.72
53 0.53
54 0.53
55 0.69
56 0.69
57 -0.51
58 -0.51
59 0.56
60 0.56
61 0.15
62 0.15
63 0.77
64 0.77
65 1.49
66 1.49
67 0.26
68 0.26
69 -0.08
70 -0.08
71 0.70
72 0.70
73 0.05
74 0.05
75 0.67
76 0.67
77 0.79
78 0.79
79 0.91
80 0.91
81 1.27
82 1.27
83 0.42
84 0.42
85 0.56
86 0.56
87 0.80
88 0.80
89 0.39
90 0.39
91 0.45
92 0.45
93 0.25
94 0.25
95 0.42
96 0.42
97 0.85
98 0.85
99 0.86
100 0.86
101 0.07
102 0.07
