1	219.94
2	218.61
3	235.94
4	257.49
5	233.83
6	219.31
7	222.55
8	232.23
9	219.18
10	227.29
11	209.24
12	229.62
13	219.54
14	224.5
15	214.69
16	203.89
17	224.41
18	235.77
19	219.95
20	210.33
21	213.93
22	230.79
23	237.99
24	206.94
25	221.66
26	232.49
27	216.16
28	216.74
29	216.16
30	254.02
31	236.33
32	232.59
33	206.22
34	232.16
35	234.64
36	221.04
37	221.84
38	231.01
39	220.84
40	224.92
41	213.54
42	232.23
43	241.81
44	219.56
45	220.56
46	209.19
47	228.66
48	207.62
49	228.17
50	217.01
51	227.03
