1	163.93
2	175.34
3	181.15
4	190.44
5	166.40
6	189.65
7	177.00
8	179.62
9	178.59
10	176.39
11	174.86
12	162.57
13	179.14
14	169.29
15	182.52
16	168.17
17	181.89
18	179.97
19	179.81
20	147.31
21	172.81
22	176.03
23	163.07
24	174.21
25	177.24
26	169.37
27	183.32
28	184.36
29	189.69
30	180.54
31	158.02
32	182.52
33	180.56
34	182.96
35	164.96
36	184.6
37	173.90
38	176.71
39	183.13
40	157.06
41	177.08
42	153.67
43	175.03
44	175.17
45	178.22
46	177.27
47	179.34
48	182.44
49	178.93
50	165.19
51	177.69
