1	0.71
2	0.08
3	0.45
4	0.27
5	-1.00
6	0.05
7	-0.30
8	-0.45
9	0.54
10	0.28
11	0.77
12	-0.35
13	-0.85
14	-0.60
15	-1.13
16	-0.75
17	-0.40
18	-0.60
19	-0.11
20	-0.24
21	-0.19
22	0.04
23	0.21
24	-0.55
25	-0.35
26	0.01
27	-0.50
28	0.33
29	-0.49
30	-0.20
31	0.01
32	-0.46
33	-0.54
34	-0.73
35	-0.03
36	-0.36
37	-0.79
38	-0.26
39	0.06
40	-1.01
41	-0.38
42	-0.17
43	-0.20
44	-0.61
45	-0.85
46	-0.05
47	-0.12
48	-0.13
49	0.19
50	-0.92
51	-0.39
52	-0.77
53	-0.76
54	-1.35
55	-0.36
56	-0.34
57	-1.33
58	0.14
59	0.66
60	-0.91
61	-0.61
62	-0.57
63	-0.48
64	-0.40
65	0.73
66	0.13
67	-0.09
68	0.04
69	0.32
70	-0.54
71	-0.77
72	-0.61
73	0.75
74	-0.27
75	-0.30
76	-0.76
77	0.64
78	0.49
79	0.20
80	-0.21
81	-0.68
82	-0.79
83	-1.14
84	-1.13
85	-1.28
86	0.92
87	-0.70
88	-0.36
89	-0.17
90	-0.51
91	-0.52
92	-1.37
93	-1.04
94	0.34
95	0.36
96	-0.49
97	0.48
98	-0.68
99	-0.25
100	-0.37
101	-1.37
