   0.18  -0.34   3.18  -1.56   0.56  32.01
   0.18  -0.34   3.18  -1.56   0.56  32.01
   0.46  -0.59   3.78   0.17 -11.81  36.99
   0.46  -0.59   3.78   0.17 -11.81  36.99
   0.63  -0.69   3.04   1.21   8.65  31.68
   0.63  -0.69   3.04   1.21   8.65  31.68
   0.83  -0.63   3.79  -1.00 -20.52  35.00
   0.83  -0.63   3.79  -1.00 -20.52  35.00
   0.04  -0.28   3.29  -0.85  -4.56  33.04
   0.04  -0.28   3.29  -0.85  -4.56  33.04
   0.14  -0.89   3.48  -1.44   6.51  34.83
   0.14  -0.89   3.48  -1.44   6.51  34.83
   1.30  -0.71   3.21  -0.19  10.27  27.73
   1.30  -0.71   3.21  -0.19  10.27  27.73
   0.34  -0.66   3.83   0.44 -19.26  36.78
   0.34  -0.66   3.83   0.44 -19.26  36.78
   0.25  -1.55   3.83  -2.28  -5.71  30.58
   0.25  -1.55   3.83  -2.28  -5.71  30.58
   0.66  -0.58   3.19   2.94 -10.22  28.91
   0.66  -0.58   3.19   2.94 -10.22  28.91
   0.42  -0.40   4.59  -2.67 -25.36  40.02
   0.42  -0.40   4.59  -2.67 -25.36  40.02
  -0.09  -0.51   4.43   0.39 -25.55  42.03
  -0.09  -0.51   4.43   0.39 -25.55  42.03
   0.28  -1.20   3.12  -1.06   4.84  28.25
   0.28  -1.20   3.12  -1.06   4.84  28.25
   0.93  -1.22   4.00  -2.65 -26.46  33.26
   0.93  -1.22   4.00  -2.65 -26.46  33.26
   0.14  -0.65   3.14  -1.27  -4.66  29.54
   0.14  -0.65   3.14  -1.27  -4.66  29.54
   1.04  -0.91   3.64  -4.20 -12.16  34.24
   1.04  -0.91   3.64  -4.20 -12.16  34.24
   1.15  -0.17   3.81  -2.17 -22.62  35.47
   1.15  -0.17   3.81  -2.17 -22.62  35.47
   0.90  -0.71   4.06  -2.80 -27.35  36.51
   0.90  -0.71   4.06  -2.80 -27.35  36.51
   1.30  -0.72   4.51  -0.92 -27.07  30.20
   1.30  -0.72   4.51  -0.92 -27.07  30.20
   0.96  -0.88   2.61  -1.41   0.17  29.26
   0.96  -0.88   2.61  -1.41   0.17  29.26
   0.96  -0.76   3.09  -0.38   3.58  29.72
   0.96  -0.76   3.09  -0.38   3.58  29.72
   0.46  -1.03   3.60  -0.22   8.15  34.31
   0.46  -1.03   3.60  -0.22   8.15  34.31
   0.77  -0.92   4.40  -1.43 -26.01  31.27
   0.77  -0.92   4.40  -1.43 -26.01  31.27
   0.53  -0.48   2.45   1.86  13.26  15.07
   0.53  -0.48   2.45   1.86  13.26  15.07
   0.81  -0.71   3.75   1.53 -16.25  30.19
   0.81  -0.71   3.75   1.53 -16.25  30.19
  -0.07  -0.84   2.04   0.46  31.44  11.95
  -0.07  -0.84   2.04   0.46  31.44  11.95
   0.37  -0.44   3.85   1.59  -9.36  28.96
   0.37  -0.44   3.85   1.59  -9.36  28.96
   0.29  -0.38   4.10  -2.31 -14.12  34.30
   0.29  -0.38   4.10  -2.31 -14.12  34.30
   0.26  -0.87   2.50  -1.06  21.88  20.06
   0.26  -0.87   2.50  -1.06  21.88  20.06
   1.13  -0.47   3.70   0.04  -8.91  29.31
   1.13  -0.47   3.70   0.04  -8.91  29.31
   0.91  -0.51   4.69  -4.22 -32.88  37.44
   0.91  -0.51   4.69  -4.22 -32.88  37.44
   1.09  -0.54   4.31  -2.29 -28.27  35.10
   1.09  -0.54   4.31  -2.29 -28.27  35.10
   0.95  -1.11   2.43  -1.71  15.41  26.51
   0.95  -1.11   2.43  -1.71  15.41  26.51
   0.86  -0.46   3.90  -1.59 -15.05  34.19
   0.86  -0.46   3.90  -1.59 -15.05  34.19
   1.08  -0.20   4.20  -0.29 -39.78  37.91
   1.08  -0.20   4.20  -0.29 -39.78  37.91
   1.33  -0.56   3.47   4.51 -20.80  30.38
   1.33  -0.56   3.47   4.51 -20.80  30.38
   0.18  -0.72   3.65  -1.10  -6.46  36.76
   0.18  -0.72   3.65  -1.10  -6.46  36.76
   0.54  -0.10   4.87  -1.17 -47.15  39.12
   0.54  -0.10   4.87  -1.17 -47.15  39.12
   0.72  -1.03   2.29  -4.42  21.94  20.52
   0.72  -1.03   2.29  -4.42  21.94  20.52
   0.44  -0.97   2.94   1.19   5.56  26.59
   0.44  -0.97   2.94   1.19   5.56  26.59
   1.02  -0.78   4.11   3.02 -17.98  28.52
   1.02  -0.78   4.11   3.02 -17.98  28.52
   0.64  -0.77   3.04   0.30  -2.96  30.11
   0.64  -0.77   3.04   0.30  -2.96  30.11
   0.04  -1.20   3.23  -0.54  -7.88  30.82
   0.04  -1.20   3.23  -0.54  -7.88  30.82
   0.91  -0.60   4.53  -2.21 -37.67  40.33
   0.91  -0.60   4.53  -2.21 -37.67  40.33
   0.50  -0.64   2.74   5.11   4.17  23.05
   0.50  -0.64   2.74   5.11   4.17  23.05
  -0.02  -0.96   3.73  -2.52 -14.17  31.84
  -0.02  -0.96   3.73  -2.52 -14.17  31.84
   1.30  -0.11   4.06  -0.51 -31.62  41.30
   1.30  -0.11   4.06  -0.51 -31.62  41.30
  -0.06  -0.71   4.13  -2.90  -7.19  34.13
  -0.06  -0.71   4.13  -2.90  -7.19  34.13
  -0.19  -0.68   2.85   1.61  17.34  21.33
  -0.19  -0.68   2.85   1.61  17.34  21.33
   0.53  -0.74   3.84  -1.95 -18.29  39.16
   0.53  -0.74   3.84  -1.95 -18.29  39.16
   0.66  -0.55   3.85  -2.11 -17.08  34.41
   0.66  -0.55   3.85  -2.11 -17.08  34.41
