  -0.03   0.09   3.48  -2.06  -4.30  32.18
  -0.03   0.09   3.48  -2.06  -4.30  32.18
   0.27  -0.10   3.36  -3.47   6.97  39.08
   0.27  -0.10   3.36  -3.47   6.97  39.08
   1.71  -0.13   2.85   4.53  13.88  30.25
   1.71  -0.13   2.85   4.53  13.88  30.25
   0.45  -0.80   2.95   0.26  10.11  24.04
   0.45  -0.80   2.95   0.26  10.11  24.04
  -0.33  -0.89   2.90  -2.54  10.84  32.13
  -0.33  -0.89   2.90  -2.54  10.84  32.13
   0.37   0.15   4.18  -4.34  -3.64  32.79
   0.37   0.15   4.18  -4.34  -3.64  32.79
   0.65  -0.13   3.66   0.53   7.42  23.37
   0.65  -0.13   3.66   0.53   7.42  23.37
  -0.04   0.29   3.57  -4.88  13.59  27.56
  -0.04   0.29   3.57  -4.88  13.59  27.56
   1.11   0.12   3.27  12.35  -5.38  45.67
   1.11   0.12   3.27  12.35  -5.38  45.67
   0.67  -0.53   3.01   3.58   9.94  32.83
   0.67  -0.53   3.01   3.58   9.94  32.83
   0.64   0.00   3.37   0.89   2.30  31.24
   0.64   0.00   3.37   0.89   2.30  31.24
   0.55  -0.76   2.77  -0.16  26.18  26.04
   0.55  -0.76   2.77  -0.16  26.18  26.04
   0.79   0.13   3.50   3.00   9.81  27.87
   0.79   0.13   3.50   3.00   9.81  27.87
   1.66  -1.11   3.20   2.75  11.75  24.31
   1.66  -1.11   3.20   2.75  11.75  24.31
   0.31  -1.77   2.54  -8.94  23.45  19.85
   0.31  -1.77   2.54  -8.94  23.45  19.85
   1.73  -1.47   2.66   7.72   9.49  22.09
   1.73  -1.47   2.66   7.72   9.49  22.09
   0.62   0.13   3.60   3.36  -7.60  25.89
   0.62   0.13   3.60   3.36  -7.60  25.89
   0.31  -0.23   3.71  -7.27  13.38  22.20
   0.31  -0.23   3.71  -7.27  13.38  22.20
   1.34  -1.26   2.80   1.48  11.74  24.71
   1.34  -1.26   2.80   1.48  11.74  24.71
   0.52  -0.83   3.50  -5.22 -13.92  31.62
   0.52  -0.83   3.50  -5.22 -13.92  31.62
   0.60  -0.20   3.23  -2.08  19.91  26.82
   0.60  -0.20   3.23  -2.08  19.91  26.82
   1.33   0.10   3.82  12.50  -0.80  32.92
   1.33   0.10   3.82  12.50  -0.80  32.92
   0.35  -0.74   2.71  10.29  16.82  25.38
   0.35  -0.74   2.71  10.29  16.82  25.38
   0.68  -0.27   3.07   3.28  14.32  23.20
   0.68  -0.27   3.07   3.28  14.32  23.20
   0.79  -0.61   2.70  12.79  10.43  25.13
   0.79  -0.61   2.70  12.79  10.43  25.13
   0.33  -0.24   2.71  10.05  21.26  19.08
   0.33  -0.24   2.71  10.05  21.26  19.08
   0.22  -0.72   2.30   0.57  37.72  24.92
   0.22  -0.72   2.30   0.57  37.72  24.92
   1.21  -0.13   4.38   2.68  -2.35  22.28
   1.21  -0.13   4.38   2.68  -2.35  22.28
   0.74  -1.08   3.44   1.85  14.61  16.89
   0.74  -1.08   3.44   1.85  14.61  16.89
   1.14  -0.76   3.52   5.72   7.69  30.32
   1.14  -0.76   3.52   5.72   7.69  30.32
   1.18  -1.13   2.69   3.26  21.33  18.49
   1.18  -1.13   2.69   3.26  21.33  18.49
   1.22  -0.93   2.55  11.57   5.39  20.73
   1.22  -0.93   2.55  11.57   5.39  20.73
  -0.15   0.02   2.97   5.06  15.16  27.07
  -0.15   0.02   2.97   5.06  15.16  27.07
   2.15  -0.02   3.34   8.70   3.34  33.71
   2.15  -0.02   3.34   8.70   3.34  33.71
   0.42  -0.68   3.30   4.51  15.04  21.35
   0.42  -0.68   3.30   4.51  15.04  21.35
   0.90  -0.33   3.47   3.81   6.36  26.19
   0.90  -0.33   3.47   3.81   6.36  26.19
   1.11   0.26   3.09   5.42   4.68  33.18
   1.11   0.26   3.09   5.42   4.68  33.18
   1.00   0.46   3.92  -1.12  -9.25  34.77
   1.00   0.46   3.92  -1.12  -9.25  34.77
  -0.16  -0.50   3.28   1.49   7.18  36.18
  -0.16  -0.50   3.28   1.49   7.18  36.18
   1.45  -0.42   3.66  -1.77   1.60  27.40
   1.45  -0.42   3.66  -1.77   1.60  27.40
   0.56   0.32   3.92  -1.00  -6.09  32.24
   0.56   0.32   3.92  -1.00  -6.09  32.24
   0.89  -0.49   3.59   2.44  -3.60  34.47
   0.89  -0.49   3.59   2.44  -3.60  34.47
   1.38  -0.11   3.11   7.05  -3.55  28.78
   1.38  -0.11   3.11   7.05  -3.55  28.78
   1.01  -0.85   3.38   5.50   8.54  24.34
   1.01  -0.85   3.38   5.50   8.54  24.34
   1.41  -0.53   3.34   6.90  13.90  30.89
   1.41  -0.53   3.34   6.90  13.90  30.89
   0.63  -0.35   3.72  -0.11  10.32  30.63
   0.63  -0.35   3.72  -0.11  10.32  30.63
   0.31  -1.24   3.12   4.14   7.67  25.94
   0.31  -1.24   3.12   4.14   7.67  25.94
   0.91  -0.67   3.38   9.63   4.42  27.76
   0.91  -0.67   3.38   9.63   4.42  27.76
   1.03  -0.41   3.51   8.33   0.02  23.06
   1.03  -0.41   3.51   8.33   0.02  23.06
   1.79  -0.20   3.60   5.01   0.06  34.30
   1.79  -0.20   3.60   5.01   0.06  34.30
   1.88  -0.41   3.66   7.43  -2.52  20.98
   1.88  -0.41   3.66   7.43  -2.52  20.98
