   0.18  -0.35   3.17  -2.82   0.50  31.57
   0.18  -0.35   3.17  -2.82   0.50  31.57
   0.59  -1.32   2.66  -1.86   5.77  24.82
   0.59  -1.32   2.66  -1.86   5.77  24.82
   0.46  -0.92   2.64  -2.00  13.46  26.68
   0.46  -0.92   2.64  -2.00  13.46  26.68
   0.29  -0.39   3.81  -2.97 -12.53  35.89
   0.29  -0.39   3.81  -2.97 -12.53  35.89
   0.67  -0.48   3.37  -1.37  -9.01  33.00
   0.67  -0.48   3.37  -1.37  -9.01  33.00
   0.09  -0.66   2.54   1.20  18.44  23.01
   0.09  -0.66   2.54   1.20  18.44  23.01
   0.59  -1.21   2.71  -4.76  21.70  24.79
   0.59  -1.21   2.71  -4.76  21.70  24.79
   0.31  -0.67   3.08  -1.78   2.72  31.06
   0.31  -0.67   3.08  -1.78   2.72  31.06
   0.60  -0.68   4.62  -0.36 -11.78  35.41
   0.60  -0.68   4.62  -0.36 -11.78  35.41
   0.79  -1.15   1.94  -1.93  19.30  27.14
   0.79  -1.15   1.94  -1.93  19.30  27.14
   0.26  -0.53   2.32   2.73  24.79  23.01
   0.26  -0.53   2.32   2.73  24.79  23.01
   0.58  -0.21   4.15  -0.88 -23.72  30.27
   0.58  -0.21   4.15  -0.88 -23.72  30.27
   0.67  -0.62   3.56  -1.16   5.47  27.07
   0.67  -0.62   3.56  -1.16   5.47  27.07
   0.69  -0.91   3.00  -2.81  15.52  25.77
   0.69  -0.91   3.00  -2.81  15.52  25.77
   0.83  -0.81   1.87  -2.02  25.28  20.14
   0.83  -0.81   1.87  -2.02  25.28  20.14
   0.22  -1.11   2.83  -0.94  12.66  26.99
   0.22  -1.11   2.83  -0.94  12.66  26.99
   0.69  -0.70   3.69  -0.72  -4.83  33.10
   0.69  -0.70   3.69  -0.72  -4.83  33.10
   0.54  -0.36   3.46  -1.00   3.23  28.19
   0.54  -0.36   3.46  -1.00   3.23  28.19
   0.81  -0.87   3.24  -3.31  11.91  27.31
   0.81  -0.87   3.24  -3.31  11.91  27.31
   1.10  -0.27   3.43  -2.72  -6.81  26.63
   1.10  -0.27   3.43  -2.72  -6.81  26.63
  -0.49  -1.16   3.21   0.39  -5.30  29.23
  -0.49  -1.16   3.21   0.39  -5.30  29.23
   0.84  -1.44   1.84  -0.41  22.47  22.89
   0.84  -1.44   1.84  -0.41  22.47  22.89
   0.70  -0.74   2.78  -2.90   7.86  21.57
   0.70  -0.74   2.78  -2.90   7.86  21.57
   0.92  -1.15   2.82  -3.10  11.31  27.49
   0.92  -1.15   2.82  -3.10  11.31  27.49
   0.21  -1.08   2.72   0.43  16.54  22.27
   0.21  -1.08   2.72   0.43  16.54  22.27
   0.84  -0.73   3.70  -3.69 -10.79  32.66
   0.84  -0.73   3.70  -3.69 -10.79  32.66
   0.34  -0.98   3.27  -2.53  18.35  25.03
   0.34  -0.98   3.27  -2.53  18.35  25.03
   0.91  -0.84   3.03  -0.39  -6.60  30.34
   0.91  -0.84   3.03  -0.39  -6.60  30.34
   0.64  -0.78   2.64  -1.13  11.79  27.78
   0.64  -0.78   2.64  -1.13  11.79  27.78
   0.19  -0.61   3.57  -0.79   2.35  26.93
   0.19  -0.61   3.57  -0.79   2.35  26.93
   0.68  -1.06   3.35  -0.49   3.20  31.82
   0.68  -1.06   3.35  -0.49   3.20  31.82
  -0.12  -0.88   3.34   0.60  18.57  23.93
  -0.12  -0.88   3.34   0.60  18.57  23.93
   0.24  -0.50   3.04  -0.61  -0.46  31.45
   0.24  -0.50   3.04  -0.61  -0.46  31.45
   0.38  -0.94   3.17  -2.40  14.67  28.18
   0.38  -0.94   3.17  -2.40  14.67  28.18
   0.55  -0.44   3.60  -2.07  10.92  29.36
   0.55  -0.44   3.60  -2.07  10.92  29.36
   0.52  -0.35   3.53  -2.79   7.47  31.42
   0.52  -0.35   3.53  -2.79   7.47  31.42
   0.02  -0.77   3.30   1.02   5.32  26.91
   0.02  -0.77   3.30   1.02   5.32  26.91
   1.20  -0.80   2.88  -1.94   8.66  22.71
   1.20  -0.80   2.88  -1.94   8.66  22.71
   0.05  -1.15   2.10   2.79  46.40  12.35
   0.05  -1.15   2.10   2.79  46.40  12.35
   0.36  -0.85   2.62  -3.28  24.03  22.50
   0.36  -0.85   2.62  -3.28  24.03  22.50
   1.00  -0.96   3.92  -3.61  10.13  26.75
   1.00  -0.96   3.92  -3.61  10.13  26.75
   0.62  -1.05   2.38   0.73  27.00  18.01
   0.62  -1.05   2.38   0.73  27.00  18.01
  -0.03  -1.17   3.08  -0.32  10.06  29.62
  -0.03  -1.17   3.08  -0.32  10.06  29.62
   1.14  -1.12   2.80  -0.63   8.68  22.83
   1.14  -1.12   2.80  -0.63   8.68  22.83
   0.32  -0.96   3.00  -5.56  18.32  18.86
   0.32  -0.96   3.00  -5.56  18.32  18.86
   1.24  -0.48   2.91  -2.86  -0.82  25.25
   1.24  -0.48   2.91  -2.86  -0.82  25.25
   0.42  -1.07   2.77  -4.71  21.32  24.15
   0.42  -1.07   2.77  -4.71  21.32  24.15
   0.43  -0.85   2.31  -2.10  26.42  18.21
   0.43  -0.85   2.31  -2.10  26.42  18.21
   0.75  -0.90   3.11  -0.54   9.51  24.64
   0.75  -0.90   3.11  -0.54   9.51  24.64
   0.72  -0.67   3.13  -3.69   8.64  15.28
   0.72  -0.67   3.13  -3.69   8.64  15.28
   0.17  -0.98   3.42  -0.85   2.11  28.77
   0.17  -0.98   3.42  -0.85   2.11  28.77
