   0.37  -0.15   3.90   0.51  -7.67  34.86
   0.37  -0.15   3.90   0.51  -7.67  34.86
   0.87  -0.13   4.75  -1.15 -32.21  35.88
   0.87  -0.13   4.75  -1.15 -32.21  35.88
   0.91  -0.27   3.30   2.81   5.02  32.75
   0.91  -0.27   3.30   2.81   5.02  32.75
  -0.12  -0.64   3.82   3.10  -0.46  30.34
  -0.12  -0.64   3.82   3.10  -0.46  30.34
   0.91   0.15   3.73  -0.96   2.57  35.00
   0.91   0.15   3.73  -0.96   2.57  35.00
   0.60  -0.15   3.10   0.89  11.11  26.34
   0.60  -0.15   3.10   0.89  11.11  26.34
   0.11  -0.44   3.31   3.16   2.18  34.36
   0.11  -0.44   3.31   3.16   2.18  34.36
   0.67  -0.71   3.44   2.96  10.17  26.98
   0.67  -0.71   3.44   2.96  10.17  26.98
   0.93  -0.40   3.58   0.52  20.98  25.81
   0.93  -0.40   3.58   0.52  20.98  25.81
   0.30  -0.03   3.18   2.33  16.94  27.12
   0.30  -0.03   3.18   2.33  16.94  27.12
   0.65  -0.41   3.95   2.39  -7.91  35.22
   0.65  -0.41   3.95   2.39  -7.91  35.22
   0.57   0.07   3.44   1.50   6.58  29.64
   0.57   0.07   3.44   1.50   6.58  29.64
   0.49  -0.42   4.11   2.02  -8.92  36.84
   0.49  -0.42   4.11   2.02  -8.92  36.84
   0.87  -0.36   3.78   0.65   6.33  33.35
   0.87  -0.36   3.78   0.65   6.33  33.35
   0.08  -0.37   3.51   5.70   7.16  30.83
   0.08  -0.37   3.51   5.70   7.16  30.83
  -0.08  -0.12   3.82   3.95   5.32  36.75
  -0.08  -0.12   3.82   3.95   5.32  36.75
   0.58  -0.28   3.58   0.67   5.50  26.63
   0.58  -0.28   3.58   0.67   5.50  26.63
  -0.17  -0.35   3.77   1.34  14.67  27.47
  -0.17  -0.35   3.77   1.34  14.67  27.47
   0.19  -0.67   2.78   2.21  12.67  30.37
   0.19  -0.67   2.78   2.21  12.67  30.37
   0.86  -0.39   3.21  -1.86  21.66  23.39
   0.86  -0.39   3.21  -1.86  21.66  23.39
   0.39  -0.53   4.18   0.85 -22.01  35.56
   0.39  -0.53   4.18   0.85 -22.01  35.56
   0.79  -0.54   3.99  -0.14  -4.91  26.67
   0.79  -0.54   3.99  -0.14  -4.91  26.67
   0.10  -0.15   3.41   1.69   7.31  34.11
   0.10  -0.15   3.41   1.69   7.31  34.11
  -0.04  -0.23   4.48   1.44 -12.04  36.06
  -0.04  -0.23   4.48   1.44 -12.04  36.06
   0.93  -0.63   3.51   0.81  20.30  29.05
   0.93  -0.63   3.51   0.81  20.30  29.05
   0.11  -0.40   3.50   1.10  15.72  24.34
   0.11  -0.40   3.50   1.10  15.72  24.34
  -0.14  -0.22   3.97   2.94   9.96  36.23
  -0.14  -0.22   3.97   2.94   9.96  36.23
   0.48  -0.84   3.26   0.91  -1.40  26.95
   0.48  -0.84   3.26   0.91  -1.40  26.95
   0.83  -0.52   3.91   1.10  -7.46  32.81
   0.83  -0.52   3.91   1.10  -7.46  32.81
   0.04  -0.14   3.21   0.86  16.99  32.56
   0.04  -0.14   3.21   0.86  16.99  32.56
   0.31  -0.31   3.59  -0.64  -5.67  34.29
   0.31  -0.31   3.59  -0.64  -5.67  34.29
   0.51  -0.53   4.37  -2.42 -16.49  35.98
   0.51  -0.53   4.37  -2.42 -16.49  35.98
   0.42  -0.32   3.85   0.48  -9.24  26.26
   0.42  -0.32   3.85   0.48  -9.24  26.26
   0.30   0.01   3.52   2.03   8.91  24.55
   0.30   0.01   3.52   2.03   8.91  24.55
   0.41  -0.60   2.87   1.93  17.58  24.00
   0.41  -0.60   2.87   1.93  17.58  24.00
   0.39  -0.95   3.84   0.07  -8.76  34.95
   0.39  -0.95   3.84   0.07  -8.76  34.95
   0.67  -0.26   3.29  -0.94  19.30  23.98
   0.67  -0.26   3.29  -0.94  19.30  23.98
   0.37  -0.50   2.71   2.85  26.68  27.07
   0.37  -0.50   2.71   2.85  26.68  27.07
   0.30  -0.15   4.51  -2.32 -17.67  39.85
   0.30  -0.15   4.51  -2.32 -17.67  39.85
   0.77   0.12   3.16  -0.38  15.52  26.30
   0.77   0.12   3.16  -0.38  15.52  26.30
   0.60  -0.66   3.14   3.13  26.60  26.53
   0.60  -0.66   3.14   3.13  26.60  26.53
   0.83  -0.21   3.19   2.05   7.79  28.63
   0.83  -0.21   3.19   2.05   7.79  28.63
   0.66  -0.50   3.76  -0.89   6.27  25.55
   0.66  -0.50   3.76  -0.89   6.27  25.55
   0.10   0.00   3.97   2.67  10.11  28.51
   0.10   0.00   3.97   2.67  10.11  28.51
   0.59  -0.21   4.43  -2.10 -16.60  29.37
   0.59  -0.21   4.43  -2.10 -16.60  29.37
   0.74   0.36   3.29   2.75   0.23  27.18
   0.74   0.36   3.29   2.75   0.23  27.18
   0.53  -0.70   3.43   1.61   5.53  29.31
   0.53  -0.70   3.43   1.61   5.53  29.31
   1.09  -0.24   3.17  -2.25  17.09  26.17
   1.09  -0.24   3.17  -2.25  17.09  26.17
   0.59  -0.28   4.21  -0.11 -13.67  38.57
   0.59  -0.28   4.21  -0.11 -13.67  38.57
   0.50  -0.53   3.79   1.52  -3.20  30.34
   0.50  -0.53   3.79   1.52  -3.20  30.34
   0.75  -0.45   3.44   0.28   4.29  29.72
   0.75  -0.45   3.44   0.28   4.29  29.72
