  -0.57   0.26   3.55  -1.16  -2.15  37.83
  -0.57   0.26   3.55  -1.16  -2.15  37.83
  -1.40  -0.43   3.63  -0.45   1.82  40.97
  -1.40  -0.43   3.63  -0.45   1.82  40.97
  -1.06   0.12   3.27  -4.25  11.76  38.47
  -1.06   0.12   3.27  -4.25  11.76  38.47
  -1.06   0.33   3.42  -2.61   8.30  40.44
  -1.06   0.33   3.42  -2.61   8.30  40.44
  -0.71   0.13   3.13  -1.16  16.74  38.60
  -0.71   0.13   3.13  -1.16  16.74  38.60
  -1.06  -0.22   3.61  -1.16   3.03  38.88
  -1.06  -0.22   3.61  -1.16   3.03  38.88
  -1.34  -0.17   3.13   0.48  12.98  30.40
  -1.34  -0.17   3.13   0.48  12.98  30.40
  -1.66   0.35   3.93  -0.40 -15.55  34.08
  -1.66   0.35   3.93  -0.40 -15.55  34.08
  -1.08   0.23   3.51  -4.05   5.80  42.43
  -1.08   0.23   3.51  -4.05   5.80  42.43
  -0.28   0.10   3.66   1.96  -6.80  38.87
  -0.28   0.10   3.66   1.96  -6.80  38.87
  -1.29  -0.06   4.32   0.65  -3.95  44.37
  -1.29  -0.06   4.32   0.65  -3.95  44.37
  -1.56   0.15   3.62   2.48 -14.64  43.42
  -1.56   0.15   3.62   2.48 -14.64  43.42
  -1.05   0.07   3.88  -1.51  -0.95  38.57
  -1.05   0.07   3.88  -1.51  -0.95  38.57
  -1.07   0.35   3.21  -0.49  10.67  30.16
  -1.07   0.35   3.21  -0.49  10.67  30.16
  -1.25   0.70   3.79  -0.40 -15.40  41.41
  -1.25   0.70   3.79  -0.40 -15.40  41.41
  -0.99   0.31   3.20  -2.27   5.68  34.10
  -0.99   0.31   3.20  -2.27   5.68  34.10
  -0.70   0.07   3.81   1.21  -8.85  44.88
  -0.70   0.07   3.81   1.21  -8.85  44.88
  -0.43   0.09   3.72   1.36 -13.73  38.14
  -0.43   0.09   3.72   1.36 -13.73  38.14
  -0.43   0.14   3.21  -3.52  13.00  35.09
  -0.43   0.14   3.21  -3.52  13.00  35.09
  -0.69   0.14   3.74  -3.40   3.98  40.02
  -0.69   0.14   3.74  -3.40   3.98  40.02
  -1.11   0.07   3.09   0.09   7.40  36.77
  -1.11   0.07   3.09   0.09   7.40  36.77
  -0.80   0.34   3.98   2.12 -24.43  43.49
  -0.80   0.34   3.98   2.12 -24.43  43.49
  -0.30   0.35   3.70   1.49 -10.24  45.26
  -0.30   0.35   3.70   1.49 -10.24  45.26
  -1.17   0.33   2.91  -1.23  15.40  37.47
  -1.17   0.33   2.91  -1.23  15.40  37.47
  -1.49   0.87   4.15   3.65 -30.87  40.31
  -1.49   0.87   4.15   3.65 -30.87  40.31
  -0.65  -0.11   3.26  -1.81  15.02  34.90
  -0.65  -0.11   3.26  -1.81  15.02  34.90
  -1.07   0.42   3.73  -1.94   3.27  41.75
  -1.07   0.42   3.73  -1.94   3.27  41.75
  -0.69   0.25   4.00   0.93 -15.66  42.57
  -0.69   0.25   4.00   0.93 -15.66  42.57
  -1.40   0.51   3.69  -2.52   0.74  38.03
  -1.40   0.51   3.69  -2.52   0.74  38.03
  -1.32   0.33   3.94   0.73 -23.24  41.98
  -1.32   0.33   3.94   0.73 -23.24  41.98
  -0.59   0.26   3.00  -1.01   2.13  39.03
  -0.59   0.26   3.00  -1.01   2.13  39.03
  -1.08   0.20   3.23  -1.84   3.12  37.89
  -1.08   0.20   3.23  -1.84   3.12  37.89
  -1.21  -0.02   3.76  -2.12 -11.13  39.76
  -1.21  -0.02   3.76  -2.12 -11.13  39.76
  -0.75   0.73   3.40  -2.71   6.37  40.49
  -0.75   0.73   3.40  -2.71   6.37  40.49
  -0.42   0.10   3.84  -1.83  -1.26  44.49
  -0.42   0.10   3.84  -1.83  -1.26  44.49
  -1.07   0.35   2.97  -0.59  13.89  28.59
  -1.07   0.35   2.97  -0.59  13.89  28.59
  -1.79  -0.15   3.50  -3.68   2.16  36.01
  -1.79  -0.15   3.50  -3.68   2.16  36.01
  -0.87   0.55   3.65   1.63 -15.54  40.18
  -0.87   0.55   3.65   1.63 -15.54  40.18
  -1.12   0.26   3.22  -2.85  -1.62  35.43
  -1.12   0.26   3.22  -2.85  -1.62  35.43
  -0.33   0.08   4.01  -2.01  -9.46  42.01
  -0.33   0.08   4.01  -2.01  -9.46  42.01
  -1.10   0.01   3.15  -1.61   8.74  39.69
  -1.10   0.01   3.15  -1.61   8.74  39.69
  -0.91  -0.05   2.98   0.19   3.31  35.17
  -0.91  -0.05   2.98   0.19   3.31  35.17
  -1.18   0.21   3.52  -3.07   2.54  35.96
  -1.18   0.21   3.52  -3.07   2.54  35.96
  -1.08  -0.15   2.61  -1.87  22.71  29.99
  -1.08  -0.15   2.61  -1.87  22.71  29.99
  -1.21   0.00   3.64  -0.12   4.32  39.30
  -1.21   0.00   3.64  -0.12   4.32  39.30
  -1.01   0.22   3.57  -1.49   8.16  33.05
  -1.01   0.22   3.57  -1.49   8.16  33.05
  -1.15  -0.19   3.02  -1.38  11.33  35.10
  -1.15  -0.19   3.02  -1.38  11.33  35.10
  -1.13   0.51   3.35  -0.19   1.05  36.01
  -1.13   0.51   3.35  -0.19   1.05  36.01
  -0.87   0.18   3.67  -1.08   6.92  39.48
  -0.87   0.18   3.67  -1.08   6.92  39.48
  -0.60   0.02   3.61  -4.03   9.82  40.32
  -0.60   0.02   3.61  -4.03   9.82  40.32
  -0.54   0.41   3.36  -1.81  15.50  35.63
  -0.54   0.41   3.36  -1.81  15.50  35.63
