  -0.01   0.28   3.34   0.09  -3.27  37.75
  -0.01   0.28   3.34   0.09  -3.27  37.75
  -0.18   0.00   3.70  -1.80   5.30  45.50
  -0.18   0.00   3.70  -1.80   5.30  45.50
   0.00  -0.04   2.91   0.15  28.09  33.62
   0.00  -0.04   2.91   0.15  28.09  33.62
  -0.79   0.62   2.75   4.33  17.92  30.75
  -0.79   0.62   2.75   4.33  17.92  30.75
  -0.19   0.27   2.65  -0.80  23.85  26.40
  -0.19   0.27   2.65  -0.80  23.85  26.40
  -0.67   0.21   3.45   0.55  15.16  40.36
  -0.67   0.21   3.45   0.55  15.16  40.36
  -0.21   0.35   2.85   0.27  18.97  34.28
  -0.21   0.35   2.85   0.27  18.97  34.28
  -0.30   0.80   2.66  -0.05  21.11  29.79
  -0.30   0.80   2.66  -0.05  21.11  29.79
   0.07   0.09   2.96   0.56  26.84  32.25
   0.07   0.09   2.96   0.56  26.84  32.25
  -0.01   0.27   3.26   0.63  18.51  27.06
  -0.01   0.27   3.26   0.63  18.51  27.06
   0.09   0.00   2.97  -0.72  18.93  36.40
   0.09   0.00   2.97  -0.72  18.93  36.40
   0.25  -0.05   4.12  -2.58 -14.57  47.04
   0.25  -0.05   4.12  -2.58 -14.57  47.04
  -0.52   0.22   3.90   2.82   0.24  38.82
  -0.52   0.22   3.90   2.82   0.24  38.82
  -0.34   0.38   4.07  -4.99 -20.41  43.92
  -0.34   0.38   4.07  -4.99 -20.41  43.92
   0.19   1.43   4.58  -1.65 -39.30  39.89
   0.19   1.43   4.58  -1.65 -39.30  39.89
  -0.31   0.00   2.33   4.03  28.71  28.00
  -0.31   0.00   2.33   4.03  28.71  28.00
  -0.21   0.21   4.02  -2.69  -6.36  43.53
  -0.21   0.21   4.02  -2.69  -6.36  43.53
  -0.13   0.24   2.96  -0.53  29.11  34.66
  -0.13   0.24   2.96  -0.53  29.11  34.66
  -0.70   0.33   3.40  -2.57   0.17  27.99
  -0.70   0.33   3.40  -2.57   0.17  27.99
  -0.33   0.40   2.77   1.96  31.90  26.12
  -0.33   0.40   2.77   1.96  31.90  26.12
   0.52   0.29   4.28  -3.67 -25.74  40.62
   0.52   0.29   4.28  -3.67 -25.74  40.62
   0.15  -0.16   3.52  -1.96   5.18  36.26
   0.15  -0.16   3.52  -1.96   5.18  36.26
  -0.41   0.01   3.31  -0.50   2.32  34.37
  -0.41   0.01   3.31  -0.50   2.32  34.37
  -0.66   0.19   3.52  -1.52  -6.47  33.12
  -0.66   0.19   3.52  -1.52  -6.47  33.12
  -0.53   0.68   2.85  -1.39  21.79  27.87
  -0.53   0.68   2.85  -1.39  21.79  27.87
  -0.34  -0.30   3.70  -1.87  -6.07  35.60
  -0.34  -0.30   3.70  -1.87  -6.07  35.60
  -0.30   0.20   3.04   0.52  31.58  30.91
  -0.30   0.20   3.04   0.52  31.58  30.91
   0.28   0.47   2.87  -1.51  31.58  32.80
   0.28   0.47   2.87  -1.51  31.58  32.80
  -0.28   1.14   3.03   6.15   9.36  24.55
  -0.28   1.14   3.03   6.15   9.36  24.55
  -0.37   0.87   2.70   3.74  29.39  15.64
  -0.37   0.87   2.70   3.74  29.39  15.64
  -0.16   0.47   2.23   1.64  30.53  27.76
  -0.16   0.47   2.23   1.64  30.53  27.76
  -0.24   0.53   2.98   1.79  26.64  30.99
  -0.24   0.53   2.98   1.79  26.64  30.99
  -0.32   0.10   4.37   3.07   4.87  32.52
  -0.32   0.10   4.37   3.07   4.87  32.52
  -0.82  -0.08   3.59  -4.37 -15.86  34.13
  -0.82  -0.08   3.59  -4.37 -15.86  34.13
  -0.02   0.08   3.86  -1.55   0.86  37.36
  -0.02   0.08   3.86  -1.55   0.86  37.36
  -0.66  -0.52   3.53  -2.84   2.68  38.62
  -0.66  -0.52   3.53  -2.84   2.68  38.62
  -0.61   0.00   3.75  -4.13  -4.21  38.84
  -0.61   0.00   3.75  -4.13  -4.21  38.84
   0.55  -0.33   3.16  -2.13  22.96  32.34
   0.55  -0.33   3.16  -2.13  22.96  32.34
   0.14   0.77   2.64   2.32  22.12  26.66
   0.14   0.77   2.64   2.32  22.12  26.66
  -0.34   1.33   2.85   3.26  16.07  21.38
  -0.34   1.33   2.85   3.26  16.07  21.38
  -0.61   0.38   3.08   0.98  13.32  39.32
  -0.61   0.38   3.08   0.98  13.32  39.32
   0.10   0.27   2.46  -3.37  36.32  31.16
   0.10   0.27   2.46  -3.37  36.32  31.16
   0.28  -0.37   3.16  -1.48  14.62  35.73
   0.28  -0.37   3.16  -1.48  14.62  35.73
  -0.82   0.81   3.60  -2.93 -14.04  35.66
  -0.82   0.81   3.60  -2.93 -14.04  35.66
  -0.04   0.43   3.18  -0.24  30.59  31.36
  -0.04   0.43   3.18  -0.24  30.59  31.36
  -0.48   0.29   3.61  -3.00   0.52  29.65
  -0.48   0.29   3.61  -3.00   0.52  29.65
  -0.23   0.20   4.15  -5.12 -10.25  40.64
  -0.23   0.20   4.15  -5.12 -10.25  40.64
  -0.14   0.67   3.75  -0.57   5.29  39.61
  -0.14   0.67   3.75  -0.57   5.29  39.61
   0.28   0.37   3.05  -2.77  25.48  30.66
   0.28   0.37   3.05  -2.77  25.48  30.66
  -0.10   0.14   2.56   1.21  26.09  27.46
  -0.10   0.14   2.56   1.21  26.09  27.46
  -0.21  -0.10   3.13  -1.29  23.70  34.71
  -0.21  -0.10   3.13  -1.29  23.70  34.71
