  -0.04   0.27   3.01  -0.45   4.00  38.29
  -0.04   0.27   3.01  -0.45   4.00  38.29
  -0.25   0.39   2.62  -2.44  22.01  24.83
  -0.25   0.39   2.62  -2.44  22.01  24.83
  -0.43   0.23   3.06  -1.08   2.17  40.73
  -0.43   0.23   3.06  -1.08   2.17  40.73
  -1.06   0.25   3.14   0.12  11.12  36.94
  -1.06   0.25   3.14   0.12  11.12  36.94
  -0.97   0.34   2.99   1.57  27.06  34.32
  -0.97   0.34   2.99   1.57  27.06  34.32
  -1.49   0.48   2.84   1.05   7.38  31.85
  -1.49   0.48   2.84   1.05   7.38  31.85
  -0.68  -0.31   3.15  -2.92   8.52  36.48
  -0.68  -0.31   3.15  -2.92   8.52  36.48
  -1.18   0.02   3.02  -0.32  12.23  35.35
  -1.18   0.02   3.02  -0.32  12.23  35.35
  -0.15  -0.15   3.03  -0.64  17.24  40.40
  -0.15  -0.15   3.03  -0.64  17.24  40.40
  -0.12   0.33   2.42  -4.40  11.53  35.56
  -0.12   0.33   2.42  -4.40  11.53  35.56
  -0.34   0.30   2.73  -2.24  14.42  36.23
  -0.34   0.30   2.73  -2.24  14.42  36.23
  -0.98  -0.08   2.87  -1.39  -5.08  32.89
  -0.98  -0.08   2.87  -1.39  -5.08  32.89
  -0.50   0.48   3.13  -3.13   1.01  37.13
  -0.50   0.48   3.13  -3.13   1.01  37.13
  -1.26   0.68   3.08   0.83   8.40  36.35
  -1.26   0.68   3.08   0.83   8.40  36.35
  -1.07   0.49   3.03  -2.58  -1.63  36.87
  -1.07   0.49   3.03  -2.58  -1.63  36.87
  -0.47   0.21   2.82  -0.34   1.41  33.97
  -0.47   0.21   2.82  -0.34   1.41  33.97
  -1.06  -0.25   3.11  -1.99  -3.23  40.78
  -1.06  -0.25   3.11  -1.99  -3.23  40.78
  -0.48   0.07   3.07  -1.02   0.72  39.21
  -0.48   0.07   3.07  -1.02   0.72  39.21
  -0.93   0.29   3.42  -1.25   9.83  41.86
  -0.93   0.29   3.42  -1.25   9.83  41.86
  -0.48   0.25   2.54   1.30  26.13  25.55
  -0.48   0.25   2.54   1.30  26.13  25.55
   0.02  -0.27   3.44  -1.71  -4.49  37.02
   0.02  -0.27   3.44  -1.71  -4.49  37.02
  -0.31   0.35   2.57  -3.63  17.03  36.89
  -0.31   0.35   2.57  -3.63  17.03  36.89
  -0.32   0.45   2.79  -0.30   9.63  34.31
  -0.32   0.45   2.79  -0.30   9.63  34.31
  -0.72   0.14   3.16  -3.56 -15.26  34.70
  -0.72   0.14   3.16  -3.56 -15.26  34.70
   0.07   0.08   3.03  -1.80  10.58  30.54
   0.07   0.08   3.03  -1.80  10.58  30.54
  -0.47  -0.33   2.26  -1.98  28.03  26.28
  -0.47  -0.33   2.26  -1.98  28.03  26.28
  -0.31   0.04   2.86  -0.25   5.38  35.29
  -0.31   0.04   2.86  -0.25   5.38  35.29
  -1.08   0.46   2.32   0.74  23.97  28.23
  -1.08   0.46   2.32   0.74  23.97  28.23
  -0.36  -0.25   2.44  -0.82  21.95  31.04
  -0.36  -0.25   2.44  -0.82  21.95  31.04
  -0.28   0.52   2.49   3.30  29.74  23.31
  -0.28   0.52   2.49   3.30  29.74  23.31
  -0.94   0.53   3.27  -1.46   2.39  35.98
  -0.94   0.53   3.27  -1.46   2.39  35.98
  -0.59  -0.02   2.92  -0.06  17.61  33.76
  -0.59  -0.02   2.92  -0.06  17.61  33.76
  -0.83   0.40   3.12  -2.37   6.24  38.03
  -0.83   0.40   3.12  -2.37   6.24  38.03
  -0.45   0.03   3.18  -1.07   5.89  35.92
  -0.45   0.03   3.18  -1.07   5.89  35.92
  -0.47  -0.30   2.78   0.43  14.47  35.23
  -0.47  -0.30   2.78   0.43  14.47  35.23
  -1.30   0.01   2.93  -2.44   3.94  33.55
  -1.30   0.01   2.93  -2.44   3.94  33.55
  -0.43   0.42   3.28  -3.71  -3.27  38.53
  -0.43   0.42   3.28  -3.71  -3.27  38.53
  -0.63   0.85   3.09  -1.85   9.50  33.81
  -0.63   0.85   3.09  -1.85   9.50  33.81
  -0.61   0.38   2.72  -2.97  20.05  36.27
  -0.61   0.38   2.72  -2.97  20.05  36.27
  -1.05   0.33   3.19  -1.33   3.70  36.68
  -1.05   0.33   3.19  -1.33   3.70  36.68
  -0.49   0.34   3.30  -0.95  15.29  35.86
  -0.49   0.34   3.30  -0.95  15.29  35.86
  -0.49  -0.22   3.27  -0.10  12.03  41.04
  -0.49  -0.22   3.27  -0.10  12.03  41.04
  -0.55   0.41   3.21   1.24  17.10  33.76
  -0.55   0.41   3.21   1.24  17.10  33.76
  -1.06   1.01   3.20  -1.80   1.69  42.18
  -1.06   1.01   3.20  -1.80   1.69  42.18
  -0.52   0.39   3.15  -2.35   5.44  35.75
  -0.52   0.39   3.15  -2.35   5.44  35.75
  -1.02   0.38   3.04  -3.21   4.27  37.33
  -1.02   0.38   3.04  -3.21   4.27  37.33
  -0.47   0.01   2.87  -0.12  12.43  32.76
  -0.47   0.01   2.87  -0.12  12.43  32.76
  -0.26   0.58   2.44   2.06  15.79  30.27
  -0.26   0.58   2.44   2.06  15.79  30.27
   0.10   0.13   2.70  -3.51  19.34  30.90
   0.10   0.13   2.70  -3.51  19.34  30.90
  -0.92   0.07   3.00   0.22  15.58  34.31
  -0.92   0.07   3.00   0.22  15.58  34.31
  -0.74   0.57   3.16  -1.88   2.28  43.05
  -0.74   0.57   3.16  -1.88   2.28  43.05
