  -0.15   0.37   3.40  -2.99  -7.14  40.89
  -0.15   0.37   3.40  -2.99  -7.14  40.89
  -0.33   0.16   3.38  -4.76   2.76  40.87
  -0.33   0.16   3.38  -4.76   2.76  40.87
   0.23  -0.18   3.77  -3.98  -0.43  43.84
   0.23  -0.18   3.77  -3.98  -0.43  43.84
  -0.10  -0.10   3.72  -3.04  12.04  37.50
  -0.10  -0.10   3.72  -3.04  12.04  37.50
  -0.14   0.15   3.15  -4.14   5.02  30.21
  -0.14   0.15   3.15  -4.14   5.02  30.21
   0.02   0.35   3.55  -3.81   1.05  36.99
   0.02   0.35   3.55  -3.81   1.05  36.99
  -0.56  -0.25   3.98  -1.07  -6.46  42.10
  -0.56  -0.25   3.98  -1.07  -6.46  42.10
  -0.30  -0.32   3.92  -1.27   7.17  42.06
  -0.30  -0.32   3.92  -1.27   7.17  42.06
  -0.29   0.12   3.70  -2.05  -7.17  41.79
  -0.29   0.12   3.70  -2.05  -7.17  41.79
  -0.35   0.12   3.67  -4.15 -11.79  39.21
  -0.35   0.12   3.67  -4.15 -11.79  39.21
  -0.14   0.04   2.90  -1.69  27.78  33.66
  -0.14   0.04   2.90  -1.69  27.78  33.66
  -0.20  -0.38   3.01  -4.84  37.91  29.45
  -0.20  -0.38   3.01  -4.84  37.91  29.45
   0.00   0.22   3.45  -3.36   1.91  41.67
   0.00   0.22   3.45  -3.36   1.91  41.67
  -0.56   0.22   3.82  -5.00  -0.41  45.16
  -0.56   0.22   3.82  -5.00  -0.41  45.16
  -0.14  -0.09   4.17  -0.23 -11.54  44.06
  -0.14  -0.09   4.17  -0.23 -11.54  44.06
  -0.06   0.21   3.61  -3.11  -8.82  48.62
  -0.06   0.21   3.61  -3.11  -8.82  48.62
   0.04  -0.23   3.58  -3.61  -2.02  41.47
   0.04  -0.23   3.58  -3.61  -2.02  41.47
  -0.09   0.25   3.74  -2.84  13.92  37.64
  -0.09   0.25   3.74  -2.84  13.92  37.64
  -0.77  -0.08   3.57   0.87  19.65  37.41
  -0.77  -0.08   3.57   0.87  19.65  37.41
   0.04   0.00   3.57  -5.87   6.04  42.94
   0.04   0.00   3.57  -5.87   6.04  42.94
  -0.41  -0.09   4.06  -0.89 -15.26  44.82
  -0.41  -0.09   4.06  -0.89 -15.26  44.82
  -0.22   0.14   3.66  -3.82  -0.08  48.40
  -0.22   0.14   3.66  -3.82  -0.08  48.40
   0.26   0.27   3.73  -4.42  -2.81  44.83
   0.26   0.27   3.73  -4.42  -2.81  44.83
  -0.12  -0.26   3.44  -2.13  26.02  35.39
  -0.12  -0.26   3.44  -2.13  26.02  35.39
  -0.34   0.00   3.68  -3.92  -6.17  39.66
  -0.34   0.00   3.68  -3.92  -6.17  39.66
  -0.72  -0.02   3.46  -1.65   6.32  39.48
  -0.72  -0.02   3.46  -1.65   6.32  39.48
   0.12   0.33   3.79  -3.56  -6.85  41.99
   0.12   0.33   3.79  -3.56  -6.85  41.99
   0.23   0.22   3.37  -3.00  -6.82  40.66
   0.23   0.22   3.37  -3.00  -6.82  40.66
  -0.23   0.00   4.15  -2.40  -9.88  45.76
  -0.23   0.00   4.15  -2.40  -9.88  45.76
  -0.03  -0.32   3.69  -4.36  -0.48  41.96
  -0.03  -0.32   3.69  -4.36  -0.48  41.96
   0.04  -0.26   3.53  -6.08  10.26  39.55
   0.04  -0.26   3.53  -6.08  10.26  39.55
  -0.79   0.37   3.36  -1.62  -0.45  31.66
  -0.79   0.37   3.36  -1.62  -0.45  31.66
  -0.22  -0.36   3.95  -3.31  -2.66  44.68
  -0.22  -0.36   3.95  -3.31  -2.66  44.68
  -0.48  -0.13   4.04  -3.15 -14.28  44.12
  -0.48  -0.13   4.04  -3.15 -14.28  44.12
  -0.08  -0.06   3.65  -5.20   1.46  40.30
  -0.08  -0.06   3.65  -5.20   1.46  40.30
  -0.09   0.18   3.12  -6.03  13.05  37.20
  -0.09   0.18   3.12  -6.03  13.05  37.20
   0.29   0.01   3.63  -4.48   1.62  43.29
   0.29   0.01   3.63  -4.48   1.62  43.29
  -0.21   0.53   3.75  -1.05  -0.34  40.73
  -0.21   0.53   3.75  -1.05  -0.34  40.73
  -0.48   0.19   3.01  -7.82  11.98  33.89
  -0.48   0.19   3.01  -7.82  11.98  33.89
   0.36  -0.12   3.04  -5.82  20.83  33.10
   0.36  -0.12   3.04  -5.82  20.83  33.10
  -0.38   0.31   3.21  -1.61  25.52  29.94
  -0.38   0.31   3.21  -1.61  25.52  29.94
  -0.13  -0.33   3.75  -0.31  -5.92  40.47
  -0.13  -0.33   3.75  -0.31  -5.92  40.47
  -0.91  -0.37   4.28  -0.55  -6.91  46.54
  -0.91  -0.37   4.28  -0.55  -6.91  46.54
  -0.01  -0.03   3.73  -4.37   6.45  38.30
  -0.01  -0.03   3.73  -4.37   6.45  38.30
  -0.56  -0.19   3.95  -3.10   1.58  43.30
  -0.56  -0.19   3.95  -3.10   1.58  43.30
  -0.09  -0.21   3.77  -0.34  -3.45  41.73
  -0.09  -0.21   3.77  -0.34  -3.45  41.73
   0.58   0.12   3.30  -4.07  11.25  37.46
   0.58   0.12   3.30  -4.07  11.25  37.46
   0.12  -0.02   3.61  -4.75  -4.34  46.32
   0.12  -0.02   3.61  -4.75  -4.34  46.32
  -0.35  -0.15   3.90  -4.13  -9.95  44.87
  -0.35  -0.15   3.90  -4.13  -9.95  44.87
  -0.11   0.30   3.64  -3.98  -1.75  41.65
  -0.11   0.30   3.64  -3.98  -1.75  41.65
  -0.47   0.76   3.36  -3.48  -1.71  33.73
  -0.47   0.76   3.36  -3.48  -1.71  33.73
