  -0.04   0.21   3.09  -0.14   0.39  37.89
  -0.04   0.21   3.09  -0.14   0.39  37.89
   0.05  -0.03   2.71  -0.44  19.67  38.41
   0.05  -0.03   2.71  -0.44  19.67  38.41
  -0.50   0.60   3.55  -3.95 -15.79  46.52
  -0.50   0.60   3.55  -3.95 -15.79  46.52
   0.23   0.28   1.55  -0.84  42.24  32.08
   0.23   0.28   1.55  -0.84  42.24  32.08
  -0.08   0.04   3.17  -2.25  12.08  45.02
  -0.08   0.04   3.17  -2.25  12.08  45.02
   0.64   0.24   3.33  -3.36   7.83  46.26
   0.64   0.24   3.33  -3.36   7.83  46.26
  -0.47  -0.08   3.76  -3.72  -9.98  48.24
  -0.47  -0.08   3.76  -3.72  -9.98  48.24
   0.04   0.11   2.75  -3.38  30.68  39.95
   0.04   0.11   2.75  -3.38  30.68  39.95
  -0.09   0.30   1.84   1.19  38.91  24.56
  -0.09   0.30   1.84   1.19  38.91  24.56
   0.19   0.18   3.36  -6.56   5.14  35.90
   0.19   0.18   3.36  -6.56   5.14  35.90
   0.15   0.71   2.15   0.38  36.73  33.60
   0.15   0.71   2.15   0.38  36.73  33.60
   0.41   0.16   2.33  -0.07  34.80  34.58
   0.41   0.16   2.33  -0.07  34.80  34.58
   0.67  -0.17   3.19  -3.54  12.79  37.24
   0.67  -0.17   3.19  -3.54  12.79  37.24
  -0.05   0.08   2.35  -3.15  30.87  31.84
  -0.05   0.08   2.35  -3.15  30.87  31.84
  -0.48   0.03   2.80  -2.87  12.35  35.55
  -0.48   0.03   2.80  -2.87  12.35  35.55
   0.17   0.34   2.74  -2.88  29.40  33.85
   0.17   0.34   2.74  -2.88  29.40  33.85
  -0.21  -0.16   3.24  -1.06  23.38  38.17
  -0.21  -0.16   3.24  -1.06  23.38  38.17
  -0.17   0.16   2.30  -0.14  31.79  29.43
  -0.17   0.16   2.30  -0.14  31.79  29.43
  -0.23   0.87   2.41  -0.13  24.95  28.62
  -0.23   0.87   2.41  -0.13  24.95  28.62
   0.83   0.06   3.37  -4.62   5.90  41.79
   0.83   0.06   3.37  -4.62   5.90  41.79
   0.04   0.21   3.65  -5.35   9.93  34.85
   0.04   0.21   3.65  -5.35   9.93  34.85
   0.04  -0.02   3.39  -0.66   0.76  43.00
   0.04  -0.02   3.39  -0.66   0.76  43.00
  -0.04   0.67   2.37  -1.90  26.90  27.19
  -0.04   0.67   2.37  -1.90  26.90  27.19
  -0.06  -0.24   3.85  -0.49  -6.55  40.45
  -0.06  -0.24   3.85  -0.49  -6.55  40.45
  -0.45   0.01   3.39  -5.37  15.03  36.62
  -0.45   0.01   3.39  -5.37  15.03  36.62
   0.77  -0.04   3.56   2.71 -25.85  42.21
   0.77  -0.04   3.56   2.71 -25.85  42.21
  -0.24  -0.40   2.92  -3.09  28.74  34.85
  -0.24  -0.40   2.92  -3.09  28.74  34.85
   0.08   0.21   2.76  -1.20  27.71  35.22
   0.08   0.21   2.76  -1.20  27.71  35.22
  -1.00   0.32   3.88   0.08 -21.91  44.85
  -1.00   0.32   3.88   0.08 -21.91  44.85
   0.00   0.35   2.58  -1.36  28.42  31.02
   0.00   0.35   2.58  -1.36  28.42  31.02
   0.38   0.20   2.41  -0.08  45.08  27.95
   0.38   0.20   2.41  -0.08  45.08  27.95
  -0.42   0.33   2.45   1.39  32.82  33.06
  -0.42   0.33   2.45   1.39  32.82  33.06
   0.42   0.23   3.28  -1.36  -2.52  42.74
   0.42   0.23   3.28  -1.36  -2.52  42.74
   0.44   0.17   2.46  -0.52  23.84  28.17
   0.44   0.17   2.46  -0.52  23.84  28.17
   0.65   0.60   2.65  -1.35  31.94  31.12
   0.65   0.60   2.65  -1.35  31.94  31.12
  -0.37   0.20   3.32  -5.11  -1.36  38.97
  -0.37   0.20   3.32  -5.11  -1.36  38.97
   0.60   0.27   2.85  -2.04  31.04  40.04
   0.60   0.27   2.85  -2.04  31.04  40.04
   0.27   0.42   2.29  -1.18  44.66  27.51
   0.27   0.42   2.29  -1.18  44.66  27.51
  -0.20   0.04   3.74  -1.83   0.26  38.20
  -0.20   0.04   3.74  -1.83   0.26  38.20
   0.14  -0.35   3.12  -7.11   7.00  38.28
   0.14  -0.35   3.12  -7.11   7.00  38.28
  -0.94   0.09   2.36  -0.18  30.38  29.80
  -0.94   0.09   2.36  -0.18  30.38  29.80
  -0.34   0.23   2.85  -7.79  10.23  35.49
  -0.34   0.23   2.85  -7.79  10.23  35.49
  -0.06  -0.38   2.97  -2.91  24.83  42.70
  -0.06  -0.38   2.97  -2.91  24.83  42.70
  -0.18  -0.02   2.17  -0.55  46.80  23.73
  -0.18  -0.02   2.17  -0.55  46.80  23.73
  -0.52  -0.56   2.99  -5.38   3.75  35.76
  -0.52  -0.56   2.99  -5.38   3.75  35.76
  -0.48  -0.39   2.10  -0.37  38.43  27.47
  -0.48  -0.39   2.10  -0.37  38.43  27.47
  -0.02  -0.29   2.55  -1.11  22.10  32.09
  -0.02  -0.29   2.55  -1.11  22.10  32.09
  -0.21   0.25   2.01  -0.99  36.09  32.01
  -0.21   0.25   2.01  -0.99  36.09  32.01
  -0.26  -0.43   3.23   1.12  -1.29  37.83
  -0.26  -0.43   3.23   1.12  -1.29  37.83
   0.07   0.17   2.10  -2.95  35.22  31.99
   0.07   0.17   2.10  -2.95  35.22  31.99
  -0.29   0.07   2.87   0.10  27.37  38.29
  -0.29   0.07   2.87   0.10  27.37  38.29
