1	0.32
2	0.48
3	0.78
4	0.28
5	1.36
6	-0.19
7	0.00
8	1.28
9	0.43
10	0.49
11	0.37
12	0.93
13	-0.23
14	0.96
15	0.33
16	-0.08
17	0.65
18	0.32
19	0.24
20	0.37
21	1.15
22	-0.01
23	0.93
24	0.54
25	0.80
26	0.19
27	-0.13
28	0.44
29	0.86
30	0.95
31	0.77
32	1.19
33	0.54
34	0.56
35	1.27
36	0.73
37	0.64
38	0.49
39	0.55
40	0.55
41	0.22
42	0.87
43	0.03
44	0.49
45	0.80
46	0.16
47	0.69
48	0.85
49	1.09
50	1.43
51	1.17
52	0.72
53	0.52
54	-0.22
55	0.10
56	0.74
57	0.42
58	0.39
59	0.66
60	0.25
61	0.97
62	1.12
63	0.77
64	0.77
65	0.41
66	0.57
67	0.71
68	-0.15
69	0.42
70	1.05
71	0.50
72	0.13
73	-0.04
74	0.77
75	0.86
76	0.32
77	0.65
78	0.51
79	0.10
80	0.39
81	0.51
82	0.60
83	0.56
84	1.62
85	-0.24
86	0.08
87	0.28
88	0.96
89	0.39
90	0.11
91	0.50
92	0.15
93	1.05
94	0.84
95	0.95
96	0.31
97	0.59
98	0.46
99	0.60
100	0.07
101	0.64
