1	170.07
2	170.19
3	174.01
4	173.00
5	168.33
6	171.37
7	171.27
8	171.43
9	170.16
10	170.75
11	169.32
12	170.84
13	170.85
14	171.32
15	171.21
16	172.70
17	171.91
18	169.12
19	169.77
20	171.33
21	170.54
22	170.94
23	169.27
24	171.90
25	171.80
26	175.10
27	172.62
28	169.72
29	171.21
30	172.95
31	170.09
32	171.58
33	168.14
34	171.47
35	173.69
36	173.31
37	172.42
38	172.10
39	171.87
40	171.88
41	172.94
42	171.89
43	172.76
44	170.91
45	171.40
46	172.81
47	173.05
48	173.57
49	171.50
50	171.86
51	169.90
