1	167.54
2	170.99
3	171.88
4	170.00
5	170.80
6	171.03
7	167.00
8	168.01
9	166.70
10	167.74
11	165.64
12	165.76
13	168.72
14	169.31
15	169.46
16	165.50
17	168.57
18	169.29
19	167.77
20	164.31
21	168.01
22	166.68
23	167.80
24	165.96
25	169.77
26	169.12
27	169.99
28	166.08
29	162.88
30	169.85
31	169.59
32	169.20
33	166.06
34	164.38
35	167.01
36	167.47
37	166.94
38	167.58
39	167.09
40	167.12
41	166.63
42	169.17
43	167.16
44	167.99
45	165.94
46	167.65
47	167.84
48	167.82
49	166.18
50	166.09
51	169.68
