1	139.61
2	145.80
3	142.94
4	134.50
5	137.12
6	142.73
7	138.68
8	137.60
9	138.43
10	140.24
11	132.02
12	140.47
13	140.02
14	148.09
15	139.77
16	142.09
17	142.03
18	135.11
19	136.82
20	141.66
21	138.28
22	138.56
23	137.91
24	138.08
25	137.10
26	138.95
27	141.00
28	140.20
29	140.46
30	134.17
31	138.52
32	133.56
33	142.05
34	140.75
35	142.45
36	142.35
37	137.93
38	138.55
39	138.23
40	139.91
41	137.11
42	135.74
43	134.22
44	138.07
45	140.08
46	143.88
47	138.29
48	142.70
49	143.75
50	140.41
51	138.97
