1 0.09
2 0.09
3 0.22
4 0.22
5 0.06
6 0.06
7 -0.60
8 -0.60
9 -0.03
10 -0.03
11 -0.34
12 -0.34
13 -0.33
14 -0.33
15 -0.20
16 -0.20
17 0.06
18 0.06
19 0.10
20 0.10
21 0.50
22 0.50
23 -0.54
24 -0.54
25 -1.30
26 -1.30
27 -0.32
28 -0.32
29 -0.42
30 -0.42
31 -0.14
32 -0.14
33 -0.20
34 -0.20
35 -0.13
36 -0.13
37 -0.36
38 -0.36
39 -0.42
40 -0.42
41 -0.38
42 -0.38
43 -0.54
44 -0.54
45 -0.36
46 -0.36
47 0.47
48 0.47
49 -1.39
50 -1.39
51 -0.65
52 -0.65
53 -0.04
54 -0.04
55 0.19
56 0.19
57 -0.11
58 -0.11
59 -0.30
60 -0.30
61 -0.27
62 -0.27
63 -0.38
64 -0.38
65 -0.01
66 -0.01
67 0.22
68 0.22
69 0.13
70 0.13
71 -0.19
72 -0.19
73 -0.01
74 -0.01
75 -0.21
76 -0.21
77 -0.32
78 -0.32
79 -0.49
80 -0.49
81 -0.92
82 -0.92
83 -0.45
84 -0.45
85 -0.70
86 -0.70
87 -0.55
88 -0.55
89 -0.67
90 -0.67
91 -0.50
92 -0.50
93 0.01
94 0.01
95 -0.12
96 -0.12
97 -0.63
98 -0.63
99 -0.88
100 -0.88
101 -0.19
102 -0.19
