1	-121.62
2	-114.43
3	-116.91
4	-111.99
5	-121.91
6	-118.76
7	-107.83
8	-115.98
9	-115.86
10	-118.05
11	-136.97
12	-129.54
13	-127.6
14	-117.9
15	-119.66
16	-119.14
17	-117.91
18	-117.74
19	-120.39
20	-118.56
21	-130.35
22	-114.62
23	-133.36
24	-114.89
25	-119.2
26	-115.84
27	-121.49
28	-117.43
29	-111.83
30	-116.53
31	-129.23
32	-117.17
33	-120.42
34	-120.19
35	-117.98
36	-117.64
37	-105.64
38	-112.98
39	-116.81
40	-116.31
41	-111.42
42	-113.03
43	-107.39
44	-115
45	-120.67
46	-125.7
47	-119.82
48	-104.23
49	-112.1
50	-115.59
51	-109.41
