1	136.17
2	137.83
3	135.40
4	140.06
5	135.57
6	136.56
7	139.99
8	138.52
9	141.64
10	141.52
11	133.65
12	138.12
13	135.38
14	135.63
15	136.06
16	135.91
17	140.49
18	135.35
19	134.61
20	137.61
21	135.63
22	142.61
23	132.39
24	143.98
25	146.28
26	140.55
27	138.47
28	139.07
29	138.84
30	144.86
31	138.26
32	140.81
33	140.73
34	135.74
35	141.16
36	136.08
37	142.49
38	140.96
39	139.29
40	146.40
41	137.74
42	139.31
43	143.46
44	140.59
45	135.25
46	138.47
47	138.37
48	134.96
49	137.68
50	138.73
51	138.18
