1	NaN
2	NaN
3	NaN
4	NaN
5	173.46
6	NaN
7	NaN
8	221.06
9	NaN
10	NaN
11	NaN
12	154.90
13	191.55
14	167.81
15	137.76
16	127.61
17	NaN
18	145.51
19	146.53
20	258.45
21	174.95
22	135.35
23	246.46
24	NaN
25	NaN
26	NaN
27	NaN
28	150.10
29	159.94
30	NaN
31	NaN
32	157.33
33	NaN
34	146.39
35	NaN
36	159.80
37	NaN
38	NaN
39	163.95
40	159.38
41	NaN
42	NaN
43	NaN
44	NaN
45	NaN
46	NaN
47	NaN
48	NaN
49	139.81
50	NaN
51	NaN
52	NaN
53	132.26
54	NaN
55	NaN
56	NaN
57	112.14
58	NaN
59	179.97
60	NaN
61	NaN
62	NaN
63	NaN
64	NaN
65	140.03
66	NaN
67	236.62
68	172.65
69	157.72
70	140.53
71	128.16
72	NaN
73	NaN
74	NaN
75	NaN
76	NaN
77	NaN
78	179.18
79	NaN
80	303.3
81	NaN
82	156.39
83	197.06
84	NaN
85	NaN
86	NaN
87	143.94
88	207.33
89	160.72
90	270.55
91	NaN
92	118.49
93	110.18
94	NaN
95	NaN
96	NaN
97	NaN
98	NaN
99	NaN
100	138.34
101	NaN
