1 1.88
2 1.88
3 1.90
4 1.90
5 0.58
6 0.58
7 2.49
8 2.49
9 4.92
10 4.92
11 3.41
12 3.41
13 2.45
14 2.45
15 2.60
16 2.60
17 4.07
18 4.07
19 2.45
20 2.45
21 0.97
22 0.97
23 1.10
24 1.10
25 3.47
26 3.47
27 0.61
28 0.61
29 8.11
30 8.11
31 1.26
32 1.26
33 -0.85
34 -0.85
35 -0.13
36 -0.13
37 3.86
38 3.86
39 1.30
40 1.30
41 5.12
42 5.12
43 2.99
44 2.99
45 2.73
46 2.73
47 1.07
48 1.07
49 1.93
50 1.93
51 2.49
52 2.49
53 4.60
54 4.60
55 3.01
56 3.01
57 1.12
58 1.12
59 3.13
60 3.13
61 6.91
62 6.91
63 4.52
64 4.52
65 3.44
66 3.44
67 4.65
68 4.65
69 3.03
70 3.03
71 4.74
72 4.74
73 1.86
74 1.86
75 5.71
76 5.71
77 2.37
78 2.37
79 4.98
80 4.98
81 0.03
82 0.03
83 3.10
84 3.10
85 3.95
86 3.95
87 6.86
88 6.86
89 4.91
90 4.91
91 4.26
92 4.26
93 2.89
94 2.89
95 3.63
96 3.63
97 5.31
98 5.31
99 2.40
100 2.40
101 5.46
102 5.46
103 5.30
104 5.30
105 2.67
106 2.67
107 2.69
108 2.69
109 0.68
110 0.68
111 3.77
112 3.77
113 3.75
114 3.75
115 3.03
116 3.03
117 3.21
118 3.21
119 4.94
120 4.94
121 2.69
122 2.69
123 5.61
124 5.61
125 0.15
126 0.15
127 4.03
128 4.03
129 4.51
130 4.51
131 3.47
132 3.47
133 4.34
134 4.34
135 3.88
136 3.88
137 5.24
138 5.24
139 5.68
140 5.68
141 4.93
142 4.93
143 5.18
144 5.18
145 3.32
146 3.32
147 6.21
148 6.21
149 4.86
150 4.86
151 3.50
152 3.50
153 -0.89
154 -0.89
155 1.60
156 1.60
157 3.27
158 3.27
159 1.81
160 1.81
161 3.32
162 3.32
163 5.54
164 5.54
165 5.32
166 5.32
167 6.29
168 6.29
169 2.88
170 2.88
171 2.74
172 2.74
173 3.74
174 3.74
175 1.91
176 1.91
177 -0.23
178 -0.23
179 4.47
180 4.47
181 1.05
182 1.05
183 3.89
184 3.89
185 4.65
186 4.65
187 0.09
188 0.09
189 3.34
190 3.34
191 3.81
192 3.81
193 1.50
194 1.50
195 2.14
196 2.14
197 5.57
198 5.57
199 0.27
200 0.27
201 7.11
202 7.11
