1	-6.99
2	-8.04
3	-16.25
4	-19.15
5	-16.51
6	-10.16
7	-15.62
8	8.40
9	-19.19
10	-19.76
11	-30.17
12	-9.30
13	3.81
14	-6.64
15	-20.64
16	-14.57
17	11.94
18	-13.14
19	-1.86
20	6.75
21	-21.65
22	7.95
23	-2.27
24	2.97
25	-10.61
26	-1.98
27	-7.24
28	-10.69
29	-16.43
30	-6.45
31	5.03
32	-0.36
33	15.15
34	-6.91
35	-13.94
36	-8.42
37	4.46
38	-8.74
39	-9.10
40	-9.56
41	-27.70
42	-7.37
43	-14.07
44	0.00
45	-23.18
46	-9.82
47	-1.46
48	-7.81
49	-7.96
50	-21.64
51	4.51
52	-9.03
53	-19.07
54	-1.18
55	-4.85
56	8.03
57	1.10
58	-5.24
59	-3.46
60	-19.19
61	-14.60
62	-3.76
63	-17.19
64	-4.09
65	-18.29
66	-13.16
67	7.99
68	-12.55
69	-5.49
70	-6.47
71	-14.76
72	12.02
73	-23.40
74	11.78
75	-3.47
76	1.43
77	3.14
78	-3.27
79	-10.89
80	-10.60
81	-6.92
82	0.85
83	-8.98
84	-7.36
85	-10.56
86	-6.37
87	-21.74
88	-7.16
89	-18.08
90	-9.19
91	1.64
92	-9.36
93	-10.49
94	-11.21
95	-3.64
96	1.17
97	-16.12
98	-2.28
99	-3.42
100	2.20
101	-9.22
