1	-0.28
2	1.69
3	2.06
4	-2.52
5	2.44
6	2.96
7	1.52
8	6.69
9	-0.61
10	5.22
11	-1.49
12	1.20
13	6.30
14	0.97
15	4.18
16	16.32
17	10.23
18	-1.90
19	0.45
20	-0.65
21	-4.41
22	2.18
23	6.38
24	-4.03
25	-3.98
26	-0.65
27	4.36
28	3.92
29	-2.00
30	-3.47
31	4.15
32	6.67
33	0.07
34	3.56
35	-2.23
36	0.25
37	-3.52
38	2.37
39	4.67
40	-3.40
41	-3.65
42	-2.17
43	0.56
44	-3.82
45	4.10
46	-5.14
47	-1.61
48	0.33
49	3.81
50	2.27
51	1.68
52	6.76
53	-0.77
54	2.51
55	-2.44
56	0.74
57	-4.72
58	-5.75
59	3.13
60	-3.31
61	6.90
62	0.63
63	1.73
64	-4.07
65	4.84
66	0.49
67	1.42
68	-0.61
69	3.45
70	-5.33
71	-3.89
72	2.19
73	3.50
74	-1.00
75	2.65
76	0.90
77	-3.74
78	0.55
79	1.01
80	-4.25
81	7.10
82	-1.53
83	-1.08
84	-2.14
85	-2.56
86	1.37
87	-1.28
88	2.01
89	-1.75
90	8.96
91	-0.86
92	-5.35
93	2.59
94	5.85
95	5.29
96	-1.40
97	-0.49
98	3.66
99	0.59
100	-0.88
101	3.58
