1	0.17
2	-0.04
3	0.18
4	0.36
5	0.07
6	0.06
7	0.12
8	0.14
9	0.35
10	0.14
11	0.24
12	0.13
13	0.13
14	-0.01
15	-0.14
16	0.25
17	0.20
18	0.31
19	0.14
20	0.25
21	0.33
22	0.16
23	0.20
24	-0.04
25	0.24
26	0.04
27	0.11
28	0.22
29	0.10
30	-0.17
31	0.00
32	0.31
33	0.07
34	0.00
35	0.12
36	0.19
37	0.03
38	0.19
39	0.04
40	-0.01
41	0.07
42	0.03
43	0.15
44	0.21
45	0.23
46	0.21
47	0.40
48	0.13
49	0.02
50	0.23
51	0.46
52	0.21
53	0.13
54	0.15
55	0.20
56	-0.03
57	0.10
58	0.02
59	-0.22
60	-0.04
61	-0.20
62	0.06
63	0.09
64	0.15
65	-0.14
66	0.45
67	0.17
68	0.09
69	0.07
70	0.18
71	0.22
72	0.06
73	-0.05
74	0.23
75	0.16
76	0.10
77	-0.03
78	0.23
79	0.21
80	0.12
81	0.16
82	0.21
83	0.35
84	-0.06
85	-0.03
86	0.12
87	0.19
88	0.41
89	0.10
90	0.10
91	0.06
92	0.19
93	0.02
94	0.19
95	0.26
96	0.27
97	0.04
98	0.19
99	0.19
100	-0.05
101	0.04
