1	165.54
2	159.32
3	174.16
4	163.19
5	169.11
6	167.54
7	172.69
8	177.26
9	171.63
10	170.25
11	178.20
12	166.34
13	155.34
14	161.75
15	169.75
16	182.88
17	178.92
18	166.79
19	161.00
20	170.42
21	161.77
22	176.31
23	162.77
24	155.98
25	176.94
26	168.05
27	176.86
28	186.87
29	167.65
30	163.05
31	173.18
32	166.23
33	154.73
34	168.87
35	169.23
36	183.03
37	166.03
38	179.30
39	180
40	166.08
41	168.23
42	170.38
43	177.12
44	186.17
45	172.06
46	169.00
47	160.32
48	168.94
49	161.16
50	172.37
51	173.96
52	167.57
53	178.93
54	169.36
55	167.70
56	152.63
57	156.81
58	169.14
59	167.55
60	176.78
61	167.71
62	171.44
63	163.03
64	197.88
65	183.55
66	160.69
67	166.69
68	181.68
69	160.21
70	165.77
71	161.42
72	180.71
73	157.36
74	168.63
75	167.72
76	169.69
77	153.92
78	174.74
79	173.41
80	145.91
81	166.94
82	164.62
83	162.12
84	167.47
85	156.23
86	160.05
87	149.53
88	171.68
89	166.03
90	173.00
91	174.08
92	155.39
93	141.39
94	165.52
95	150.11
96	135.78
97	177.77
98	168.87
99	146.94
100	175.63
101	178.34
