1	245.21
2	254.06
3	287.63
4	231.22
5	276.75
6	202.63
7	226.25
8	242.53
9	257.83
10	299.6
11	277.97
12	275.02
13	237.62
14	234.02
15	252
16	299.98
17	314.38
18	252.66
19	247.63
20	298.67
21	267.85
22	293.55
23	271
24	284.39
25	228.29
26	291.62
27	299.56
28	285.39
29	299.23
30	258.39
31	254.57
32	268.41
33	263.99
34	291.86
35	285.53
36	241.34
37	317.68
38	247.95
39	274.82
40	272.07
41	270.79
42	259.98
43	286.31
44	282.12
45	270.94
46	290.96
47	273.78
48	234.13
49	252.27
50	268.12
51	269.79
52	243.78
53	250.49
54	285.37
55	272.06
56	260.04
57	287.05
58	277.95
59	282.97
60	305.41
61	290.89
62	291.5
63	239.71
64	266.04
65	273.01
66	273.22
67	302.64
68	270.98
69	243.76
70	266.88
71	223.38
72	267.89
73	232.24
74	250.46
75	244.75
76	271.98
77	271.55
78	277.25
79	263.52
80	227.21
81	262.71
82	267.74
83	241.79
84	253.92
85	214.61
86	230.38
87	300.5
88	285
89	273.14
90	266.64
91	288.29
92	252.86
93	204.07
94	264.33
95	273.88
96	232.23
97	255.42
98	264.78
99	237.22
100	269.6
101	279.03
