1	34.03
2	34.81
3	27.67
4	28.48
5	35.36
6	36.22
7	34.87
8	35.64
9	28.53
10	23.82
11	27.52
12	24.88
13	39.36
14	29.63
15	26.43
16	20.48
17	34.03
18	29.83
19	27.80
20	26.72
21	26.28
22	34.84
23	24.06
24	28.44
25	27.77
26	29.81
27	27.26
28	29.30
29	20.72
30	27.48
31	32.24
32	34.91
33	34.29
34	27.81
35	31.42
36	23.55
37	36.74
38	32.52
39	27.33
40	30.24
41	25.41
42	27.82
43	34.33
44	27.48
45	29.93
46	30.34
47	29.20
48	36.82
49	36.55
50	30.98
51	30.28
52	27.09
53	32.10
54	34.01
55	27.18
56	28.75
57	34.62
58	30.88
59	34.41
60	30.02
61	29.87
62	28.87
63	26.19
64	17.18
65	27.38
66	21.12
67	27.11
68	35.77
69	31.38
70	28.60
71	26.44
72	27.91
73	17.75
74	35.65
75	30.09
76	26.20
77	25.61
78	22.23
79	29.94
80	25.70
81	37.11
82	26.44
83	29.53
84	22.91
85	36.83
86	28.31
87	27.17
88	33.05
89	31.11
90	34.48
91	38.76
92	27.23
93	28.56
94	19.62
95	28.39
96	25.17
97	29.77
98	31.14
99	34.30
100	29.85
101	20.78
