1 3.59
2 3.59
3 3.91
4 3.91
5 3.20
6 3.20
7 3.06
8 3.06
9 3.17
10 3.17
11 3.37
12 3.37
13 4.37
14 4.37
15 3.85
16 3.85
17 3.53
18 3.53
19 3.18
20 3.18
21 3.76
22 3.76
23 3.53
24 3.53
25 3.33
26 3.33
27 3.26
28 3.26
29 3.98
30 3.98
31 3.29
32 3.29
33 3.78
34 3.78
35 3.76
36 3.76
37 3.62
38 3.62
39 4.45
40 4.45
41 3.79
42 3.79
43 3.84
44 3.84
45 2.61
46 2.61
47 3.46
48 3.46
49 3.75
50 3.75
51 4.14
52 4.14
53 3.54
54 3.54
55 3.11
56 3.11
57 3.34
58 3.34
59 3.77
60 3.77
61 3.79
62 3.79
63 3.63
64 3.63
65 4.17
66 4.17
67 3.66
68 3.66
69 3.66
70 3.66
71 3.48
72 3.48
73 4.41
74 4.41
75 3.94
76 3.94
77 3.06
78 3.06
79 3.86
80 3.86
81 4.29
82 4.29
83 3.29
84 3.29
85 3.42
86 3.42
87 4.25
88 4.25
89 3.28
90 3.28
91 4.23
92 4.23
93 4.09
94 4.09
95 3.83
96 3.83
97 3.68
98 3.68
99 3.61
100 3.61
101 4.60
102 4.60
103 3.75
104 3.75
105 4.41
106 4.41
107 4.64
108 4.64
109 4.52
110 4.52
111 3.98
112 3.98
113 3.81
114 3.81
115 4.02
116 4.02
117 4.25
118 4.25
119 4.89
120 4.89
121 4.37
122 4.37
123 4.58
124 4.58
125 3.67
126 3.67
127 3.95
128 3.95
129 2.91
130 2.91
131 3.87
132 3.87
133 4.25
134 4.25
135 3.43
136 3.43
137 3.38
138 3.38
139 4.04
140 4.04
141 3.43
142 3.43
143 3.90
144 3.90
145 3.47
146 3.47
147 3.64
148 3.64
149 3.70
150 3.70
151 3.91
152 3.91
153 3.25
154 3.25
155 3.70
156 3.70
157 3.31
158 3.31
159 3.05
160 3.05
161 3.19
162 3.19
163 3.76
164 3.76
165 3.40
166 3.40
167 3.53
168 3.53
169 3.89
170 3.89
171 3.36
172 3.36
173 3.44
174 3.44
175 3.25
176 3.25
177 2.91
178 2.91
179 3.39
180 3.39
181 4.05
182 4.05
183 2.97
184 2.97
185 3.08
186 3.08
187 3.03
188 3.03
189 3.23
190 3.23
191 4.37
192 4.37
193 3.39
194 3.39
195 3.07
196 3.07
197 3.52
198 3.52
199 3.31
200 3.31
201 3.31
202 3.31
