1 0.02
2 0.02
3 0.10
4 0.10
5 -0.33
6 -0.33
7 0.30
8 0.30
9 0.32
10 0.32
11 0.20
12 0.20
13 0.06
14 0.06
15 0.38
16 0.38
17 -0.12
18 -0.12
19 -0.07
20 -0.07
21 0.21
22 0.21
23 0.29
24 0.29
25 0.55
26 0.55
27 0.31
28 0.31
29 0.08
30 0.08
31 0.42
32 0.42
33 -0.44
34 -0.44
35 0.16
36 0.16
37 0.23
38 0.23
39 0.69
40 0.69
41 0.62
42 0.62
43 -0.11
44 -0.11
45 0.46
46 0.46
47 -0.47
48 -0.47
49 0.34
50 0.34
51 0.27
52 0.27
53 0.14
54 0.14
55 0.18
56 0.18
57 0.07
58 0.07
59 0.52
60 0.52
61 0.72
62 0.72
63 -0.07
64 -0.07
65 -0.69
66 -0.69
67 0.03
68 0.03
69 0.56
70 0.56
71 0.26
72 0.26
73 0.16
74 0.16
75 0.06
76 0.06
77 0.07
78 0.07
79 0.09
80 0.09
81 0.25
82 0.25
83 -0.13
84 -0.13
85 -0.22
86 -0.22
87 0.36
88 0.36
89 0.14
90 0.14
91 0.27
92 0.27
93 0.21
94 0.21
95 -0.35
96 -0.35
97 -0.03
98 -0.03
99 -0.28
100 -0.28
101 0.24
102 0.24
103 -0.55
104 -0.55
105 0.47
106 0.47
107 0.70
108 0.70
109 0.36
110 0.36
111 0.68
112 0.68
113 -0.52
114 -0.52
115 -0.17
116 -0.17
117 0.61
118 0.61
119 0.81
120 0.81
121 0.46
122 0.46
123 -0.11
124 -0.11
125 -0.43
126 -0.43
127 -0.10
128 -0.10
129 0.41
130 0.41
131 -0.10
132 -0.10
133 0.81
134 0.81
135 0.76
136 0.76
137 0.47
138 0.47
139 0.60
140 0.60
141 0.16
142 0.16
143 0.37
144 0.37
145 -0.09
146 -0.09
147 -0.20
148 -0.20
149 0.15
150 0.15
151 0.30
152 0.30
153 0.39
154 0.39
155 -0.19
156 -0.19
157 0.04
158 0.04
159 0.64
160 0.64
161 -0.04
162 -0.04
163 -0.34
164 -0.34
165 0.74
166 0.74
167 -0.09
168 -0.09
169 0.23
170 0.23
171 0.64
172 0.64
173 0.97
174 0.97
175 0.33
176 0.33
177 0.36
178 0.36
179 1.29
180 1.29
181 -0.43
182 -0.43
183 0.47
184 0.47
185 0.43
186 0.43
187 0.43
188 0.43
189 0.71
190 0.71
191 -0.41
192 -0.41
193 0.00
194 0.00
195 0.16
196 0.16
197 0.08
198 0.08
199 -0.27
200 -0.27
201 0.04
202 0.04
