1	-4.46
2	16.70
3	-10.08
4	6.96
5	-1.65
6	2.71
7	-14.29
8	33.74
9	-9.20
10	-0.35
11	-1.59
12	1.97
13	-13.31
14	-13.25
15	-23.55
16	-5.81
17	-1.63
18	-1.30
19	-5.39
20	-13.34
21	-11.23
22	-0.90
23	-14.92
24	6.71
25	-13.81
26	6.80
27	5.76
28	1.21
29	-32.71
30	-3.10
31	13.35
32	-6.35
33	3.10
34	-31.05
35	-17.08
36	-14.09
37	0.86
38	-12.03
39	-17.06
40	-5.11
41	-17.49
42	12.97
43	7.47
44	-7.26
45	-8.10
46	13.12
47	-23.57
48	3.33
49	-22.83
50	-2.29
51	-11.59
52	-13.31
53	-13.72
54	-7.80
55	-16.77
56	-44.43
57	-12.23
58	-1.71
59	-2.02
60	-0.58
61	-1.50
62	-21.07
63	5.41
64	2.86
65	-23.89
66	-27.06
67	0.94
68	-0.24
69	-4.26
70	-14.37
71	6.93
72	1.20
73	-3.69
74	-17.71
75	0.84
76	9.36
77	-9.79
78	3.89
79	-14.94
80	-22.79
81	-15.26
82	-22.77
83	-23.08
84	18.15
85	-4.97
86	-7.61
87	-32.39
88	-19.12
89	-19.21
90	-1.05
91	-15.64
92	-1.21
93	-13.74
94	-8.23
95	9.16
96	17.01
97	-20.11
98	-7.69
99	-34.20
100	8.69
101	-40.64
