1	-0.61
2	-0.99
3	-1.45
4	-0.74
5	-1.13
6	-0.96
7	-1.14
8	-0.80
9	-1.37
10	-0.95
11	-1.08
12	-1.68
13	-1.41
14	-0.95
15	-0.41
16	-1.30
17	-0.89
18	-1.47
19	-1.39
20	-1.49
21	-1.78
22	-1.33
23	-1.44
24	-1.36
25	-1.20
26	-1.30
27	-0.46
28	-1.09
29	-0.81
30	-0.92
31	-1.15
32	-1.52
33	-0.42
34	-0.50
35	-0.83
36	-1.63
37	-1.12
38	-0.70
39	-0.27
40	-0.54
41	-1.50
42	-1.00
43	-1.55
44	-1.39
45	-1.16
46	-0.90
47	-0.80
48	-1.20
49	-1.35
50	-0.85
51	-1.18
52	-1.28
53	-1.14
54	-1.36
55	-0.95
56	-0.63
57	-1.39
58	-1.21
59	-1.35
60	-0.46
61	-1.11
62	-0.94
63	-0.51
64	-0.88
65	-0.56
66	-1.04
67	-1.51
68	-1.04
69	-1.61
70	-0.51
71	-1.21
72	-0.98
73	-0.95
74	-1.39
75	-1.15
76	-1.06
77	-0.91
78	-1.12
79	-1.13
80	-0.80
81	-0.27
82	-0.46
83	-0.46
84	-0.47
85	-0.59
86	-1.05
87	-1.56
88	-1.14
89	-1.73
90	-1.17
91	-1.28
92	-0.86
93	-0.29
94	-0.50
95	-1.74
96	-1.08
97	-0.78
98	-0.81
99	-0.65
100	-1.09
101	-0.31
