1 -0.34
2 -0.34
3 -0.63
4 -0.63
5 -0.35
6 -0.35
7 -0.45
8 -0.45
9 -0.78
10 -0.78
11 -1.28
12 -1.28
13 -0.50
14 -0.50
15 -1.15
16 -1.15
17 -0.50
18 -0.50
19 -1.19
20 -1.19
21 -0.81
22 -0.81
23 -1.13
24 -1.13
25 -1.04
26 -1.04
27 -0.67
28 -0.67
29 -0.75
30 -0.75
31 -0.54
32 -0.54
33 -0.85
34 -0.85
35 -0.78
36 -0.78
37 -0.08
38 -0.08
39 -0.47
40 -0.47
41 -0.50
42 -0.50
43 -0.47
44 -0.47
45 -1.02
46 -1.02
47 -0.99
48 -0.99
49 -0.46
50 -0.46
51 -0.38
52 -0.38
53 -0.54
54 -0.54
55 -0.58
56 -0.58
57 -0.79
58 -0.79
59 -0.29
60 -0.29
61 -0.10
62 -0.10
63 -1.08
64 -1.08
65 -0.34
66 -0.34
67 -0.76
68 -0.76
69 -0.93
70 -0.93
71 -0.56
72 -0.56
73 -0.99
74 -0.99
75 -0.86
76 -0.86
77 -0.72
78 -0.72
79 -0.73
80 -0.73
81 -0.68
82 -0.68
83 -0.53
84 -0.53
85 -1.02
86 -1.02
87 -0.38
88 -0.38
89 -0.37
90 -0.37
91 -0.17
92 -0.17
93 -0.47
94 -0.47
95 -0.85
96 -0.85
97 -0.05
98 -0.05
99 -0.86
100 -0.86
101 -0.87
102 -0.87
