1 -1.57
2 -1.57
3 0.88
4 0.88
5 -1.82
6 -1.82
7 2.84
8 2.84
9 1.44
10 1.44
11 2.09
12 2.09
13 -0.75
14 -0.75
15 -1.95
16 -1.95
17 -1.38
18 -1.38
19 -4.05
20 -4.05
21 -2.18
22 -2.18
23 -0.25
24 -0.25
25 -1.38
26 -1.38
27 -1.90
28 -1.90
29 -1.80
30 -1.80
31 -2.69
32 -2.69
33 1.96
34 1.96
35 -2.54
36 -2.54
37 -0.51
38 -0.51
39 1.80
40 1.80
41 -0.82
42 -0.82
43 0.10
44 0.10
45 -2.69
46 -2.69
47 -3.08
48 -3.08
49 -3.16
50 -3.16
51 -2.49
52 -2.49
53 -0.30
54 -0.30
55 -2.99
56 -2.99
57 -0.22
58 -0.22
59 0.80
60 0.80
61 1.30
62 1.30
63 -0.62
64 -0.62
65 -2.05
66 -2.05
67 -3.36
68 -3.36
69 -1.39
70 -1.39
71 -1.55
72 -1.55
73 0.52
74 0.52
75 -0.04
76 -0.04
77 -1.90
78 -1.90
79 -0.97
80 -0.97
81 -2.55
82 -2.55
83 -1.29
84 -1.29
85 -4.87
86 -4.87
87 -0.91
88 -0.91
89 -2.57
90 -2.57
91 3.04
92 3.04
93 4.34
94 4.34
95 1.11
96 1.11
97 -1.80
98 -1.80
99 -0.33
100 -0.33
101 -1.57
102 -1.57
