1 -0.63
2 -0.63
3 -1.45
4 -1.45
5 -1.67
6 -1.67
7 -1.38
8 -1.38
9 -1.55
10 -1.55
11 0.35
12 0.35
13 -6.49
14 -6.49
15 -2.23
16 -2.23
17 -4.27
18 -4.27
19 -3.21
20 -3.21
21 -5.76
22 -5.76
23 -3.65
24 -3.65
25 1.70
26 1.70
27 -2.54
28 -2.54
29 -0.59
30 -0.59
31 5.48
32 5.48
33 -2.52
34 -2.52
35 8.76
36 8.76
37 -2.05
38 -2.05
39 -2.55
40 -2.55
41 2.15
42 2.15
43 0.20
44 0.20
45 0.81
46 0.81
47 -3.26
48 -3.26
49 -4.30
50 -4.30
51 -5.65
52 -5.65
53 0.95
54 0.95
55 -2.69
56 -2.69
57 -2.16
58 -2.16
59 -2.45
60 -2.45
61 -4.03
62 -4.03
63 -3.92
64 -3.92
65 -4.57
66 -4.57
67 -3.64
68 -3.64
69 0.02
70 0.02
71 -0.65
72 -0.65
73 1.08
74 1.08
75 -2.08
76 -2.08
77 -4.21
78 -4.21
79 -2.17
80 -2.17
81 -1.90
82 -1.90
83 -2.48
84 -2.48
85 -2.89
86 -2.89
87 -1.00
88 -1.00
89 -1.69
90 -1.69
91 -5.90
92 -5.90
93 -2.12
94 -2.12
95 -1.95
96 -1.95
97 1.06
98 1.06
99 -4.21
100 -4.21
101 -3.51
102 -3.51
