DG-1   117.93 175.72 -57.79
DA-2   107.27 171.86 -64.59
DT-3   103.90 185.78 -81.88
DT-4    91.97 185.78 -93.81
DA-5    80.54 171.86 -91.32
DC-6    83.04 176.41 -93.37
DA-7    88.56 171.86 -83.3
DT-8   101.08 185.78 -84.7
DA-9   105.07 171.86 -66.79
DC-10   104.71 176.41 -71.7
DA-11   100.61 171.86 -71.25
DT-12    76.72 185.78 -109.06
DA-13   104.53 171.86 -67.33
DC-14   107.56 176.41 -68.85
DA-15   100.68 171.86 -71.18
DG-16   101.83 175.72 -73.89
DA-17   107.58 171.86 -64.28
DT-18    96.11 185.78 -89.67
DT-19   108.32 185.78 -77.46
DA-20   113.18 171.86 -58.68
DC-21   108.43 176.41 -67.98
DA-22   111.66 171.86 -60.2
DT-23   112.51 185.78 -73.27
DA-24   108.78 171.86 -63.08
DC-25   102.12 176.41 -74.29
DA-26   103.57 171.86 -68.29
DT-27   105.49 185.78 -80.29
DA-28   101.36 171.86 -70.5
DC-29    96.62 176.41 -79.79
DA-30   100.95 171.86 -70.91
DG-31    81.78 175.72 -93.94
DA-32    60.02 171.86 -111.84
DT-33    62.51 185.78 -123.27
DT-34    63.10 185.78 -122.68
DA-35    60.19 171.86 -111.67
DC-36    90.43 176.41 -85.98
DA-37    89.31 171.86 -82.55
DT-38    96.41 185.78 -89.37
DA-39    95.20 171.86 -76.66
DC-40   104.06 176.41 -72.35
DA-41   108.67 171.86 -63.19
DT-42   114.15 185.78 -71.63
DA-43   110.28 171.86 -61.58
DC-44   102.09 176.41 -74.32
DA-45   104.70 171.86 -67.16
DG-46   105.80 175.72 -69.92
DA-47   112.84 171.86 -59.02
DT-48   105.77 185.78 -80.01
DT-49   108.29 185.78 -77.49
DA-50   100.95 171.86 -70.91
DC-51    97.86 176.41 -78.55
DA-52    98.53 171.86 -73.33
DT-53    93.21 185.78 -92.57
DA-54    97.76 171.86 -74.1
DC-55   105.12 176.41 -71.29
DA-56   104.06 171.86 -67.8
DT-57   103.76 185.78 -82.02
DA-58   101.04 171.86 -70.82
DC-59    98.08 176.41 -78.33
DA-60    95.56 171.86 -76.3
DG-61    90.37 175.72 -85.35
DA-62    99.04 171.86 -72.82
DT-63   102.07 185.78 -83.71
DT-64   102.18 185.78 -83.6
DA-65    99.78 171.86 -72.08
DC-66   100.23 176.41 -76.18
DA-67    99.21 171.86 -72.65
DT-68   102.05 185.78 -83.73
DA-69   103.77 171.86 -68.09
DC-70   107.74 176.41 -68.67
DA-71   112.57 171.86 -59.29
DT-72   105.95 185.78 -79.83
DA-73    97.06 171.86 -74.8
DC-74    97.12 176.41 -79.29
DA-75   102.67 171.86 -69.19
DG-76   104.52 175.72 -71.2
DA-77   108.06 171.86 -63.8
DT-78    97.21 185.78 -88.57
DT-79   104.56 185.78 -81.22
DA-80   110.55 171.86 -61.31
DC-81    98.22 176.41 -78.19
DA-82    79.23 171.86 -92.63
DT-83    67.83 185.78 -117.95
DA-84    64.02 171.86 -107.84
DC-85    60.61 176.41 -115.8
DA-86    69.32 171.86 -102.54
DT-87    97.69 185.78 -88.09
DA-88    94.73 171.86 -77.13
DC-89   103.02 176.41 -73.39
DA-90   122.64 171.86 -49.22
DT-91   115.02 185.78 -70.76
DG-92   110.61 175.72 -65.11
DT-93   118.55 185.78 -67.23
DA-94   105.66 171.86 -66.2
DT-95    96.57 185.78 -89.21
DG-96    98.78 175.72 -76.94
DT-97    70.49 185.78 -115.29
DA-98    58.59 171.86 -113.27
DT-99    69.84 185.78 -115.94
DG-100    78.95 175.72 -96.77
DT-101    99.27 185.78 -86.51
DA-102   111.40 171.86 -60.46
DA-103   111.94 171.86 -59.92
DT-104   104.47 185.78 -81.31
DC-105    95.09 176.41 -81.32
DT-106    97.62 185.78 -88.16
DG-107   107.76 175.72 -67.96
DT-108   113.16 185.78 -72.62
DA-109   105.09 171.86 -66.77
DT-110    89.83 185.78 -95.95
DG-111    96.43 175.72 -79.29
DT-112   112.30 185.78 -73.48
DA-113   109.82 171.86 -62.04
DT-114    82.77 185.78 -103.01
DG-115    77.95 175.72 -97.77
DT-116    84.27 185.78 -101.51
DA-117   102.46 171.86 -69.4
DA-118    96.28 171.86 -75.58
DT-119    91.84 185.78 -93.94
DC-120    99.80 176.41 -76.61
DT-121   101.91 185.78 -83.87
DG-122   102.34 175.72 -73.38
DT-123   102.43 185.78 -83.35
DA-124    95.81 171.86 -76.05
DT-125    94.18 185.78 -91.6
DG-126   102.25 175.72 -73.47
DT-127   112.20 185.78 -73.58
DA-128   108.20 171.86 -63.66
DT-129   105.92 185.78 -79.86
DG-130   115.12 175.72 -60.6
DT-131   104.24 185.78 -81.54
DA-132    97.92 171.86 -73.94
DA-133   104.39 171.86 -67.47
DT-134    98.80 185.78 -86.98
DC-135   105.65 176.41 -70.76
DT-136   102.86 185.78 -82.92
DG-137   105.92 175.72 -69.8
DT-138   118.08 185.78 -67.7
DA-139   102.59 171.86 -69.27
DT-140    84.62 185.78 -101.16
DG-141   102.86 175.72 -72.86
DT-142   120.69 185.78 -65.09
DA-143   106.34 171.86 -65.52
DT-144    96.30 185.78 -89.48
DG-145   102.44 175.72 -73.28
DT-146   101.81 185.78 -83.97
DA-147    94.00 171.86 -77.86
DA-148    67.52 171.86 -104.34
DT-149    66.78 185.78 -119
DC-150    71.77 176.41 -104.64
DT-151    89.29 185.78 -96.49
DG-152   103.03 175.72 -72.69
DT-153   109.78 185.78 -76
DA-154   106.07 171.86 -65.79
DT-155    99.52 185.78 -86.26
DG-156   104.69 175.72 -71.03
DT-157   114.30 185.78 -71.48
DA-158   105.01 171.86 -66.85
DT-159    96.84 185.78 -88.94
DG-160   106.76 175.72 -68.96
DT-161   105.27 185.78 -80.51
DA-162   103.70 171.86 -68.16
DA-163   108.02 171.86 -63.84
DT-164    98.83 185.78 -86.95
DC-165    98.67 176.41 -77.74
DT-166   105.77 185.78 -80.01
DG-167   104.16 175.72 -71.56
DT-168   102.36 185.78 -83.42
DA-169   104.87 171.86 -66.99
DT-170    75.54 185.78 -110.24
DG-171    72.19 175.72 -103.53
DT-172    89.35 185.78 -96.43
DA-173   104.75 171.86 -67.11
DT-174   104.79 185.78 -80.99
DG-175   102.34 175.72 -73.38
DT-176   101.39 185.78 -84.39
DA-177   102.15 171.86 -69.71
DA-178   103.20 171.86 -68.66
DT-179   100.71 185.78 -85.07
DC-180   113.29 176.41 -63.12
