DG-1   116.19 175.72 -59.53
DA-2   110.79 171.86 -61.07
DT-3   108.25 185.78 -77.53
DT-4    90.53 185.78 -95.25
DA-5    80.23 171.86 -91.63
DC-6    83.00 176.41 -93.41
DA-7    88.69 171.86 -83.17
DT-8   100.37 185.78 -85.41
DA-9   104.19 171.86 -67.67
DC-10   104.61 176.41 -71.8
DA-11   100.77 171.86 -71.09
DT-12    76.22 185.78 -109.56
DA-13   104.10 171.86 -67.76
DC-14   107.38 176.41 -69.03
DA-15   103.66 171.86 -68.2
DG-16   106.80 175.72 -68.92
DA-17   109.86 171.86 -62
DT-18   101.26 185.78 -84.52
DT-19   108.66 185.78 -77.12
DA-20   111.45 171.86 -60.41
DC-21   107.41 176.41 -69
DA-22   110.01 171.86 -61.85
DT-23   112.05 185.78 -73.73
DA-24   101.17 171.86 -70.69
DC-25    98.00 176.41 -78.41
DA-26   104.59 171.86 -67.27
DT-27   101.52 185.78 -84.26
DA-28    96.45 171.86 -75.41
DC-29   100.28 176.41 -76.13
DA-30   105.12 171.86 -66.74
DG-31    81.30 175.72 -94.42
DA-32    59.98 171.86 -111.88
DT-33    62.24 185.78 -123.54
DT-34    62.60 185.78 -123.18
DA-35    60.54 171.86 -111.32
DC-36    90.61 176.41 -85.8
DA-37    84.33 171.86 -87.53
DT-38    95.71 185.78 -90.07
DA-39   105.03 171.86 -66.83
DC-40   104.30 176.41 -72.11
DA-41   108.94 171.86 -62.92
DT-42   114.36 185.78 -71.42
DA-43   109.78 171.86 -62.08
DC-44   108.73 176.41 -67.68
DA-45   118.13 171.86 -53.73
DG-46   109.84 175.72 -65.88
DA-47   100.40 171.86 -71.46
DT-48   100.78 185.78 -85
DT-49   109.63 185.78 -76.15
DA-50   105.44 171.86 -66.42
DC-51   106.89 176.41 -69.52
DA-52   111.84 171.86 -60.02
DT-53    96.46 185.78 -89.32
DA-54    96.23 171.86 -75.63
DC-55   103.54 176.41 -72.87
DA-56    99.70 171.86 -72.16
DT-57   101.52 185.78 -84.26
DA-58   102.55 171.86 -69.31
DC-59   101.41 176.41 -75
DA-60    95.35 171.86 -76.51
DG-61    91.42 175.72 -84.3
DA-62    99.01 171.86 -72.85
DT-63   101.94 185.78 -83.84
DT-64   102.25 185.78 -83.53
DA-65    99.69 171.86 -72.17
DC-66   100.39 176.41 -76.02
DA-67    99.44 171.86 -72.42
DT-68    98.68 185.78 -87.1
DA-69   100.59 171.86 -71.27
DC-70   103.06 176.41 -73.35
DA-71   104.16 171.86 -67.7
DT-72    99.85 185.78 -85.93
DA-73    98.94 171.86 -72.92
DC-74    95.25 176.41 -81.16
DA-75    97.98 171.86 -73.88
DG-76   109.81 175.72 -65.91
DA-77   112.63 171.86 -59.23
DT-78   104.90 185.78 -80.88
DT-79   104.76 185.78 -81.02
DA-80   103.58 171.86 -68.28
DC-81    97.95 176.41 -78.46
DA-82    78.81 171.86 -93.05
DT-83    67.98 185.78 -117.8
DA-84    64.29 171.86 -107.57
DC-85    60.32 176.41 -116.09
DA-86    70.48 171.86 -101.38
DT-87    96.06 185.78 -89.72
DA-88    94.84 171.86 -77.02
DC-89   110.83 176.41 -65.58
DA-90   128.68 171.86 -43.18
DT-91   115.48 185.78 -70.3
DG-92   103.11 175.72 -72.61
DT-93   109.22 185.78 -76.56
DA-94   104.52 171.86 -67.34
DT-95    96.96 185.78 -88.82
DG-96    99.02 175.72 -76.7
DT-97    70.54 185.78 -115.24
DA-98    59.32 171.86 -112.54
DT-99    69.64 185.78 -116.14
DG-100    78.18 175.72 -97.54
DT-101    96.21 185.78 -89.57
DA-102   105.49 171.86 -66.37
DA-103    96.72 171.86 -75.14
DT-104    99.44 185.78 -86.34
DC-105   112.38 176.41 -64.03
DT-106   108.98 185.78 -76.8
DG-107   115.41 175.72 -60.31
DT-108   122.83 185.78 -62.95
DA-109   115.24 171.86 -56.62
DT-110   100.61 185.78 -85.17
DG-111   106.88 175.72 -68.84
DT-112   109.82 185.78 -75.96
DA-113   100.29 171.86 -71.57
DT-114    82.42 185.78 -103.36
DG-115    78.69 175.72 -97.03
DT-116    84.54 185.78 -101.24
DA-117   103.09 171.86 -68.77
DA-118    96.42 171.86 -75.44
DT-119    91.73 185.78 -94.05
DC-120    99.12 176.41 -77.29
DT-121   103.21 185.78 -82.57
DG-122   106.15 175.72 -69.57
DT-123   113.88 185.78 -71.9
DA-124   101.65 171.86 -70.21
DT-125    94.74 185.78 -91.04
DG-126   104.95 175.72 -70.77
DT-127   107.67 185.78 -78.11
DA-128   102.88 171.86 -68.98
DT-129    97.99 185.78 -87.79
DG-130   101.17 175.72 -74.55
DT-131    96.68 185.78 -89.1
DA-132   103.42 171.86 -68.44
DA-133   112.97 171.86 -58.89
DT-134   108.24 185.78 -77.54
DC-135   107.56 176.41 -68.85
DT-136   110.63 185.78 -75.15
DG-137   113.57 175.72 -62.15
DT-138   111.08 185.78 -74.7
DA-139   103.40 171.86 -68.46
DT-140   101.61 185.78 -84.17
DG-141   112.64 175.72 -63.08
DT-142   111.19 185.78 -74.59
DA-143   102.71 171.86 -69.15
DT-144    98.39 185.78 -87.39
DG-145   101.86 175.72 -73.86
DT-146   101.72 185.78 -84.06
DA-147    93.99 171.86 -77.87
DA-148    67.76 171.86 -104.1
DT-149    66.65 185.78 -119.13
DC-150    69.89 176.41 -106.52
DT-151    78.32 185.78 -107.46
DG-152    82.92 175.72 -92.8
DT-153   118.35 185.78 -67.43
DA-154   103.66 171.86 -68.2
DT-155    99.15 185.78 -86.63
DG-156   104.73 175.72 -70.99
DT-157   114.69 185.78 -71.09
DA-158   115.94 171.86 -55.92
DT-159   104.52 185.78 -81.26
DG-160    99.61 175.72 -76.11
DT-161   100.59 185.78 -85.19
DA-162   101.62 171.86 -70.24
DA-163   104.19 171.86 -67.67
DT-164   102.15 185.78 -83.63
DC-165    99.61 176.41 -76.8
DT-166   103.32 185.78 -82.46
DG-167   103.78 175.72 -71.94
DT-168   102.02 185.78 -83.76
DA-169   104.48 171.86 -67.38
DT-170    74.63 185.78 -111.15
DG-171    71.75 175.72 -103.97
DT-172    88.70 185.78 -97.08
DA-173   104.59 171.86 -67.27
DT-174   104.40 185.78 -81.38
DG-175   102.07 175.72 -73.65
DT-176   101.53 185.78 -84.25
DA-177   102.89 171.86 -68.97
DA-178   101.16 171.86 -70.7
DT-179    99.96 185.78 -85.82
DC-180   115.23 176.41 -61.18
