DG-1   120.75 175.72 -54.97
DA-2   104.44 171.86 -67.42
DT-3    97.48 185.78 -88.3
DT-4    90.77 185.78 -95.01
DA-5    80.23 171.86 -91.63
DC-6    83.29 176.41 -93.12
DA-7    88.62 171.86 -83.24
DT-8   100.73 185.78 -85.05
DA-9   104.10 171.86 -67.76
DC-10   104.43 176.41 -71.98
DA-11   100.77 171.86 -71.09
DT-12    76.11 185.78 -109.67
DA-13   103.66 171.86 -68.2
DC-14   106.96 176.41 -69.45
DA-15   106.16 171.86 -65.7
DG-16   111.20 175.72 -64.52
DA-17   111.26 171.86 -60.6
DT-18   101.86 185.78 -83.92
DT-19   111.03 185.78 -74.75
DA-20   109.35 171.86 -62.51
DC-21   104.80 176.41 -71.61
DA-22   106.00 171.86 -65.86
DT-23   102.69 185.78 -83.09
DA-24    99.44 171.86 -72.42
DC-25   103.30 176.41 -73.11
DA-26   105.77 171.86 -66.09
DT-27   102.32 185.78 -83.46
DA-28   100.83 171.86 -71.03
DC-29    99.59 176.41 -76.82
DA-30   102.41 171.86 -69.45
DG-31    81.67 175.72 -94.05
DA-32    59.82 171.86 -112.04
DT-33    62.39 185.78 -123.39
DT-34    62.51 185.78 -123.27
DA-35    60.36 171.86 -111.5
DC-36    90.98 176.41 -85.43
DA-37    96.88 171.86 -74.98
DT-38   113.62 185.78 -72.16
DA-39   110.76 171.86 -61.1
DC-40   103.20 176.41 -73.21
DA-41    95.66 171.86 -76.2
DT-42    98.96 185.78 -86.82
DA-43   104.99 171.86 -66.87
DC-44   102.00 176.41 -74.41
DA-45   106.46 171.86 -65.4
DG-46   106.46 175.72 -69.26
DA-47   106.78 171.86 -65.08
DT-48   101.94 185.78 -83.84
DT-49   108.35 185.78 -77.43
DA-50   102.28 171.86 -69.58
DC-51   104.13 176.41 -72.28
DA-52   115.46 171.86 -56.4
DT-53   107.84 185.78 -77.94
DA-54    99.60 171.86 -72.26
DC-55   101.67 176.41 -74.74
DA-56   102.16 171.86 -69.7
DT-57    97.42 185.78 -88.36
DA-58    96.25 171.86 -75.61
DC-59   102.33 176.41 -74.08
DA-60    97.86 171.86 -74
DG-61    90.56 175.72 -85.16
DA-62    99.92 171.86 -71.94
DT-63   102.53 185.78 -83.25
DT-64   102.92 185.78 -82.86
DA-65   100.14 171.86 -71.72
DC-66   100.22 176.41 -76.19
DA-67    98.74 171.86 -73.12
DT-68    96.31 185.78 -89.47
DA-69    95.10 171.86 -76.76
DC-70   104.91 176.41 -71.5
DA-71   110.43 171.86 -61.43
DT-72   106.72 185.78 -79.06
DA-73   102.62 171.86 -69.24
DC-74   100.83 176.41 -75.58
DA-75    98.99 171.86 -72.87
DG-76   100.83 175.72 -74.89
DA-77   110.44 171.86 -61.42
DT-78   104.89 185.78 -80.89
DT-79   109.43 185.78 -76.35
DA-80   108.10 171.86 -63.76
DC-81    98.32 176.41 -78.09
DA-82    79.02 171.86 -92.84
DT-83    67.07 185.78 -118.71
DA-84    64.29 171.86 -107.57
DC-85    60.74 176.41 -115.67
DA-86    69.40 171.86 -102.46
DT-87   100.32 185.78 -85.46
DA-88   104.90 171.86 -66.96
DC-89   109.00 176.41 -67.41
DA-90   121.32 171.86 -50.54
DT-91   116.32 185.78 -69.46
DG-92   108.71 175.72 -67.01
DT-93   110.86 185.78 -74.92
DA-94   101.90 171.86 -69.96
DT-95    97.64 185.78 -88.14
DG-96    99.33 175.72 -76.39
DT-97    70.09 185.78 -115.69
DA-98    58.72 171.86 -113.14
DT-99    70.24 185.78 -115.54
DG-100    79.22 175.72 -96.5
DT-101    88.85 185.78 -96.93
DA-102    94.80 171.86 -77.06
DA-103   105.48 171.86 -66.38
DT-104   103.43 185.78 -82.35
DC-105   102.02 176.41 -74.39
DT-106    97.34 185.78 -88.44
DG-107    94.99 175.72 -80.73
DT-108   103.51 185.78 -82.27
DA-109   106.79 171.86 -65.07
DT-110   102.90 185.78 -82.88
DG-111   104.69 175.72 -71.03
DT-112   110.30 185.78 -75.48
DA-113   105.91 171.86 -65.95
DT-114    83.57 185.78 -102.21
DG-115    78.76 175.72 -96.96
DT-116    85.42 185.78 -100.36
DA-117   102.49 171.86 -69.37
DA-118    96.39 171.86 -75.47
DT-119    92.05 185.78 -93.73
DC-120    99.64 176.41 -76.77
DT-121   103.89 185.78 -81.89
DG-122   103.96 175.72 -71.76
DT-123   105.76 185.78 -80.02
DA-124    95.69 171.86 -76.17
DT-125    98.34 185.78 -87.44
DG-126   105.97 175.72 -69.75
DT-127   108.14 185.78 -77.64
DA-128   105.23 171.86 -66.63
DT-129    98.91 185.78 -86.87
DG-130   104.42 175.72 -71.3
DT-131   100.74 185.78 -85.04
DA-132   101.23 171.86 -70.63
DA-133   105.88 171.86 -65.98
DT-134   105.40 185.78 -80.38
DC-135    99.93 176.41 -76.48
DT-136    98.86 185.78 -86.92
DG-137   106.56 175.72 -69.16
DT-138   117.31 185.78 -68.47
DA-139   111.28 171.86 -60.58
DT-140    99.05 185.78 -86.73
DG-141   105.98 175.72 -69.74
DT-142   106.21 185.78 -79.57
DA-143   100.05 171.86 -71.81
DT-144    98.13 185.78 -87.65
DG-145   101.96 175.72 -73.76
DT-146   101.38 185.78 -84.4
DA-147    93.94 171.86 -77.92
DA-148    67.19 171.86 -104.67
DT-149    67.03 185.78 -118.75
DC-150    71.71 176.41 -104.7
DT-151    84.19 185.78 -101.59
DG-152    97.72 175.72 -78
DT-153   111.54 185.78 -74.24
DA-154   107.74 171.86 -64.12
DT-155   101.68 185.78 -84.1
DG-156   103.26 175.72 -72.46
DT-157   112.05 185.78 -73.73
DA-158   107.42 171.86 -64.44
DT-159   101.61 185.78 -84.17
DG-160   103.61 175.72 -72.11
DT-161   107.44 185.78 -78.34
DA-162   110.75 171.86 -61.11
DA-163   101.48 171.86 -70.38
DT-164    89.95 185.78 -95.83
DC-165   101.10 176.41 -75.31
DT-166   108.16 185.78 -77.62
DG-167   103.57 175.72 -72.15
DT-168   101.73 185.78 -84.05
DA-169   103.90 171.86 -67.96
DT-170    75.02 185.78 -110.76
DG-171    71.54 175.72 -104.18
DT-172    88.62 185.78 -97.16
DA-173   104.58 171.86 -67.28
DT-174   104.08 185.78 -81.7
DG-175   102.18 175.72 -73.54
DT-176   102.16 185.78 -83.62
DA-177   103.04 171.86 -68.82
DA-178   105.94 171.86 -65.92
DT-179   100.90 185.78 -84.88
DC-180   111.14 176.41 -65.27
