DG-1   112.90 175.72 -62.82
DA-2    98.24 171.86 -73.62
DT-3    99.30 185.78 -86.48
DT-4    91.62 185.78 -94.16
DA-5    81.02 171.86 -90.84
DC-6    84.56 176.41 -91.85
DA-7    89.03 171.86 -82.83
DT-8   100.78 185.78 -85
DA-9   104.85 171.86 -67.01
DC-10   104.92 176.41 -71.49
DA-11   101.01 171.86 -70.85
DT-12    76.14 185.78 -109.64
DA-13   104.01 171.86 -67.85
DC-14   107.09 176.41 -69.32
DA-15   103.89 171.86 -67.97
DG-16   104.14 175.72 -71.58
DA-17   104.04 171.86 -67.82
DT-18   102.43 185.78 -83.35
DT-19   110.02 185.78 -75.76
DA-20   104.19 171.86 -67.67
DC-21   101.10 176.41 -75.31
DA-22   103.42 171.86 -68.44
DT-23    98.44 185.78 -87.34
DA-24    95.78 171.86 -76.08
DC-25   101.89 176.41 -74.52
DA-26   106.31 171.86 -65.55
DT-27   100.64 185.78 -85.14
DA-28    94.02 171.86 -77.84
DC-29    95.22 176.41 -81.19
DA-30   100.89 171.86 -70.97
DG-31    81.25 175.72 -94.47
DA-32    60.59 171.86 -111.27
DT-33    62.96 185.78 -122.82
DT-34    62.46 185.78 -123.32
DA-35    60.04 171.86 -111.82
DC-36    90.67 176.41 -85.74
DA-37    92.80 171.86 -79.06
DT-38   102.07 185.78 -83.71
DA-39   103.93 171.86 -67.93
DC-40   107.79 176.41 -68.62
DA-41   104.30 171.86 -67.56
DT-42    97.25 185.78 -88.53
DA-43   105.67 171.86 -66.19
DC-44   106.34 176.41 -70.07
DA-45    97.02 171.86 -74.84
DG-46   105.67 175.72 -70.05
DA-47   103.31 171.86 -68.55
DT-48    91.79 185.78 -93.99
DT-49   109.93 185.78 -75.85
DA-50   114.93 171.86 -56.93
DC-51   111.46 176.41 -64.95
DA-52   103.66 171.86 -68.2
DT-53    98.08 185.78 -87.7
DA-54   102.94 171.86 -68.92
DC-55   102.70 176.41 -73.71
DA-56   100.35 171.86 -71.51
DT-57   103.99 185.78 -81.79
DA-58   107.93 171.86 -63.93
DC-59   109.16 176.41 -67.25
DA-60    99.99 171.86 -71.87
DG-61    90.79 175.72 -84.93
DA-62    99.19 171.86 -72.67
DT-63   101.99 185.78 -83.79
DT-64   102.25 185.78 -83.53
DA-65    99.75 171.86 -72.11
DC-66   100.40 176.41 -76.01
DA-67    99.31 171.86 -72.55
DT-68   105.01 185.78 -80.77
DA-69   101.97 171.86 -69.89
DC-70    97.09 176.41 -79.32
DA-71   106.81 171.86 -65.05
DT-72   110.58 185.78 -75.2
DA-73   103.39 171.86 -68.47
DC-74   100.35 176.41 -76.06
DA-75   106.38 171.86 -65.48
DG-76   103.28 175.72 -72.44
DA-77   103.66 171.86 -68.2
DT-78   101.71 185.78 -84.07
DT-79   106.41 185.78 -79.37
DA-80   106.28 171.86 -65.58
DC-81    97.48 176.41 -78.93
DA-82    78.06 171.86 -93.8
DT-83    68.02 185.78 -117.76
DA-84    63.43 171.86 -108.43
DC-85    60.21 176.41 -116.2
DA-86    70.98 171.86 -100.88
DT-87   104.31 185.78 -81.47
DA-88   107.16 171.86 -64.7
DC-89   106.24 176.41 -70.17
DA-90   119.78 171.86 -52.08
DT-91   111.20 185.78 -74.58
DG-92   101.19 175.72 -74.53
DT-93   107.16 185.78 -78.62
DA-94    99.70 171.86 -72.16
DT-95    96.81 185.78 -88.97
DG-96    99.22 175.72 -76.5
DT-97    70.02 185.78 -115.76
DA-98    59.22 171.86 -112.64
DT-99    69.86 185.78 -115.92
DG-100    78.50 175.72 -97.22
DT-101    89.69 185.78 -96.09
DA-102   100.71 171.86 -71.15
DA-103   112.84 171.86 -59.02
DT-104   107.08 185.78 -78.7
DC-105    96.10 176.41 -80.31
DT-106    96.96 185.78 -88.82
DG-107   102.58 175.72 -73.14
DT-108    99.76 185.78 -86.02
DA-109   100.16 171.86 -71.7
DT-110   104.67 185.78 -81.11
DG-111   105.58 175.72 -70.14
DT-112   111.50 185.78 -74.28
DA-113   110.10 171.86 -61.76
DT-114    82.56 185.78 -103.22
DG-115    78.47 175.72 -97.25
DT-116    84.07 185.78 -101.71
DA-117   102.76 171.86 -69.1
DA-118    96.33 171.86 -75.53
DT-119    91.68 185.78 -94.1
DC-120    99.12 176.41 -77.29
DT-121   100.89 185.78 -84.89
DG-122    98.10 175.72 -77.62
DT-123   103.35 185.78 -82.43
DA-124   101.26 171.86 -70.6
DT-125    98.32 185.78 -87.46
DG-126   104.55 175.72 -71.17
DT-127   101.09 185.78 -84.69
DA-128    96.52 171.86 -75.34
DT-129   103.25 185.78 -82.53
DG-130   106.19 175.72 -69.53
DT-131   100.46 185.78 -85.32
DA-132    97.00 171.86 -74.86
DA-133    99.85 171.86 -72.01
DT-134   103.74 185.78 -82.04
DC-135   105.03 176.41 -71.38
DT-136   109.59 185.78 -76.19
DG-137   114.84 175.72 -60.88
DT-138   112.22 185.78 -73.56
DA-139   110.07 171.86 -61.79
DT-140   106.75 185.78 -79.03
DG-141   104.72 175.72 -71
DT-142   115.31 185.78 -70.47
DA-143   114.55 171.86 -57.31
DT-144    99.29 185.78 -86.49
DG-145   101.64 175.72 -74.08
DT-146   101.44 185.78 -84.34
DA-147    93.78 171.86 -78.08
DA-148    67.29 171.86 -104.57
DT-149    66.94 185.78 -118.84
DC-150    71.59 176.41 -104.82
DT-151    86.36 185.78 -99.42
DG-152    87.49 175.72 -88.23
DT-153   111.07 185.78 -74.71
DA-154   108.25 171.86 -63.61
DT-155   102.31 185.78 -83.47
DG-156   103.75 175.72 -71.97
DT-157   104.35 185.78 -81.43
DA-158   102.69 171.86 -69.17
DT-159    94.32 185.78 -91.46
DG-160   103.00 175.72 -72.72
DT-161   110.24 185.78 -75.54
DA-162   110.46 171.86 -61.4
DA-163   114.37 171.86 -57.49
DT-164   109.27 185.78 -76.51
DC-165   104.30 176.41 -72.11
DT-166   102.10 185.78 -83.68
DG-167   103.54 175.72 -72.18
DT-168   102.04 185.78 -83.74
DA-169   104.56 171.86 -67.3
DT-170    75.40 185.78 -110.38
DG-171    71.72 175.72 -104
DT-172    88.42 185.78 -97.36
DA-173   105.09 171.86 -66.77
DT-174   104.97 185.78 -80.81
DG-175   102.07 175.72 -73.65
DT-176   101.38 185.78 -84.4
DA-177   102.67 171.86 -69.19
DA-178   103.13 171.86 -68.73
DT-179    98.36 185.78 -87.42
DC-180   111.40 176.41 -65.01
