DG-1   119.16 175.72 -56.56
DA-2   107.75 171.86 -64.11
DT-3   102.36 185.78 -83.42
DT-4    90.65 185.78 -95.13
DA-5    79.92 171.86 -91.94
DC-6    83.29 176.41 -93.12
DA-7    88.56 171.86 -83.3
DT-8   100.78 185.78 -85
DA-9   104.50 171.86 -67.36
DC-10   104.46 176.41 -71.95
DA-11   100.68 171.86 -71.18
DT-12    76.36 185.78 -109.42
DA-13   104.04 171.86 -67.82
DC-14   107.27 176.41 -69.14
DA-15   106.12 171.86 -65.74
DG-16   107.61 175.72 -68.11
DA-17   107.69 171.86 -64.17
DT-18   105.09 185.78 -80.69
DT-19   115.88 185.78 -69.9
DA-20   114.86 171.86 -57
DC-21   104.99 176.41 -71.42
DA-22   107.61 171.86 -64.25
DT-23   114.00 185.78 -71.78
DA-24   109.39 171.86 -62.47
DC-25   107.00 176.41 -69.41
DA-26   111.60 171.86 -60.26
DT-27   107.39 185.78 -78.39
DA-28    94.71 171.86 -77.15
DC-29    93.74 176.41 -82.67
DA-30   101.70 171.86 -70.16
DG-31    81.58 175.72 -94.14
DA-32    60.01 171.86 -111.85
DT-33    62.42 185.78 -123.36
DT-34    62.25 185.78 -123.53
DA-35    60.55 171.86 -111.31
DC-36    90.66 176.41 -85.75
DA-37    87.50 171.86 -84.36
DT-38    97.59 185.78 -88.19
DA-39    94.49 171.86 -77.37
DC-40    97.91 176.41 -78.5
DA-41   109.16 171.86 -62.7
DT-42   110.98 185.78 -74.8
DA-43   103.93 171.86 -67.93
DC-44   104.83 176.41 -71.58
DA-45   111.73 171.86 -60.13
DG-46   103.24 175.72 -72.48
DA-47   108.33 171.86 -63.53
DT-48   100.49 185.78 -85.29
DT-49    99.85 185.78 -85.93
DA-50   106.48 171.86 -65.38
DC-51   110.07 176.41 -66.34
DA-52   106.00 171.86 -65.86
DT-53    92.29 185.78 -93.49
DA-54    92.72 171.86 -79.14
DC-55   106.06 176.41 -70.35
DA-56   117.16 171.86 -54.7
DT-57   110.68 185.78 -75.1
DA-58   100.86 171.86 -71
DC-59   105.85 176.41 -70.56
DA-60   100.09 171.86 -71.77
DG-61    90.97 175.72 -84.75
DA-62   100.11 171.86 -71.75
DT-63   102.61 185.78 -83.17
DT-64   102.24 185.78 -83.54
DA-65   100.06 171.86 -71.8
DC-66   100.30 176.41 -76.11
DA-67    98.68 171.86 -73.18
DT-68   101.71 185.78 -84.07
DA-69   106.31 171.86 -65.55
DC-70   102.11 176.41 -74.3
DA-71   101.32 171.86 -70.54
DT-72   102.99 185.78 -82.79
DA-73   102.90 171.86 -68.96
DC-74   102.13 176.41 -74.28
DA-75   109.01 171.86 -62.85
DG-76   109.58 175.72 -66.14
DA-77   105.95 171.86 -65.91
DT-78   102.97 185.78 -82.81
DT-79   106.70 185.78 -79.08
DA-80   106.49 171.86 -65.37
DC-81    98.43 176.41 -77.98
DA-82    78.44 171.86 -93.42
DT-83    67.58 185.78 -118.2
DA-84    64.48 171.86 -107.38
DC-85    60.60 176.41 -115.81
DA-86    69.59 171.86 -102.27
DT-87   101.81 185.78 -83.97
DA-88    90.83 171.86 -81.03
DC-89    95.43 176.41 -80.98
DA-90   122.97 171.86 -48.89
DT-91   112.31 185.78 -73.47
DG-92   110.31 175.72 -65.41
DT-93   122.94 185.78 -62.84
DA-94   107.36 171.86 -64.5
DT-95    97.04 185.78 -88.74
DG-96    99.59 175.72 -76.13
DT-97    70.42 185.78 -115.36
DA-98    59.05 171.86 -112.81
DT-99    70.38 185.78 -115.4
DG-100    78.44 175.72 -97.28
DT-101    99.29 185.78 -86.49
DA-102   104.42 171.86 -67.44
DA-103   102.20 171.86 -69.66
DT-104   111.14 185.78 -74.64
DC-105   111.07 176.41 -65.34
DT-106   104.14 185.78 -81.64
DG-107   104.62 175.72 -71.1
DT-108   104.55 185.78 -81.23
DA-109   101.12 171.86 -70.74
DT-110   104.37 185.78 -81.41
DG-111   114.95 175.72 -60.77
DT-112   114.87 185.78 -70.91
DA-113   107.11 171.86 -64.75
DT-114    82.95 185.78 -102.83
DG-115    78.38 175.72 -97.34
DT-116    85.18 185.78 -100.6
DA-117   103.17 171.86 -68.69
DA-118    96.36 171.86 -75.5
DT-119    92.01 185.78 -93.77
DC-120    99.46 176.41 -76.95
DT-121    98.73 185.78 -87.05
DG-122    99.13 175.72 -76.59
DT-123   103.99 185.78 -81.79
DA-124   104.84 171.86 -67.02
DT-125   107.04 185.78 -78.74
DG-126   107.66 175.72 -68.06
DT-127   112.50 185.78 -73.28
DA-128   110.96 171.86 -60.9
DT-129   106.09 185.78 -79.69
DG-130   105.32 175.72 -70.4
DT-131    97.99 185.78 -87.79
DA-132    99.71 171.86 -72.15
DA-133   102.15 171.86 -69.71
DT-134   101.60 185.78 -84.18
DC-135   111.47 176.41 -64.94
DT-136   107.22 185.78 -78.56
DG-137   110.83 175.72 -64.89
DT-138   116.45 185.78 -69.33
DA-139   109.55 171.86 -62.31
DT-140   102.98 185.78 -82.8
DG-141   109.17 175.72 -66.55
DT-142   116.31 185.78 -69.47
DA-143   108.03 171.86 -63.83
DT-144    99.93 185.78 -85.85
DG-145   101.92 175.72 -73.8
DT-146   101.64 185.78 -84.14
DA-147    94.23 171.86 -77.63
DA-148    67.11 171.86 -104.75
DT-149    66.84 185.78 -118.94
DC-150    71.32 176.41 -105.09
DT-151    84.03 185.78 -101.75
DG-152    73.56 175.72 -102.16
DT-153   110.80 185.78 -74.98
DA-154   103.11 171.86 -68.75
DT-155    97.38 185.78 -88.4
DG-156   102.09 175.72 -73.63
DT-157   111.82 185.78 -73.96
DA-158   102.76 171.86 -69.1
DT-159    98.59 185.78 -87.19
DG-160   102.39 175.72 -73.33
DT-161   101.81 185.78 -83.97
DA-162   108.73 171.86 -63.13
DA-163   104.92 171.86 -66.94
DT-164    99.93 185.78 -85.85
DC-165    99.93 176.41 -76.48
DT-166   101.30 185.78 -84.48
DG-167   103.68 175.72 -72.04
DT-168   101.65 185.78 -84.13
DA-169   104.22 171.86 -67.64
DT-170    74.85 185.78 -110.93
DG-171    72.19 175.72 -103.53
DT-172    89.75 185.78 -96.03
DA-173   104.66 171.86 -67.2
DT-174   104.41 185.78 -81.37
DG-175   101.98 175.72 -73.74
DT-176   101.29 185.78 -84.49
DA-177   102.22 171.86 -69.64
DA-178    93.03 171.86 -78.83
DT-179   100.94 185.78 -84.84
DC-180   123.78 176.41 -52.63
