DG-1   119.12 175.72 -56.6
DA-2   107.60 171.86 -64.26
DT-3   102.35 185.78 -83.43
DT-4    91.00 185.78 -94.78
DA-5    79.83 171.86 -92.03
DC-6    84.22 176.41 -92.19
DA-7    89.44 171.86 -82.42
DT-8   101.19 185.78 -84.59
DA-9   104.50 171.86 -67.36
DC-10   104.56 176.41 -71.85
DA-11   101.01 171.86 -70.85
DT-12    76.04 185.78 -109.74
DA-13   104.23 171.86 -67.63
DC-14   107.32 176.41 -69.09
DA-15   104.34 171.86 -67.52
DG-16   106.90 175.72 -68.82
DA-17   104.99 171.86 -66.87
DT-18   101.25 185.78 -84.53
DT-19   108.43 185.78 -77.35
DA-20   104.52 171.86 -67.34
DC-21   109.77 176.41 -66.64
DA-22   109.16 171.86 -62.7
DT-23    99.07 185.78 -86.71
DA-24    96.68 171.86 -75.18
DC-25    99.82 176.41 -76.59
DA-26   110.83 171.86 -61.03
DT-27   114.30 185.78 -71.48
DA-28   101.85 171.86 -70.01
DC-29   102.66 176.41 -73.75
DA-30   107.94 171.86 -63.92
DG-31    81.23 175.72 -94.49
DA-32    60.29 171.86 -111.57
DT-33    62.51 185.78 -123.27
DT-34    61.89 185.78 -123.89
DA-35    60.61 171.86 -111.25
DC-36    91.18 176.41 -85.23
DA-37    95.90 171.86 -75.96
DT-38   101.05 185.78 -84.73
DA-39    95.20 171.86 -76.66
DC-40   101.34 176.41 -75.07
DA-41   110.46 171.86 -61.4
DT-42   111.17 185.78 -74.61
DA-43   109.34 171.86 -62.52
DC-44   104.04 176.41 -72.37
DA-45    99.47 171.86 -72.39
DG-46   108.83 175.72 -66.89
DA-47   107.52 171.86 -64.34
DT-48   101.18 185.78 -84.6
DT-49   110.83 185.78 -74.95
DA-50   104.36 171.86 -67.5
DC-51   107.98 176.41 -68.43
DA-52   109.87 171.86 -61.99
DT-53   100.76 185.78 -85.02
DA-54   103.49 171.86 -68.37
DC-55   105.15 176.41 -71.26
DA-56   106.15 171.86 -65.71
DT-57    97.95 185.78 -87.83
DA-58    88.99 171.86 -82.87
DC-59    98.32 176.41 -78.09
DA-60    96.97 171.86 -74.89
DG-61    91.10 175.72 -84.62
DA-62    99.89 171.86 -71.97
DT-63   102.62 185.78 -83.16
DT-64   102.99 185.78 -82.79
DA-65   100.46 171.86 -71.4
DC-66   100.51 176.41 -75.9
DA-67    99.28 171.86 -72.58
DT-68    94.18 185.78 -91.6
DA-69    89.50 171.86 -82.36
DC-70   100.64 176.41 -75.77
DA-71   109.94 171.86 -61.92
DT-72    98.68 185.78 -87.1
DA-73    96.03 171.86 -75.83
DC-74   105.05 176.41 -71.36
DA-75   111.85 171.86 -60.01
DG-76   107.45 175.72 -68.27
DA-77   105.37 171.86 -66.49
DT-78   107.34 185.78 -78.44
DT-79   112.23 185.78 -73.55
DA-80   107.70 171.86 -64.16
DC-81    98.02 176.41 -78.39
DA-82    78.46 171.86 -93.4
DT-83    67.80 185.78 -117.98
DA-84    63.77 171.86 -108.09
DC-85    60.30 176.41 -116.11
DA-86    70.71 171.86 -101.15
DT-87   102.57 185.78 -83.21
DA-88   101.43 171.86 -70.43
DC-89    97.21 176.41 -79.2
DA-90   114.96 171.86 -56.9
DT-91   113.04 185.78 -72.74
DG-92   101.21 175.72 -74.51
DT-93   109.08 185.78 -76.7
DA-94   103.80 171.86 -68.06
DT-95    97.24 185.78 -88.54
DG-96    99.12 175.72 -76.6
DT-97    69.28 185.78 -116.5
DA-98    58.75 171.86 -113.11
DT-99    70.27 185.78 -115.51
DG-100    78.35 175.72 -97.37
DT-101    92.76 185.78 -93.02
DA-102   107.16 171.86 -64.7
DA-103   110.99 171.86 -60.87
DT-104   103.89 185.78 -81.89
DC-105   102.15 176.41 -74.26
DT-106   101.03 185.78 -84.75
DG-107   104.89 175.72 -70.83
DT-108   109.47 185.78 -76.31
DA-109   108.20 171.86 -63.66
DT-110   102.38 185.78 -83.4
DG-111   103.43 175.72 -72.29
DT-112   104.55 185.78 -81.23
DA-113   102.29 171.86 -69.57
DT-114    83.66 185.78 -102.12
DG-115    78.28 175.72 -97.44
DT-116    85.05 185.78 -100.73
DA-117   102.75 171.86 -69.11
DA-118    96.41 171.86 -75.45
DT-119    91.88 185.78 -93.9
DC-120    99.56 176.41 -76.85
DT-121   104.85 185.78 -80.93
DG-122   104.42 175.72 -71.3
DT-123   105.26 185.78 -80.52
DA-124   105.58 171.86 -66.28
DT-125   102.47 185.78 -83.31
DG-126   105.84 175.72 -69.88
DT-127   115.81 185.78 -69.97
DA-128   107.61 171.86 -64.25
DT-129   101.15 185.78 -84.63
DG-130   106.54 175.72 -69.18
DT-131   105.08 185.78 -80.7
DA-132   108.31 171.86 -63.55
DA-133   108.59 171.86 -63.27
DT-134   103.29 185.78 -82.49
DC-135   106.87 176.41 -69.54
DT-136   108.87 185.78 -76.91
DG-137   113.25 175.72 -62.47
DT-138   119.79 185.78 -65.99
DA-139   113.61 171.86 -58.25
DT-140   106.89 185.78 -78.89
DG-141   112.65 175.72 -63.07
DT-142   116.25 185.78 -69.53
DA-143   110.24 171.86 -61.62
DT-144   100.76 185.78 -85.02
DG-145   101.90 175.72 -73.82
DT-146   101.45 185.78 -84.33
DA-147    93.54 171.86 -78.32
DA-148    67.14 171.86 -104.72
DT-149    67.05 185.78 -118.73
DC-150    71.24 176.41 -105.17
DT-151    88.30 185.78 -97.48
DG-152   109.18 175.72 -66.54
DT-153   116.45 185.78 -69.33
DA-154   111.06 171.86 -60.8
DT-155   104.70 185.78 -81.08
DG-156   108.86 175.72 -66.86
DT-157   114.84 185.78 -70.94
DA-158   111.51 171.86 -60.35
DT-159    99.36 185.78 -86.42
DG-160    98.65 175.72 -77.07
DT-161   103.71 185.78 -82.07
DA-162   102.57 171.86 -69.29
DA-163   102.71 171.86 -69.15
DT-164   102.70 185.78 -83.08
DC-165   105.73 176.41 -70.68
DT-166   105.85 185.78 -79.93
DG-167   105.17 175.72 -70.55
DT-168   102.77 185.78 -83.01
DA-169   104.16 171.86 -67.7
DT-170    74.64 185.78 -111.14
DG-171    71.86 175.72 -103.86
DT-172    88.77 185.78 -97.01
DA-173   105.12 171.86 -66.74
DT-174   104.70 185.78 -81.08
DG-175   101.83 175.72 -73.89
DT-176   101.30 185.78 -84.48
DA-177   102.43 171.86 -69.43
DA-178   102.75 171.86 -69.11
DT-179    99.84 185.78 -85.94
DC-180   113.10 176.41 -63.31
