DG-1   117.84 175.72 -57.88
DA-2   105.36 171.86 -66.5
DT-3   101.34 185.78 -84.44
DT-4    90.88 185.78 -94.9
DA-5    80.40 171.86 -91.46
DC-6    83.76 176.41 -92.65
DA-7    88.88 171.86 -82.98
DT-8   100.57 185.78 -85.21
DA-9   104.47 171.86 -67.39
DC-10   105.07 176.41 -71.34
DA-11   100.89 171.86 -70.97
DT-12    76.35 185.78 -109.43
DA-13   104.28 171.86 -67.58
DC-14   107.20 176.41 -69.21
DA-15   101.46 171.86 -70.4
DG-16    95.03 175.72 -80.69
DA-17   102.90 171.86 -68.96
DT-18   103.13 185.78 -82.65
DT-19   100.74 185.78 -85.04
DA-20   103.53 171.86 -68.33
DC-21   109.51 176.41 -66.9
DA-22   110.17 171.86 -61.69
DT-23   105.25 185.78 -80.53
DA-24   102.86 171.86 -69
DC-25   109.00 176.41 -67.41
DA-26   103.53 171.86 -68.33
DT-27    96.45 185.78 -89.33
DA-28   101.86 171.86 -70
DC-29   106.47 176.41 -69.94
DA-30   108.10 171.86 -63.76
DG-31    81.95 175.72 -93.77
DA-32    59.49 171.86 -112.37
DT-33    62.44 185.78 -123.34
DT-34    62.23 185.78 -123.55
DA-35    60.14 171.86 -111.72
DC-36    90.56 176.41 -85.85
DA-37    96.28 171.86 -75.58
DT-38   108.19 185.78 -77.59
DA-39   100.90 171.86 -70.96
DC-40   103.63 176.41 -72.78
DA-41   106.27 171.86 -65.59
DT-42   104.81 185.78 -80.97
DA-43   102.18 171.86 -69.68
DC-44    94.62 176.41 -81.79
DA-45    98.38 171.86 -73.48
DG-46   103.84 175.72 -71.88
DA-47   108.02 171.86 -63.84
DT-48   104.44 185.78 -81.34
DT-49   109.68 185.78 -76.1
DA-50   108.40 171.86 -63.46
DC-51   105.74 176.41 -70.67
DA-52   108.45 171.86 -63.41
DT-53    99.59 185.78 -86.19
DA-54    97.52 171.86 -74.34
DC-55   107.77 176.41 -68.64
DA-56   109.45 171.86 -62.41
DT-57   103.71 185.78 -82.07
DA-58    98.23 171.86 -73.63
DC-59   101.47 176.41 -74.94
DA-60    97.54 171.86 -74.32
DG-61    91.07 175.72 -84.65
DA-62    99.38 171.86 -72.48
DT-63   102.47 185.78 -83.31
DT-64   102.81 185.78 -82.97
DA-65   100.15 171.86 -71.71
DC-66   100.99 176.41 -75.42
DA-67    99.83 171.86 -72.03
DT-68   100.10 185.78 -85.68
DA-69   100.02 171.86 -71.84
DC-70   103.37 176.41 -73.04
DA-71   111.88 171.86 -59.98
DT-72   101.09 185.78 -84.69
DA-73    89.45 171.86 -82.41
DC-74   102.48 176.41 -73.93
DA-75   109.31 171.86 -62.55
DG-76   101.64 175.72 -74.08
DA-77   105.51 171.86 -66.35
DT-78   105.39 185.78 -80.39
DT-79   106.73 185.78 -79.05
DA-80   105.13 171.86 -66.73
DC-81    98.11 176.41 -78.3
DA-82    78.58 171.86 -93.28
DT-83    67.58 185.78 -118.2
DA-84    64.13 171.86 -107.73
DC-85    59.94 176.41 -116.47
DA-86    69.90 171.86 -101.96
DT-87    99.63 185.78 -86.15
DA-88   101.27 171.86 -70.59
DC-89   103.23 176.41 -73.18
DA-90   118.27 171.86 -53.59
DT-91   107.47 185.78 -78.31
DG-92    97.06 175.72 -78.66
DT-93   110.83 185.78 -74.95
DA-94   104.26 171.86 -67.6
DT-95    97.72 185.78 -88.06
DG-96   100.37 175.72 -75.35
DT-97    70.55 185.78 -115.23
DA-98    59.17 171.86 -112.69
DT-99    69.73 185.78 -116.05
DG-100    79.10 175.72 -96.62
DT-101    92.51 185.78 -93.27
DA-102   106.54 171.86 -65.32
DA-103   107.74 171.86 -64.12
DT-104   102.59 185.78 -83.19
DC-105   101.09 176.41 -75.32
DT-106    95.28 185.78 -90.5
DG-107   112.74 175.72 -62.98
DT-108   121.50 185.78 -64.28
DA-109   108.70 171.86 -63.16
DT-110    94.91 185.78 -90.87
DG-111   102.03 175.72 -73.69
DT-112   109.58 185.78 -76.2
DA-113   101.97 171.86 -69.89
DT-114    81.33 185.78 -104.45
DG-115    79.26 175.72 -96.46
DT-116    84.68 185.78 -101.1
DA-117   103.39 171.86 -68.47
DA-118    97.17 171.86 -74.69
DT-119    92.23 185.78 -93.55
DC-120    99.77 176.41 -76.64
DT-121   101.45 185.78 -84.33
DG-122   102.17 175.72 -73.55
DT-123   115.28 185.78 -70.5
DA-124   111.50 171.86 -60.36
DT-125   105.61 185.78 -80.17
DG-126   110.05 175.72 -65.67
DT-127   108.78 185.78 -77
DA-128   100.33 171.86 -71.53
DT-129    92.46 185.78 -93.32
DG-130    99.66 175.72 -76.06
DT-131   104.65 185.78 -81.13
DA-132    99.22 171.86 -72.64
DA-133    95.03 171.86 -76.83
DT-134    99.27 185.78 -86.51
DC-135   104.49 176.41 -71.92
DT-136   105.78 185.78 -80
DG-137   104.94 175.72 -70.78
DT-138   104.23 185.78 -81.55
DA-139    98.81 171.86 -73.05
DT-140    87.39 185.78 -98.39
DG-141    96.69 175.72 -79.03
DT-142   111.83 185.78 -73.95
DA-143   109.77 171.86 -62.09
DT-144   100.72 185.78 -85.06
DG-145   102.07 175.72 -73.65
DT-146   101.61 185.78 -84.17
DA-147    93.87 171.86 -77.99
DA-148    67.66 171.86 -104.2
DT-149    67.17 185.78 -118.61
DC-150    70.75 176.41 -105.66
DT-151    90.18 185.78 -95.6
DG-152   107.66 175.72 -68.06
DT-153   116.48 185.78 -69.3
DA-154   111.33 171.86 -60.53
DT-155   105.68 185.78 -80.1
DG-156   105.87 175.72 -69.85
DT-157   107.94 185.78 -77.84
DA-158   101.45 171.86 -70.41
DT-159    89.49 185.78 -96.29
DG-160    97.49 175.72 -78.23
DT-161   106.03 185.78 -79.75
DA-162   115.15 171.86 -56.71
DA-163   114.48 171.86 -57.38
DT-164   106.25 185.78 -79.53
DC-165   111.96 176.41 -64.45
DT-166   108.06 185.78 -77.72
DG-167   103.99 175.72 -71.73
DT-168   101.90 185.78 -83.88
DA-169   103.96 171.86 -67.9
DT-170    74.74 185.78 -111.04
DG-171    71.94 175.72 -103.78
DT-172    89.10 185.78 -96.68
DA-173   105.29 171.86 -66.57
DT-174   104.88 185.78 -80.9
DG-175   102.48 175.72 -73.24
DT-176   102.21 185.78 -83.57
DA-177   102.54 171.86 -69.32
DA-178   102.18 171.86 -69.68
DT-179   105.59 185.78 -80.19
DC-180   119.27 176.41 -57.14
