DG-1   115.91 175.72 -59.81
DA-2   101.92 171.86 -69.94
DT-3   100.41 185.78 -85.37
DT-4    91.96 185.78 -93.82
DA-5    80.48 171.86 -91.38
DC-6    83.78 176.41 -92.63
DA-7    89.17 171.86 -82.69
DT-8   101.35 185.78 -84.43
DA-9   104.78 171.86 -67.08
DC-10   104.73 176.41 -71.68
DA-11   100.68 171.86 -71.18
DT-12    76.59 185.78 -109.19
DA-13   104.63 171.86 -67.23
DC-14   107.22 176.41 -69.19
DA-15   100.44 171.86 -71.42
DG-16   102.73 175.72 -72.99
DA-17   108.44 171.86 -63.42
DT-18   102.23 185.78 -83.55
DT-19   109.44 185.78 -76.34
DA-20   106.31 171.86 -65.55
DC-21   106.64 176.41 -69.77
DA-22   115.66 171.86 -56.2
DT-23   105.55 185.78 -80.23
DA-24    96.88 171.86 -74.98
DC-25   104.97 176.41 -71.44
DA-26   110.85 171.86 -61.01
DT-27   106.80 185.78 -78.98
DA-28   101.08 171.86 -70.78
DC-29   101.56 176.41 -74.85
DA-30   104.00 171.86 -67.86
DG-31    81.46 175.72 -94.26
DA-32    60.28 171.86 -111.58
DT-33    62.59 185.78 -123.19
DT-34    62.54 185.78 -123.24
DA-35    59.31 171.86 -112.55
DC-36    90.56 176.41 -85.85
DA-37    94.88 171.86 -76.98
DT-38   104.91 185.78 -80.87
DA-39    98.02 171.86 -73.84
DC-40    97.59 176.41 -78.82
DA-41   105.87 171.86 -65.99
DT-42   107.61 185.78 -78.17
DA-43   102.08 171.86 -69.78
DC-44   101.51 176.41 -74.9
DA-45   100.34 171.86 -71.52
DG-46    96.75 175.72 -78.97
DA-47   104.51 171.86 -67.35
DT-48   105.99 185.78 -79.79
DT-49   109.27 185.78 -76.51
DA-50   102.27 171.86 -69.59
DC-51   102.20 176.41 -74.21
DA-52   107.39 171.86 -64.47
DT-53    98.61 185.78 -87.17
DA-54    93.84 171.86 -78.02
DC-55   103.00 176.41 -73.41
DA-56   108.98 171.86 -62.88
DT-57    99.51 185.78 -86.27
DA-58    97.79 171.86 -74.07
DC-59   103.19 176.41 -73.22
DA-60    95.59 171.86 -76.27
DG-61    91.32 175.72 -84.4
DA-62    99.86 171.86 -72
DT-63   102.15 185.78 -83.63
DT-64   102.60 185.78 -83.18
DA-65   100.03 171.86 -71.83
DC-66   100.17 176.41 -76.24
DA-67    98.79 171.86 -73.07
DT-68    96.54 185.78 -89.24
DA-69    99.25 171.86 -72.61
DC-70   110.22 176.41 -66.19
DA-71   109.65 171.86 -62.21
DT-72   108.31 185.78 -77.47
DA-73   106.30 171.86 -65.56
DC-74    91.36 176.41 -85.05
DA-75    89.37 171.86 -82.49
DG-76   103.50 175.72 -72.22
DA-77   113.85 171.86 -58.01
DT-78   106.78 185.78 -79
DT-79   112.32 185.78 -73.46
DA-80   110.13 171.86 -61.73
DC-81    98.60 176.41 -77.81
DA-82    78.37 171.86 -93.49
DT-83    67.39 185.78 -118.39
DA-84    64.42 171.86 -107.44
DC-85    60.61 176.41 -115.8
DA-86    70.20 171.86 -101.66
DT-87   102.48 185.78 -83.3
DA-88    98.75 171.86 -73.11
DC-89    97.96 176.41 -78.45
DA-90   118.54 171.86 -53.32
DT-91   113.18 185.78 -72.6
DG-92   105.31 175.72 -70.41
DT-93   115.76 185.78 -70.02
DA-94   106.69 171.86 -65.17
DT-95    97.37 185.78 -88.41
DG-96    99.26 175.72 -76.46
DT-97    70.05 185.78 -115.73
DA-98    58.96 171.86 -112.9
DT-99    70.46 185.78 -115.32
DG-100    78.72 175.72 -97
DT-101    90.43 185.78 -95.35
DA-102    99.49 171.86 -72.37
DA-103   100.46 171.86 -71.4
DT-104    97.32 185.78 -88.46
DC-105    99.16 176.41 -77.25
DT-106    99.17 185.78 -86.61
DG-107    97.55 175.72 -78.17
DT-108   107.10 185.78 -78.68
DA-109   114.44 171.86 -57.42
DT-110   102.36 185.78 -83.42
DG-111   103.24 175.72 -72.48
DT-112   105.09 185.78 -80.69
DA-113   101.38 171.86 -70.48
DT-114    82.81 185.78 -102.97
DG-115    78.55 175.72 -97.17
DT-116    85.78 185.78 -100
DA-117   103.02 171.86 -68.84
DA-118    96.41 171.86 -75.45
DT-119    91.99 185.78 -93.79
DC-120    99.49 176.41 -76.92
DT-121   100.90 185.78 -84.88
DG-122    96.92 175.72 -78.8
DT-123    99.84 185.78 -85.94
DA-124    96.48 171.86 -75.38
DT-125    99.55 185.78 -86.23
DG-126   110.11 175.72 -65.61
DT-127   107.00 185.78 -78.78
DA-128   101.65 171.86 -70.21
DT-129   107.80 185.78 -77.98
DG-130   101.57 175.72 -74.15
DT-131    93.48 185.78 -92.3
DA-132   104.58 171.86 -67.28
DA-133   103.81 171.86 -68.05
DT-134   100.03 185.78 -85.75
DC-135   105.66 176.41 -70.75
DT-136   109.72 185.78 -76.06
DG-137   108.72 175.72 -67
DT-138   105.16 185.78 -80.62
DA-139   108.03 171.86 -63.83
DT-140   115.32 185.78 -70.46
DG-141   110.29 175.72 -65.43
DT-142   114.87 185.78 -70.91
DA-143   116.76 171.86 -55.1
DT-144    99.41 185.78 -86.37
DG-145   101.78 175.72 -73.94
DT-146   101.74 185.78 -84.04
DA-147    93.99 171.86 -77.87
DA-148    67.42 171.86 -104.44
DT-149    67.31 185.78 -118.47
DC-150    71.86 176.41 -104.55
DT-151    81.66 185.78 -104.12
DG-152    85.02 175.72 -90.7
DT-153   113.24 185.78 -72.54
DA-154   113.24 171.86 -58.62
DT-155    99.68 185.78 -86.1
DG-156    99.44 175.72 -76.28
DT-157   112.57 185.78 -73.21
DA-158   109.10 171.86 -62.76
DT-159    94.99 185.78 -90.79
DG-160    98.26 175.72 -77.46
DT-161   100.05 185.78 -85.73
DA-162   102.26 171.86 -69.6
DA-163   107.64 171.86 -64.22
DT-164   106.23 185.78 -79.55
DC-165   100.97 176.41 -75.44
DT-166   100.23 185.78 -85.55
DG-167   104.61 175.72 -71.11
DT-168   101.83 185.78 -83.95
DA-169   104.48 171.86 -67.38
DT-170    76.33 185.78 -109.45
DG-171    72.08 175.72 -103.64
DT-172    89.15 185.78 -96.63
DA-173   105.14 171.86 -66.72
DT-174   104.29 185.78 -81.49
DG-175   102.00 175.72 -73.72
DT-176   101.63 185.78 -84.15
DA-177   102.53 171.86 -69.33
DA-178   104.52 171.86 -67.34
DT-179   103.00 185.78 -82.78
DC-180   114.48 176.41 -61.93
