DG-1   115.44 175.72 -60.28
DA-2   104.64 171.86 -67.22
DT-3   102.87 185.78 -82.91
DT-4    91.00 185.78 -94.78
DA-5    80.19 171.86 -91.67
DC-6    83.89 176.41 -92.52
DA-7    88.95 171.86 -82.91
DT-8   100.64 185.78 -85.14
DA-9   104.21 171.86 -67.65
DC-10   104.54 176.41 -71.87
DA-11   100.88 171.86 -70.98
DT-12    77.53 185.78 -108.25
DA-13   104.64 171.86 -67.22
DC-14   107.18 176.41 -69.23
DA-15   106.98 171.86 -64.88
DG-16   101.97 175.72 -73.75
DA-17   102.39 171.86 -69.47
DT-18   102.37 185.78 -83.41
DT-19   105.67 185.78 -80.11
DA-20   102.35 171.86 -69.51
DC-21   102.93 176.41 -73.48
DA-22   107.09 171.86 -64.77
DT-23   108.38 185.78 -77.4
DA-24   109.91 171.86 -61.95
DC-25   107.74 176.41 -68.67
DA-26   108.21 171.86 -63.65
DT-27   107.21 185.78 -78.57
DA-28   103.29 171.86 -68.57
DC-29   107.97 176.41 -68.44
DA-30   110.30 171.86 -61.56
DG-31    81.17 175.72 -94.55
DA-32    59.84 171.86 -112.02
DT-33    62.42 185.78 -123.36
DT-34    62.49 185.78 -123.29
DA-35    60.37 171.86 -111.49
DC-36    90.63 176.41 -85.78
DA-37    93.17 171.86 -78.69
DT-38   100.37 185.78 -85.41
DA-39   100.00 171.86 -71.86
DC-40   108.96 176.41 -67.45
DA-41   109.95 171.86 -61.91
DT-42   108.92 185.78 -76.86
DA-43    95.66 171.86 -76.2
DC-44    93.78 176.41 -82.63
DA-45   109.65 171.86 -62.21
DG-46   110.04 175.72 -65.68
DA-47   109.26 171.86 -62.6
DT-48   101.62 185.78 -84.16
DT-49   111.14 185.78 -74.64
DA-50   115.93 171.86 -55.93
DC-51   109.18 176.41 -67.23
DA-52   107.43 171.86 -64.43
DT-53   103.63 185.78 -82.15
DA-54   101.47 171.86 -70.39
DC-55   105.88 176.41 -70.53
DA-56   105.79 171.86 -66.07
DT-57   103.73 185.78 -82.05
DA-58   104.87 171.86 -66.99
DC-59   106.84 176.41 -69.57
DA-60    97.65 171.86 -74.21
DG-61    90.69 175.72 -85.03
DA-62    99.24 171.86 -72.62
DT-63   102.78 185.78 -83
DT-64   102.55 185.78 -83.23
DA-65    99.63 171.86 -72.23
DC-66    99.98 176.41 -76.43
DA-67    98.80 171.86 -73.06
DT-68    99.65 185.78 -86.13
DA-69   107.57 171.86 -64.29
DC-70   108.66 176.41 -67.75
DA-71   101.83 171.86 -70.03
DT-72    98.32 185.78 -87.46
DA-73   104.13 171.86 -67.73
DC-74    99.10 176.41 -77.31
DA-75    96.97 171.86 -74.89
DG-76   103.26 175.72 -72.46
DA-77    99.69 171.86 -72.17
DT-78    99.96 185.78 -85.82
DT-79   105.17 185.78 -80.61
DA-80   102.41 171.86 -69.45
DC-81    98.15 176.41 -78.26
DA-82    78.56 171.86 -93.3
DT-83    67.87 185.78 -117.91
DA-84    64.16 171.86 -107.7
DC-85    60.67 176.41 -115.74
DA-86    70.12 171.86 -101.74
DT-87   112.02 185.78 -73.76
DA-88   107.99 171.86 -63.87
DC-89    94.44 176.41 -81.97
DA-90   115.12 171.86 -56.74
DT-91   111.56 185.78 -74.22
DG-92   100.82 175.72 -74.9
DT-93   107.11 185.78 -78.67
DA-94   100.16 171.86 -71.7
DT-95    96.96 185.78 -88.82
DG-96   100.00 175.72 -75.72
DT-97    70.20 185.78 -115.58
DA-98    59.40 171.86 -112.46
DT-99    70.20 185.78 -115.58
DG-100    79.02 175.72 -96.7
DT-101    92.36 185.78 -93.42
DA-102   100.53 171.86 -71.33
DA-103   107.67 171.86 -64.19
DT-104   103.89 185.78 -81.89
DC-105   104.85 176.41 -71.56
DT-106   102.20 185.78 -83.58
DG-107   103.39 175.72 -72.33
DT-108   120.60 185.78 -65.18
DA-109   119.63 171.86 -52.23
DT-110   106.18 185.78 -79.6
DG-111   111.81 175.72 -63.91
DT-112   118.20 185.78 -67.58
DA-113   108.04 171.86 -63.82
DT-114    82.30 185.78 -103.48
DG-115    79.07 175.72 -96.65
DT-116    84.91 185.78 -100.87
DA-117   102.82 171.86 -69.04
DA-118    96.65 171.86 -75.21
DT-119    91.67 185.78 -94.11
DC-120    99.16 176.41 -77.25
DT-121   108.46 185.78 -77.32
DG-122   105.22 175.72 -70.5
DT-123   102.26 185.78 -83.52
DA-124    99.85 171.86 -72.01
DT-125    89.86 185.78 -95.92
DG-126    93.28 175.72 -82.44
DT-127   105.22 185.78 -80.56
DA-128   107.04 171.86 -64.82
DT-129   104.04 185.78 -81.74
DG-130   106.01 175.72 -69.71
DT-131   107.73 185.78 -78.05
DA-132   108.19 171.86 -63.67
DA-133   106.54 171.86 -65.32
DT-134   106.16 185.78 -79.62
DC-135   109.29 176.41 -67.12
DT-136    96.51 185.78 -89.27
DG-137   102.15 175.72 -73.57
DT-138   113.14 185.78 -72.64
DA-139    99.17 171.86 -72.69
DT-140    95.70 185.78 -90.08
DG-141   103.70 175.72 -72.02
DT-142   112.07 185.78 -73.71
DA-143   107.63 171.86 -64.23
DT-144    96.85 185.78 -88.93
DG-145   101.41 175.72 -74.31
DT-146   101.37 185.78 -84.41
DA-147    94.03 171.86 -77.83
DA-148    67.28 171.86 -104.58
DT-149    66.28 185.78 -119.5
DC-150    70.77 176.41 -105.64
DT-151    89.70 185.78 -96.08
DG-152   101.70 175.72 -74.02
DT-153   112.07 185.78 -73.71
DA-154   111.93 171.86 -59.93
DT-155    99.90 185.78 -85.88
DG-156    98.92 175.72 -76.8
DT-157   108.36 185.78 -77.42
DA-158   109.36 171.86 -62.5
DT-159   103.02 185.78 -82.76
DG-160   101.62 175.72 -74.1
DT-161    97.92 185.78 -87.86
DA-162   105.60 171.86 -66.26
DA-163   111.45 171.86 -60.41
DT-164   108.31 185.78 -77.47
DC-165   109.72 176.41 -66.69
DT-166   106.17 185.78 -79.61
DG-167   104.62 175.72 -71.1
DT-168   102.42 185.78 -83.36
DA-169   104.16 171.86 -67.7
DT-170    74.43 185.78 -111.35
DG-171    72.28 175.72 -103.44
DT-172    89.35 185.78 -96.43
DA-173   105.47 171.86 -66.39
DT-174   105.13 185.78 -80.65
DG-175   102.59 175.72 -73.13
DT-176   101.66 185.78 -84.12
DA-177   102.09 171.86 -69.77
DA-178    97.10 171.86 -74.76
DT-179    99.29 185.78 -86.49
DC-180   117.89 176.41 -58.52
