1	58.29
2	60.06
3	53.90
4	56.02
5	71.33
6	53.45
7	64.80
8	63.47
9	48.69
10	55.01
11	55.89
12	58.86
13	74.49
14	69.84
15	60.20
16	55.23
17	49.96
18	57.94
19	51.97
20	58.09
21	63.87
22	57.26
23	75.29
24	64.92
25	68.57
26	72.72
27	57.18
28	62.64
29	55.91
30	53.35
31	57.40
32	65.72
33	81.32
34	50.01
35	56.82
36	58.21
37	39.41
38	54.95
39	71.37
40	52.36
41	57.31
42	56.54
43	55.01
44	68.12
45	59.69
46	61.73
47	51.43
48	62.02
49	57.05
50	49.97
51	54.55
52	57.36
53	75.43
54	92.09
55	83.90
56	56.91
57	50.09
58	53.93
59	57.62
60	56.13
61	75.92
62	66.15
63	81.64
64	51.13
65	64.39
66	68.78
67	50.50
68	65.38
69	66.29
70	58.12
71	57.46
72	51.21
73	61.14
74	60.26
75	59.99
76	50.61
77	58.85
78	67.72
79	62.41
80	86.70
81	49.39
82	58.74
83	74.13
84	58.52
85	50.99
86	74.09
87	59.87
88	56.62
89	67.28
90	56.07
91	55.81
92	65.16
93	53.92
94	63.98
95	61.75
96	51.59
97	61.49
98	59.62
99	61.36
100	65.12
101	63.22
