1	1.00
2	17.18
3	26.11
4	7.18
5	37.61
6	5.76
7	0.50
8	41.23
9	20.66
10	18.96
11	3.00
12	5.18
13	-2.06
14	11.93
15	-2.09
16	12.67
17	3.23
18	23.37
19	13.60
20	-1.00
21	-0.36
22	5.20
23	19.12
24	8.97
25	25.51
26	8.11
27	4.76
28	12.07
29	-2.99
30	10.40
31	7.64
32	-7.61
33	21.42
34	2.04
35	1.25
36	14.15
37	5.73
38	-0.54
39	1.97
40	9.54
41	-1.78
42	17.94
43	11.79
44	-3.85
45	8.03
46	15.10
47	3.05
48	8.58
49	9.40
50	14.83
51	14.32
52	16.83
53	22.19
54	-4.79
55	-0.61
56	10.87
57	13.41
58	2.63
59	-7.73
60	5.91
61	22.16
62	-4.09
63	-7.12
64	-1.14
65	0.36
66	3.79
67	4.62
68	11.52
69	11.96
70	-5.66
71	15.52
72	3.89
73	-22.08
74	11.56
75	25.96
76	3.11
77	4.50
78	20.41
79	-6.48
80	14.98
81	47.01
82	14.25
83	8.23
84	5.57
85	7.81
86	22.01
87	0.50
88	19.29
89	9.31
90	-12.68
91	9.66
92	7.13
93	29.95
94	14.29
95	30.55
96	6.76
97	26.11
98	10.86
99	18.63
100	6.18
101	13.55
