1	112.02
2	114.05
3	117.20
4	112.73
5	114.51
6	115.17
7	110.84
8	116.04
9	108.84
10	108.51
11	112.53
12	109.28
13	115.45
14	115.20
15	110.99
16	112.48
17	111.64
18	113.74
19	115.37
20	113.20
21	113.82
22	107.00
23	110.68
24	106.80
25	110.24
26	112.43
27	108.80
28	114.12
29	113.24
30	104.22
31	112.83
32	115.69
33	110.56
34	111.62
35	111.88
36	116.15
37	112.40
38	109.38
39	110.60
40	108.78
41	115.48
42	113.78
43	111.96
44	108.62
45	113.80
46	115.83
47	113.68
48	115.36
49	114.30
50	115.17
51	113.95
