1	156.28
2	154.97
3	144.89
4	133.22
5	150.18
6	147.41
7	132.10
8	143.09
9	135.58
10	146.51
11	155.80
12	138.54
13	150.16
14	143.94
15	139.65
16	142.34
17	145.72
18	151.75
19	149.96
20	163.37
21	152.29
22	142.25
23	166.06
24	149.02
25	145.45
26	141.34
27	145.13
28	158.51
29	154.96
30	150.96
31	157.15
32	138.45
33	172.14
34	143.19
35	129.66
36	144.57
37	147.21
38	139.84
39	158.51
40	150.68
41	139.15
42	136.68
43	138.27
44	138.52
45	136.63
46	138.68
47	143.39
48	147.99
49	141.06
50	136.32
51	161.28
