1 3.17
2 3.17
3 3.59
4 3.59
5 3.02
6 3.02
7 2.84
8 2.84
9 3.31
10 3.31
11 4.25
12 4.25
13 3.69
14 3.69
15 3.34
16 3.34
17 3.30
18 3.30
19 3.96
20 3.96
21 2.68
22 2.68
23 2.62
24 2.62
25 2.68
26 2.68
27 3.85
28 3.85
29 3.85
30 3.85
31 3.60
32 3.60
33 3.41
34 3.41
35 3.18
36 3.18
37 3.33
38 3.33
39 3.87
40 3.87
41 3.79
42 3.79
43 4.15
44 4.15
45 3.42
46 3.42
47 3.91
48 3.91
49 4.06
50 4.06
51 4.38
52 4.38
53 2.86
54 2.86
55 3.75
56 3.75
57 3.25
58 3.25
59 4.27
60 4.27
61 4.23
62 4.23
63 3.69
64 3.69
65 3.43
66 3.43
67 3.51
68 3.51
69 4.18
70 4.18
71 2.34
72 2.34
73 3.63
74 3.63
75 2.69
76 2.69
77 2.83
78 2.83
79 3.06
80 3.06
81 4.20
82 4.20
83 2.92
84 2.92
85 2.74
86 2.74
87 3.49
88 3.49
89 3.74
90 3.74
91 3.05
92 3.05
93 3.99
94 3.99
95 3.94
96 3.94
97 4.33
98 4.33
99 3.42
100 3.42
101 2.63
102 2.63
