1	198.73
2	188.75
3	197.88
4	197.36
5	195.03
6	203.84
7	193.68
8	180.99
9	192.57
10	190.08
11	190.38
12	196.13
13	209.56
14	207.4
15	191.66
16	205.86
17	194.09
18	203.78
19	195.27
20	189.21
21	198.76
22	193.1
23	188.31
24	189.98
25	193.12
26	192.4
27	200.96
28	201.8
29	203.25
30	191.32
31	205.79
32	198.58
33	193.42
34	186.88
35	207.03
36	204.61
37	189.18
38	204.42
39	190.92
40	192.31
41	192.15
42	188.08
43	191.68
44	189
45	199
46	209.7
47	192.76
48	199.63
49	197.17
50	190.27
51	199.47
52	189.13
53	189.57
54	186.19
55	198.49
56	206.3
57	188.6
58	188.02
59	190.28
60	193.12
61	186.19
62	194.88
63	195.6
64	199.49
65	190.86
66	203.45
67	193.58
68	188.54
69	200.51
70	197.65
71	194.62
72	192.57
73	189.26
74	199.87
75	191.26
76	194.09
77	204.41
78	197.33
79	194.14
80	189.44
81	201.04
82	193.23
83	189.2
84	193.93
85	191.42
86	185.99
87	196.49
88	199.4
89	193.58
90	202.47
91	185.67
92	195.16
93	198.98
94	190.43
95	197.92
96	189.64
97	193.28
98	192.2
99	196.01
100	193.01
101	192.49
