1	59.07
2	59.75
3	60.62
4	71.42
5	76.24
6	62.02
7	56.27
8	57.16
9	55.27
10	58.37
11	57.54
12	48.60
13	58.02
14	58.98
15	41.48
16	51.97
17	63.02
18	43.83
19	57.72
20	69.58
21	56.26
22	62.06
23	50.65
24	52.11
25	53.51
26	56.03
27	56.87
28	45.92
29	63.02
30	57.19
31	56.20
32	60.64
33	49.18
34	55.23
35	66.69
36	67.15
37	46.33
38	49.26
39	53.99
40	53.72
41	47.33
42	48.11
43	68.82
44	49.89
45	60.48
46	65.63
47	46.90
48	61.86
49	46.55
50	54.59
51	56.79
52	41.32
53	52.98
54	50.47
55	58.36
56	62.53
57	52.70
58	56.77
59	59.05
60	52.48
61	55.35
62	50.22
63	59.52
64	62.59
65	51.11
66	83.62
67	55.25
68	54.34
69	57.04
70	48.41
71	49.01
72	52.36
73	55.02
74	46.97
75	55.75
76	59.68
77	44.68
78	48.42
79	59.96
80	47.23
81	55.83
82	53.96
83	55.37
84	51.07
85	54.25
86	47.76
87	61.25
88	66.32
89	54.86
90	46.50
91	54.61
92	57.12
93	45.44
94	59.45
95	70.97
96	58.90
97	55.43
98	55.56
99	67.12
100	55.41
101	42.43
