1	241.76
2	241.16
3	261.37
4	211.8
5	234.08
6	268
7	266.73
8	234.57
9	276.59
10	260.84
11	246.68
12	268.33
13	249.29
14	194.48
15	255.97
16	256.54
17	270.97
18	183.64
19	242.13
20	239.81
21	221.57
22	242.69
23	217.37
24	267.36
25	215.84
26	277.97
27	232.06
28	250.45
29	262.09
30	254.89
31	232.83
32	262.09
33	272.22
34	278.98
35	283.01
36	262.64
37	226.8
38	280.88
39	215.48
40	231.37
41	245.79
42	298.99
43	267.26
44	260.53
45	224.23
46	277.36
47	266.75
48	234.31
49	246.34
50	252.04
51	287.64
52	266.46
53	259.79
54	260.01
55	238.75
56	246.31
57	278.27
58	284.75
59	271.73
60	275.34
61	228.37
62	262.06
63	271.46
64	275.71
65	249.86
66	274.04
67	271.81
68	249.28
69	228.31
70	268.31
71	214.21
72	245.02
73	243.13
74	222.51
75	267.05
76	241.45
77	251.48
78	265.18
79	237.52
80	265.82
81	243.22
82	236.89
83	224.23
84	226.85
85	262.6
86	241.94
87	254.85
88	213.01
89	278.99
90	221.57
91	253.71
92	217.92
93	238.12
94	278.66
95	239.95
96	239.79
97	230.65
98	222.49
99	238.89
100	284.05
101	252.39
