2	ATAT   3.70   0.50
3	TTAA   3.28   0.20
4	TATA   3.01   0.10
5	ACGT   3.02   0.10
6	CATG   3.65   0.10
7	ATAT   3.87   0.10
8	TATA   3.32   0.10
9	ACGT   3.18   0.10
10	CATG   4.28   0.10
11	ATAT   3.39   0.10
12	TATA   3.27   0.10
13	ACGT   3.53   0.10
14	CATG   3.79   0.20
15	AGCT   3.69   0.40
16	GATC   3.21   0.50
17	ATAT   3.33   0.40
18	TTAA   3.67   0.40
19	TATA   2.99   0.30
20	ACGT   3.57   0.40
21	CATG   3.50   0.40
22	ATAT   3.55   0.50
23	TATA   3.21   0.50
24	ACGT   3.33   0.50
25	CATG   3.83   0.50
26	ATAT   3.73   0.60
27	TATA   3.07   0.60
28	ACGT   2.95   0.50
29	CATG   3.60   0.40
30	AGCT   4.08   0.50
31	GATC   3.13   0.10
32	ATAT   4.28   0.10
33	TTAA   3.12   0.10
34	TATA   2.88   0.10
35	ACGT   3.19   0.10
36	CATG   3.02   0.30
37	ATAT   3.92   0.60
38	TATA   3.40   0.50
39	ACGT   2.80   0.40
40	CATG   4.12   0.50
41	ATAT   3.59   0.40
42	TATA   3.16   0.60
43	ACGT   3.21   0.60
44	CATG   3.64   0.50
45	AGCT   3.59   0.50
46	GATC   3.10   0.40
47	ATAT   3.38   0.40
48	TTAA   3.60   0.30
49	TATA   3.17   0.20
50	ACGT   3.64   0.50
51	CATG   3.53   0.40
52	ATAT   3.68   0.50
53	TATA   3.21   0.40
54	ACGT   3.29   0.60
55	CATG   3.76   0.50
56	ATAT   3.70   0.60
57	TATA   2.92   0.60
58	ACGT   3.50   0.60
59	CATG   3.33   0.40
60	AGCT   4.28   0.40
61	GATC   2.63   0.10
62	ATAT   3.16   0.10
63	TTAA   3.75   0.00
64	TATA   2.72   0.00
65	ACGT   3.57   0.10
66	CATG   3.49   0.10
67	ATAT   4.35   0.40
68	TATA   2.42   0.40
69	ACGT   3.50   0.30
70	CATG   4.07   0.50
71	ATAT   3.63   0.30
72	TATA   3.11   0.40
73	ACGT   3.48   0.50
74	CATG   3.66   0.50
75	AGCT   3.60   0.50
76	GATC   3.28   0.40
77	ATAT   3.29   0.50
78	TTAA   3.58   0.30
79	TATA   3.05   0.30
80	ACGT   3.23   0.30
81	CATG   3.35   0.10
82	ATAT   4.74   0.10
83	TATA   3.23   0.10
84	ACGT   3.78   0.10
85	CATG   3.25   0.10
86	ATAT   3.74   0.40
87	TATA   3.56   0.40
88	ACGT   2.84   0.60
