2	ATAT  32.17   3.80
3	TTAA  38.29   0.50
4	TATA  41.17   0.30
5	ACGT  34.06   0.30
6	CATG  34.50   0.30
7	ATAT  30.23   0.20
8	TATA  36.83   0.20
9	ACGT  31.86   0.30
10	CATG  36.04   0.50
11	ATAT  31.01   0.30
12	TATA  38.73   0.30
13	ACGT  33.57   0.40
14	CATG  38.74   0.50
15	AGCT  31.05   4.50
16	GATC  39.77   4.30
17	ATAT  32.31   3.40
18	TTAA  37.75   3.80
19	TATA  36.22   3.90
20	ACGT  28.90   5.40
21	CATG  39.14   4.10
22	ATAT  27.67   4.70
23	TATA  38.19   5.70
24	ACGT  29.76   4.40
25	CATG  38.63   4.00
26	ATAT  29.61   6.00
27	TATA  38.66   5.50
28	ACGT  27.72   5.10
29	CATG  38.39   4.90
30	AGCT  22.01   0.80
31	GATC  24.22   0.40
32	ATAT  23.24   0.20
33	TTAA  26.80   0.30
34	TATA  39.13   0.30
35	ACGT  35.05   0.30
36	CATG  30.95   0.70
37	ATAT  31.49   5.70
38	TATA  37.03   5.80
39	ACGT  29.36   5.00
40	CATG  39.87   5.60
41	ATAT  30.03   4.90
42	TATA  37.45   6.60
43	ACGT  30.17   5.00
44	CATG  35.20   4.40
45	AGCT  31.05   4.70
46	GATC  39.87   3.90
47	ATAT  32.84   3.70
48	TTAA  37.93   3.70
49	TATA  37.57   3.60
50	ACGT  29.96   4.30
51	CATG  38.75   4.00
52	ATAT  30.64   4.50
53	TATA  39.13   5.60
54	ACGT  29.53   4.40
55	CATG  38.72   4.30
56	ATAT  29.28   5.20
57	TATA  36.41   6.30
58	ACGT  31.55   4.90
59	CATG  33.44   4.40
60	AGCT  31.10   0.70
61	GATC  33.84   0.30
62	ATAT  29.58   0.20
63	TTAA  38.30   0.20
64	TATA  39.27   0.20
65	ACGT  28.25   0.30
66	CATG  38.36   0.40
67	ATAT  35.49   0.40
68	TATA  31.91   5.70
69	ACGT  30.78   3.50
70	CATG  39.00   4.20
71	ATAT  30.73   3.90
72	TATA  36.68   6.20
73	ACGT  31.13   5.00
74	CATG  33.91   4.60
75	AGCT  29.74   4.50
76	GATC  40.03   3.90
77	ATAT  31.75   4.30
78	TTAA  38.20   3.60
79	TATA  36.53   4.10
80	ACGT  34.59   1.30
81	CATG  18.16   1.40
82	ATAT  21.42   0.60
83	TATA  24.53   0.30
84	ACGT  30.14   0.40
85	CATG  38.76   0.40
86	ATAT  26.80   0.80
87	TATA  39.61   4.70
88	ACGT  26.57   4.30
