1	3.58
2	3.27
3	4.30
4	3.99
5	4.11
6	3.47
7	4.51
8	4.82
9	4.08
10	4.19
11	3.81
12	3.42
13	3.74
14	3.26
15	3.50
16	3.65
17	3.73
18	4.21
19	3.34
20	3.33
21	3.84
22	3.62
23	3.97
24	3.45
25	3.54
26	2.97
27	3.99
28	3.32
29	4.58
30	3.24
31	4.26
32	3.68
33	3.01
34	3.35
35	4.11
36	4.23
37	4.30
38	4.40
39	3.64
40	3.44
41	4.19
42	3.24
43	2.71
44	4.11
45	3.49
46	4.09
47	3.18
48	2.75
49	3.62
50	2.46
51	4.97
52	4.75
53	3.55
54	3.12
55	3.61
56	3.27
57	3.92
58	4.57
59	3.47
60	2.79
61	3.90
62	3.70
63	4.19
64	4.14
65	4.24
66	3.48
67	3.91
68	4.44
69	3.55
70	3.90
71	2.68
72	3.94
73	3.18
74	3.95
75	3.25
76	3.89
77	3.64
78	3.50
79	4.41
80	3.55
81	2.92
82	4.00
83	3.89
84	3.42
85	3.33
86	4.12
87	3.99
88	3.96
89	3.67
90	3.44
91	4.20
92	3.51
93	4.92
94	3.12
95	4.05
96	2.49
97	4.59
98	3.46
99	4.06
100	3.93
101	3.28
