1	146.09
2	163.85
3	146.75
4	153.09
5	132.58
6	156.96
7	153.33
8	143.60
9	148.22
10	143.89
11	147.65
12	138.18
13	155.25
14	146.37
15	158.16
16	140.70
17	165.28
18	141.48
19	129.05
20	138.42
21	129.43
22	144.19
23	145.72
24	148.78
25	151.39
26	144.79
27	154.81
28	142.23
29	160.42
30	138.54
31	153.10
32	143.03
33	148.10
34	156.35
35	170.92
36	147.68
37	169.38
38	149.72
39	146.89
40	146.12
41	155.63
42	144.01
43	125.63
44	163.76
45	157.87
46	156.82
47	162.37
48	175.57
49	147.63
50	138.43
51	149.51
