2	AT  -8.98   5.70
3	TA  -8.82   3.40
4	TA  -9.74   0.90
5	AT -11.48   0.80
6	CG  -8.35   0.40
7	AT  -6.13   0.60
8	TA  -5.87   0.50
9	AT  -6.06   0.50
10	CG  -8.39   0.80
11	AT  -9.00   0.70
12	TA  -9.36   0.80
13	AT  -5.72   0.90
14	CG  -5.10   0.90
15	AT  -4.33   3.00
16	GC  -6.05   4.10
17	AT -11.68   4.60
18	TA -12.45   4.20
19	TA  -5.79   4.90
20	AT  -9.41   5.20
21	CG  -7.32   3.80
22	AT -11.66   4.50
23	TA  -4.98   5.80
24	AT  -9.34   5.00
25	CG  -4.85   5.30
26	AT  -8.65   5.10
27	TA  -6.01   5.60
28	AT  -9.43   5.50
29	CG  -8.81   4.50
30	AT  -9.73   3.40
31	GC  -2.32   0.90
32	AT   7.73   1.00
33	TA  -3.46   0.70
34	TA -12.10   0.80
35	AT -12.87   0.60
36	CG  -5.63   1.00
37	AT -16.13   3.10
38	TA  -6.92   5.40
39	AT  -7.72   5.80
40	CG  -8.37   3.80
41	AT -13.78   4.00
42	TA  -4.73   5.10
43	AT  -7.28   4.10
44	CG  -7.98   4.50
45	AT  -7.27   4.40
46	GC  -7.80   4.40
47	AT -11.92   4.90
48	TA -12.78   4.20
49	TA  -4.23   3.40
50	AT -10.75   4.80
51	CG  -6.70   3.60
52	AT -10.33   5.10
53	TA  -5.98   5.40
54	AT  -8.54   4.50
55	CG  -4.39   5.10
56	AT -11.74   5.20
57	TA  -6.27   5.20
58	AT  -8.04   4.50
59	CG  -8.23   4.60
60	AT  -9.96   3.20
61	GC -15.08   0.50
62	AT  -9.91   0.40
63	TA -11.83   0.60
64	TA   0.21   0.60
65	AT  -7.76   0.50
66	CG  -2.92   1.10
67	AT -10.26   1.00
68	TA  -6.14   2.60
69	AT  -9.23   3.60
70	CG  -7.93   4.20
71	AT -14.44   4.10
72	TA  -5.65   5.60
73	AT  -8.25   5.20
74	CG  -6.24   5.30
75	AT  -7.90   5.10
76	GC  -6.63   4.30
77	AT -11.81   5.80
78	TA -14.61   5.00
79	TA  -5.66   4.70
80	AT -10.65   4.10
81	CG  -8.13   1.20
82	AT  -5.64   1.00
83	TA   8.16   1.00
84	AT  -5.93   0.50
85	CG -10.06   1.20
86	AT  -8.88   0.90
87	TA  -6.84   3.90
88	AT -10.76   5.10
89	CG  -4.21   6.60
