1	164.75
2	172.32
3	152.73
4	166.75
5	153.60
6	175.75
7	161.72
8	163.72
9	161.27
10	153.42
11	160.14
12	166.85
13	188.99
14	171.64
15	155.35
16	189.36
17	170.62
18	180.49
19	171.96
20	150.39
21	157.23
22	168.75
23	171.12
24	179.39
25	159.08
26	159.97
27	155.80
28	170.89
29	171.12
30	167.45
31	176.15
32	149.54
33	173.71
34	179.10
35	135.75
36	147.60
37	152.34
38	146.49
39	162.85
40	174.63
41	155.02
42	167.68
43	153.94
44	166.13
45	147.19
46	148.18
47	131.83
48	149.32
49	163.80
50	163.87
51	159.71
