1	281.35
2	285.44
3	308.93
4	NaN
5	NaN
6	308.6
7	330.7
8	265.06
9	302.56
10	NaN
11	NaN
12	NaN
13	NaN
14	NaN
15	NaN
16	NaN
17	269.93
18	323.34
19	NaN
20	341.13
21	333.06
22	300.31
23	268.87
24	NaN
25	NaN
26	NaN
27	NaN
28	327.67
29	NaN
30	NaN
31	310.78
32	229.52
33	NaN
34	NaN
35	348.71
36	NaN
37	299.93
38	346.17
39	NaN
40	NaN
41	25.91
42	333.81
43	NaN
44	349.45
45	313.02
46	NaN
47	331.06
48	288.94
49	302.37
50	320.31
51	275.71
52	NaN
53	NaN
54	335.13
55	NaN
56	NaN
57	325.95
58	317.38
59	NaN
60	NaN
61	NaN
62	332.16
63	NaN
64	NaN
65	338.04
66	27.36
67	349.21
68	270.63
69	344.79
70	315.52
71	334
72	343.79
73	NaN
74	NaN
75	315.5
76	NaN
77	NaN
78	NaN
79	333.32
80	NaN
81	262.25
82	303.48
83	NaN
84	NaN
85	296.09
86	NaN
87	340.74
88	328.17
89	358.78
90	NaN
91	235.12
92	NaN
93	313.76
94	NaN
95	NaN
96	NaN
97	348.3
98	264.23
99	245.65
100	NaN
101	NaN
