1	9.71000000000001
2	41.12
3	65.17
4	28.4
5	19.23
6	-26.48
7	-67.24
8	-9.47
9	59.62
10	-38.82
11	17.06
12	0.340000000000003
13	-82.9
14	0.120000000000005
15	22.87
16	-45.25
17	-36.37
18	-13.73
19	-27.18
20	65.44
21	-18.18
22	-54.7
23	87.53
24	-13.56
25	-53.91
26	-60.46
27	23.98
28	25.9
29	16.89
30	33.88
31	-0.569999999999993
32	-45.2
33	-52.71
34	27.08
35	-14.66
36	18.55
37	-70.72
38	45.17
39	-3.58000000000001
40	-7.10999999999999
41	75.66
42	85.13
43	14.99
44	-4.81
45	-7.44
46	-44.72
47	29.85
48	70.92
49	-27.21
50	47.51
51	-30.44
52	-50.68
53	54.95
54	24.76
55	-109.23
56	13.48
57	-23.12
58	51.58
59	-5.63999999999999
60	32.79
61	-13.45
62	40.35
63	-31
64	19.34
65	29.58
66	49.25
67	18.51
68	-122.99
69	31.97
70	10.54
71	36.33
72	47.62
73	-27.36
74	-66.57
75	20.3
76	1.10999999999999
77	63.99
78	51.98
79	-35.56
80	-21.76
81	19.19
82	7.97
83	36.17
84	-16.69
85	56.91
86	-15.27
87	74.25
88	-99.84
89	29.8
90	22.85
91	-99.37
92	-47.63
93	44.26
94	42.31
95	2.31
96	70.45
97	-23.74
98	22.11
99	-11.04
100	14.88
101	18.12
