1	223.07
2	188.44
3	177.05
4	208.24
5	207.45
6	235.25
7	264.14
8	228.46
9	191.19
10	238.22
11	207.2
12	218.93
13	273.9
14	224.24
15	214.56
16	250.1
17	239.07
18	223.61
19	234.89
20	191.49
21	239.31
22	268.26
23	172.85
24	231.41
25	250.84
26	261.61
27	211.88
28	208.84
29	213.35
30	203.51
31	222.39
32	254.79
33	248.51
34	210.03
35	229.17
36	203.45
37	271.72
38	203.15
39	228.47
40	224.76
41	181.08
42	181.05
43	215.68
44	220.32
45	218.2
46	257.46
47	207.98
48	181.22
49	239.89
50	189.63
51	236.63
52	258.07
53	192.4
54	214.04
55	287.83
56	209.99
57	238.27
58	189.56
59	218.19
60	199.62
61	229.89
62	198.78
63	236.94
64	210.55
65	201.79
66	193.24
67	211.23
68	301.67
69	210.23
70	212.06
71	199.3
72	187.46
73	239.56
74	264.28
75	209.68
76	207.9
77	186.24
78	201.8
79	232.79
80	235.3
81	204.98
82	211
83	207.03
84	225.31
85	192.26
86	232.96
87	187.73
88	290.38
89	216.47
90	206.18
91	287.47
92	252.48
93	189.73
94	198.21
95	212.41
96	184.73
97	238.21
98	198.03
99	233.39
100	220.51
101	212.77
