1 3.09
2 3.09
3 2.71
4 2.71
5 3.55
6 3.55
7 1.55
8 1.55
9 3.17
10 3.17
11 3.33
12 3.33
13 3.76
14 3.76
15 2.75
16 2.75
17 1.84
18 1.84
19 3.36
20 3.36
21 2.15
22 2.15
23 2.33
24 2.33
25 3.19
26 3.19
27 2.35
28 2.35
29 2.80
30 2.80
31 2.74
32 2.74
33 3.24
34 3.24
35 2.30
36 2.30
37 2.41
38 2.41
39 3.37
40 3.37
41 3.65
42 3.65
43 3.39
44 3.39
45 2.37
46 2.37
47 3.85
48 3.85
49 3.39
50 3.39
51 3.56
52 3.56
53 2.92
54 2.92
55 2.76
56 2.76
57 3.88
58 3.88
59 2.58
60 2.58
61 2.41
62 2.41
63 2.45
64 2.45
65 3.28
66 3.28
67 2.46
68 2.46
69 2.65
70 2.65
71 3.32
72 3.32
73 2.85
74 2.85
75 2.29
76 2.29
77 3.74
78 3.74
79 3.12
80 3.12
81 2.36
82 2.36
83 2.85
84 2.85
85 2.97
86 2.97
87 2.17
88 2.17
89 2.99
90 2.99
91 2.10
92 2.10
93 2.55
94 2.55
95 2.01
96 2.01
97 3.23
98 3.23
99 2.10
100 2.10
101 2.87
102 2.87
