1	151.21
2	137.21
3	140.83
4	153.04
5	140.33
6	138.86
7	137.74
8	131.07
9	114.01
10	149.60
11	157.39
12	144.85
13	149.44
14	130.75
15	164.41
16	156.97
17	153.74
18	158.97
19	164.31
20	155.32
21	147.81
22	141.20
23	145.92
24	138.91
25	134.41
26	158.68
27	148.88
28	118.68
29	149.02
30	141.11
31	144.42
32	164.62
33	150.74
34	131.90
35	156.95
36	129.82
37	141.36
38	152.53
39	148.64
40	157.10
41	153.84
42	159.69
43	138.03
44	147.20
45	161.84
46	142.34
47	151.59
48	153.90
49	137.59
50	163.76
51	141.16
