1	-38.28
2	-90.94
3	-111.82
4	-104.16
5	4.47
6	-90.82
7	-124.71
8	-91.13
9	27.93
10	-56.66
11	-59.41
12	-137.65
13	-79.08
14	-116.79
15	-98.33
16	-119.4
17	-85.74
18	-69.02
19	-89.46
20	-111.76
21	-91.11
22	-95.14
23	-42.97
24	-54.04
25	-83.41
26	-105.46
27	-100.61
28	-131.19
29	-40.15
30	24.38
31	27.93
32	73.52
33	-20.09
34	-28.67
35	-24.91
36	16.87
37	-116.91
38	-80.89
39	-97.18
40	-106.8
41	-35.19
42	-157.31
43	-84.62
44	-28.07
45	-102.53
46	-60.42
47	-111.8
48	-89.95
49	-98.44
50	-83.88
51	-79.6
