1 3.69
2 3.69
3 3.45
4 3.45
5 4.48
6 4.48
7 3.28
8 3.28
9 3.37
10 3.37
11 3.02
12 3.02
13 4.10
14 4.10
15 3.60
16 3.60
17 3.64
18 3.64
19 3.63
20 3.63
21 3.84
22 3.84
23 2.93
24 2.93
25 3.82
26 3.82
27 3.40
28 3.40
29 4.67
30 4.67
31 4.03
32 4.03
33 3.93
34 3.93
35 3.58
36 3.58
37 3.70
38 3.70
39 3.38
40 3.38
41 3.64
42 3.64
43 4.30
44 4.30
45 4.37
46 4.37
47 3.58
48 3.58
49 3.99
50 3.99
51 3.37
52 3.37
53 3.00
54 3.00
55 3.47
56 3.47
57 3.45
58 3.45
59 3.10
60 3.10
61 3.95
62 3.95
63 2.73
64 2.73
65 2.85
66 2.85
67 3.24
68 3.24
69 3.85
70 3.85
71 3.72
72 3.72
73 3.75
74 3.75
75 3.20
76 3.20
77 4.29
78 4.29
79 3.03
80 3.03
81 2.51
82 2.51
83 3.56
84 3.56
85 2.87
86 2.87
87 3.36
88 3.36
89 3.39
90 3.39
91 3.49
92 3.49
93 3.28
94 3.28
95 3.67
96 3.67
97 3.79
98 3.79
99 3.29
100 3.29
101 3.71
102 3.71
