1	12.72
2	10.73
3	10.40
4	12.97
5	13.44
6	12.04
7	12.35
8	NaN
9	13.56
10	14.20
11	13.71
12	10.96
13	14.32
14	13.29
15	13.50
16	14.73
17	16.53
18	13.87
19	13.98
20	12.99
21	NaN
22	NaN
23	11.22
24	11.36
25	12.95
26	11.49
27	9.98
28	9.61
29	12.01
30	12.14
31	12.93
32	11.99
33	12.84
34	12.48
35	13.64
36	13.71
37	12.39
38	10.85
39	NaN
40	11.00
41	12.03
42	11.96
43	9.43
44	12.69
45	11.65
46	13.25
47	10.97
48	10.63
49	11.40
50	8.95
51	11.70
52	12.80
53	13.13
54	14.69
55	13.41
56	11.04
57	11.78
58	12.57
59	9.79
60	10.15
61	10.04
62	13.31
63	10.23
64	11.70
65	8.67
66	14.71
67	11.36
68	12.86
69	13.26
70	13.02
71	7.94
72	10.07
73	8.36
74	13.60
75	9.91
76	11.11
77	13.24
78	14.49
79	14.11
80	14.20
81	12.53
82	8.83
83	9.41
84	10.90
85	13.07
86	14.55
87	12.11
88	13.12
89	12.51
90	14.01
91	11.63
92	12.87
93	13.49
94	12.98
95	13.45
96	12.83
97	12.84
98	11.31
99	11.99
100	14.08
101	12.90
