1 0.01
2 0.01
3 -0.30
4 -0.30
5 -0.32
6 -0.32
7 0.20
8 0.20
9 0.40
10 0.40
11 0.01
12 0.01
13 0.12
14 0.12
15 -0.20
16 -0.20
17 -1.11
18 -1.11
19 -0.47
20 -0.47
21 -0.13
22 -0.13
23 0.72
24 0.72
25 0.37
26 0.37
27 -0.75
28 -0.75
29 0.41
30 0.41
31 -0.65
32 -0.65
33 0.09
34 0.09
35 -0.19
36 -0.19
37 -0.04
38 -0.04
39 -0.02
40 -0.02
41 -0.15
42 -0.15
43 -0.62
44 -0.62
45 0.52
46 0.52
47 -0.11
48 -0.11
49 -0.40
50 -0.40
51 -0.01
52 -0.01
53 0.31
54 0.31
55 -0.01
56 -0.01
57 -0.20
58 -0.20
59 -0.73
60 -0.73
61 0.23
62 0.23
63 0.30
64 0.30
65 -0.75
66 -0.75
67 -0.42
68 -0.42
69 -0.32
70 -0.32
71 0.14
72 0.14
73 0.62
74 0.62
75 0.01
76 0.01
77 -0.35
78 -0.35
79 0.23
80 0.23
81 0.06
82 0.06
83 0.10
84 0.10
85 0.18
86 0.18
87 -0.26
88 -0.26
89 -0.27
90 -0.27
91 0.54
92 0.54
93 -0.40
94 -0.40
95 -0.42
96 -0.42
97 0.00
98 0.00
99 0.39
100 0.39
101 -0.46
102 -0.46
103 -0.15
104 -0.15
105 -0.01
106 -0.01
107 0.00
108 0.00
109 -0.10
110 -0.10
111 -0.25
112 -0.25
113 0.00
114 0.00
115 -0.01
116 -0.01
117 -0.53
118 -0.53
119 -0.33
120 -0.33
121 0.14
122 0.14
123 -0.12
124 -0.12
125 -0.04
126 -0.04
127 -0.05
128 -0.05
129 -0.05
130 -0.05
131 0.86
132 0.86
133 0.06
134 0.06
135 0.21
136 0.21
137 0.32
138 0.32
139 0.11
140 0.11
141 0.10
142 0.10
143 0.30
144 0.30
145 -0.48
146 -0.48
147 -0.63
148 -0.63
149 0.00
150 0.00
151 0.70
152 0.70
153 0.15
154 0.15
155 -0.10
156 -0.10
157 -0.18
158 -0.18
159 0.29
160 0.29
161 0.16
162 0.16
163 -0.21
164 -0.21
165 0.34
166 0.34
167 0.01
168 0.01
169 -0.40
170 -0.40
171 -0.04
172 -0.04
173 0.19
174 0.19
175 -0.27
176 -0.27
177 0.10
178 0.10
179 0.06
180 0.06
181 0.16
182 0.16
183 0.20
184 0.20
185 -0.58
186 -0.58
187 0.44
188 0.44
189 -0.06
190 -0.06
191 -0.44
192 -0.44
193 -0.34
194 -0.34
195 0.21
196 0.21
197 0.07
198 0.07
199 0.27
200 0.27
201 -0.01
202 -0.01
