  -0.04  -0.24   3.34  -2.30  -6.71  31.50
  -0.04  -0.24   3.34  -2.30  -6.71  31.50
  -0.21  -0.58   4.08  -0.02 -15.12  33.40
  -0.21  -0.58   4.08  -0.02 -15.12  33.40
  -0.16  -0.67   3.35   0.59   0.72  41.14
  -0.16  -0.67   3.35   0.59   0.72  41.14
  -0.71  -0.63   2.18   0.28  32.91  27.36
  -0.71  -0.63   2.18   0.28  32.91  27.36
   0.01  -0.91   3.35   0.94  19.70  24.18
   0.01  -0.91   3.35   0.94  19.70  24.18
   0.07  -0.73   3.31   0.40  -7.33  34.22
   0.07  -0.73   3.31   0.40  -7.33  34.22
   0.01  -0.47   2.86  -1.38  21.31  23.85
   0.01  -0.47   2.86  -1.38  21.31  23.85
  -0.12  -0.36   2.68  -1.25  33.95  24.08
  -0.12  -0.36   2.68  -1.25  33.95  24.08
  -0.27  -0.55   2.65  -0.93  23.04  25.26
  -0.27  -0.55   2.65  -0.93  23.04  25.26
   0.11  -0.67   3.53   2.94  -5.95  33.61
   0.11  -0.67   3.53   2.94  -5.95  33.61
  -0.51  -0.84   4.29  -4.07 -10.58  36.94
  -0.51  -0.84   4.29  -4.07 -10.58  36.94
