   0.58  -0.25   4.08  -1.29 -14.95  31.14
   0.58  -0.25   4.08  -1.29 -14.95  31.14
   0.59  -0.98   3.30   1.17  11.49  29.38
   0.59  -0.98   3.30   1.17  11.49  29.38
   0.32  -0.44   2.42   1.92  34.55  24.81
   0.32  -0.44   2.42   1.92  34.55  24.81
  -0.01  -0.36   3.50   1.12  13.06  27.28
  -0.01  -0.36   3.50   1.12  13.06  27.28
   0.82  -0.80   3.96  -1.02 -11.99  36.98
   0.82  -0.80   3.96  -1.02 -11.99  36.98
   0.29  -0.32   4.35  -3.11 -15.48  34.10
   0.29  -0.32   4.35  -3.11 -15.48  34.10
  -0.06  -0.92   3.51   3.37   2.46  32.71
  -0.06  -0.92   3.51   3.37   2.46  32.71
   0.12  -0.32   4.38  -0.08 -22.84  43.42
   0.12  -0.32   4.38  -0.08 -22.84  43.42
   0.75  -1.22   4.17   1.60 -11.77  36.64
   0.75  -1.22   4.17   1.60 -11.77  36.64
   0.22  -1.00   2.88   3.59   9.56  33.80
   0.22  -1.00   2.88   3.59   9.56  33.80
   0.49  -0.81   2.82   1.55  21.01  31.23
   0.49  -0.81   2.82   1.55  21.01  31.23
