   0.43   0.36   4.70  -6.44 -18.50  32.40
   0.43   0.36   4.70  -6.44 -18.50  32.40
   0.16   0.17   4.25  -6.15 -20.24  37.99
   0.16   0.17   4.25  -6.15 -20.24  37.99
  -0.61  -0.81   3.61   2.73  -7.53  35.15
  -0.61  -0.81   3.61   2.73  -7.53  35.15
   0.21   0.17   3.62   0.29   0.10  34.20
   0.21   0.17   3.62   0.29   0.10  34.20
   0.71  -0.37   4.33   4.81  -5.85  24.98
   0.71  -0.37   4.33   4.81  -5.85  24.98
   0.49   0.01   3.96  -6.93  -9.42  40.24
   0.49   0.01   3.96  -6.93  -9.42  40.24
   0.54   0.27   3.61   2.28  -0.93  44.62
   0.54   0.27   3.61   2.28  -0.93  44.62
  -0.21  -0.20   4.14 -11.32  -6.56  31.84
  -0.21  -0.20   4.14 -11.32  -6.56  31.84
   0.15  -0.78   2.90   5.53   8.27  32.50
   0.15  -0.78   2.90   5.53   8.27  32.50
   0.45  -0.72   3.49   6.70   0.51  33.21
   0.45  -0.72   3.49   6.70   0.51  33.21
   1.16   0.55   4.12   6.43  11.18  27.57
   1.16   0.55   4.12   6.43  11.18  27.57
