  -0.62   0.18   3.53   0.96   0.01  32.83
  -0.62   0.18   3.53   0.96   0.01  32.83
  -0.63  -0.57   2.80  -0.07  26.79  24.02
  -0.63  -0.57   2.80  -0.07  26.79  24.02
  -0.82  -0.20   2.43   4.27  24.85  19.77
  -0.82  -0.20   2.43   4.27  24.85  19.77
  -0.85  -0.56   4.50  -4.68 -23.70  38.91
  -0.85  -0.56   4.50  -4.68 -23.70  38.91
  -0.53  -0.37   2.74  -2.74  17.64  25.69
  -0.53  -0.37   2.74  -2.74  17.64  25.69
  -0.06  -0.66   3.48   2.21  16.68  24.08
  -0.06  -0.66   3.48   2.21  16.68  24.08
  -0.38  -0.75   4.08   5.53  12.97  17.21
  -0.38  -0.75   4.08   5.53  12.97  17.21
  -0.26  -0.49   3.85  -3.82   3.39  26.67
  -0.26  -0.49   3.85  -3.82   3.39  26.67
  -0.54  -0.41   3.68   6.15   7.96  20.08
  -0.54  -0.41   3.68   6.15   7.96  20.08
   0.21  -0.12   5.19   9.04 -43.55  31.11
   0.21  -0.12   5.19   9.04 -43.55  31.11
  -0.65  -0.03   4.50  -2.98 -20.16  37.10
  -0.65  -0.03   4.50  -2.98 -20.16  37.10
