  -0.17  -0.07   3.10   3.15  -7.76  30.27
  -0.17  -0.07   3.10   3.15  -7.76  30.27
  -0.58   0.56   4.16   1.75 -19.40  32.90
  -0.58   0.56   4.16   1.75 -19.40  32.90
  -0.60   0.51   3.71  -0.19  -0.78  29.81
  -0.60   0.51   3.71  -0.19  -0.78  29.81
  -0.63   0.30   3.80   2.81  -2.68  24.64
  -0.63   0.30   3.80   2.81  -2.68  24.64
  -0.65   0.32   3.90  -1.05  -3.65  43.03
  -0.65   0.32   3.90  -1.05  -3.65  43.03
  -0.99   0.89   3.42  -1.43  -5.31  28.24
  -0.99   0.89   3.42  -1.43  -5.31  28.24
  -0.95   0.41   2.60   5.15  27.70  27.21
  -0.95   0.41   2.60   5.15  27.70  27.21
  -0.71   0.56   2.98   3.07  19.27  33.66
  -0.71   0.56   2.98   3.07  19.27  33.66
  -1.03   0.31   3.65  -0.15 -13.20  30.45
  -1.03   0.31   3.65  -0.15 -13.20  30.45
  -0.96   0.46   3.33   1.34   4.00  30.63
  -0.96   0.46   3.33   1.34   4.00  30.63
  -0.22   0.36   4.04   3.35 -11.02  25.25
  -0.22   0.36   4.04   3.35 -11.02  25.25
