1 -0.34
2 -0.34
3 -0.38
4 -0.38
5 -0.36
6 -0.36
7 -0.34
8 -0.34
9 -0.39
10 -0.39
11 -0.38
12 -0.38
13 -0.36
14 -0.36
15 -0.37
16 -0.37
17 -0.34
18 -0.34
19 -0.38
20 -0.38
21 -0.40
22 -0.40
23 -0.38
24 -0.38
25 -0.39
26 -0.39
27 -0.37
28 -0.37
29 -0.36
30 -0.36
31 -0.38
32 -0.38
33 -0.35
34 -0.35
35 -0.37
36 -0.37
37 -0.34
38 -0.34
39 -0.37
40 -0.37
41 -0.32
42 -0.32
43 -0.35
44 -0.35
45 -0.38
46 -0.38
47 -0.35
48 -0.35
49 -0.36
50 -0.36
51 -0.36
52 -0.36
53 -0.34
54 -0.34
55 -0.33
56 -0.33
57 -0.37
58 -0.37
59 -0.38
60 -0.38
61 -0.39
62 -0.39
63 -0.37
64 -0.37
65 -0.37
66 -0.37
67 -0.37
68 -0.37
69 -0.37
70 -0.37
71 -0.35
72 -0.35
73 -0.40
74 -0.40
75 -0.35
76 -0.35
77 -0.36
78 -0.36
79 -0.35
80 -0.35
81 -0.34
82 -0.34
83 -0.36
84 -0.36
85 -0.37
86 -0.37
87 -0.36
88 -0.36
89 -0.43
90 -0.43
91 -0.41
92 -0.41
93 -0.36
94 -0.36
95 -0.36
96 -0.36
97 -0.36
98 -0.36
99 -0.34
100 -0.34
101 -0.36
102 -0.36
