1	298.88
2	303.94
3	305.15
4	299.04
5	265.33
6	302.69
7	261.5
8	314.09
9	285.38
10	306.85
11	252.84
12	272.23
13	287.83
14	261.12
15	276.76
16	295.03
17	284.61
18	298.75
19	303.73
20	303.54
21	283.6
22	295.01
23	308.13
24	302.03
25	278.96
26	287.6
27	310.25
28	279.52
29	284.95
30	285.09
31	299.46
32	303.49
33	282.68
34	273.13
35	290.27
36	293.79
37	286.17
38	299.87
39	302.75
40	290.85
41	289.33
42	263.12
43	309.77
44	282.87
45	289.34
46	294.07
47	283.9
48	299.34
49	291.91
50	296.63
51	284.58
52	307.53
53	283.57
54	269.38
55	299.46
56	306.98
57	279.86
58	291.11
59	286.75
60	286.04
61	300.61
62	297.25
63	307.86
64	285.52
65	282.31
66	308.6
67	283.24
68	296.65
69	282.05
70	261.25
71	280.79
72	263.82
73	274.63
74	275.25
75	280.89
76	291.76
77	295.49
78	277.73
79	302.25
80	301.6
81	249.11
82	250.4
83	264.96
84	283.78
85	296.71
86	303.5
87	266.3
88	284.26
89	278.56
90	266.78
91	291.45
92	289.5
93	287.86
94	291.27
95	278.4
96	273.74
97	288.04
98	296.43
99	303.61
100	289.07
101	270.2
