1	166.21
2	170.62
3	185.91
4	170.06
5	178.44
6	164.77
7	166.89
8	163.01
9	164.55
10	182.84
11	172.94
12	152.00
13	193.83
14	180.6
15	175.29
16	178.38
17	173.83
18	169.35
19	168.01
20	184.03
21	179.39
22	183.54
23	171.83
24	174.25
25	190.16
26	169.52
27	186.83
28	188.77
29	179.76
30	192.64
31	176.92
32	192.29
33	178.64
34	170.67
35	189.92
36	156.71
37	178.02
38	171.97
39	181.88
40	175.40
41	176.61
42	170.56
43	176.08
44	167.37
45	163.47
46	191.07
47	163.91
48	178.42
49	171.82
50	183.09
51	178.07
52	168.52
53	198.16
54	190.89
55	188.55
56	170.04
57	182.71
58	176.13
59	186.87
60	179.17
61	178.67
62	161.34
63	171.16
64	187.61
65	174.96
66	179.24
67	180.9
68	161.99
69	183.99
70	173.98
71	158.44
72	180.88
73	185.33
74	190.38
75	170.76
76	176.94
77	183.85
78	162.65
79	159.05
80	189.04
81	159.14
82	173.23
83	169.70
84	170.78
85	179.34
86	159.51
87	158.57
88	143.47
89	181.3
90	179.60
91	160.30
92	176.94
93	184.63
94	169.97
95	183.45
96	161.74
97	163.00
98	172.79
99	155.04
100	177.15
101	171.47
