1	-39.59
2	-60.58
3	-45.71
4	-75.26
5	-68.49
6	-37.27
7	-46.8
8	-10.05
9	-90.77
10	-48.14
11	-79.14
12	-20.29
13	-61.86
14	-17
15	-61.05
16	-60.41
17	-61.02
18	-26.15
19	-54.82
20	-38.75
21	-56.51
22	-58.62
23	-71.88
24	-98.45
25	-69.89
26	5.63999999999999
27	-66.59
28	-26.94
29	-4.15000000000001
30	-55.54
31	-56.07
32	-62.97
33	-98.06
34	-82.74
35	-30.79
36	-27.22
37	-34.87
38	-45.19
39	-56.17
40	-63.5
41	-50.44
42	-31.16
43	-77.52
44	-74.83
45	-66.74
46	-64.69
47	-44.87
48	-57.44
49	-54.83
50	-26.73
51	-41.81
