1	150.42
2	159.98
3	146.23
4	140.15
5	151.04
6	161.80
7	155.22
8	132.91
9	141.27
10	147.30
11	147.51
12	150.52
13	140.68
14	150.93
15	144.60
16	141.24
17	134.31
18	138.23
19	147.22
20	150.31
21	138.74
22	146.64
23	147.69
24	126.60
25	114.68
26	140.26
27	128.72
28	132.18
29	144.61
30	156.86
31	167.24
32	154.10
33	136.83
34	140.87
35	155.98
36	136.16
37	132.14
38	141.58
39	138.71
40	135.81
41	154.43
42	153.00
43	158.74
44	139.80
45	150.83
46	148.91
47	143.91
48	149.73
49	165.46
50	141.30
51	123.51
