2	CTAG  14.70  21.10
3	TCGA  18.27  20.10
4	CTAG  12.49  21.00
5	TCGA  -0.29  15.00
6	CTAG   9.21  15.60
7	TCGA  -8.68  15.60
8	CTAG   0.82  15.40
9	TCGA  11.09  13.10
10	CTAG -18.15  12.90
11	TCGA   0.08  13.00
12	CTAG   8.00  21.20
13	TCGA  -6.71  10.80
14	CTAG  22.74  18.30
15	TCGA  -0.58  12.30
16	CTAG  29.25  11.60
17	TTAA -19.00  19.10
18	TATA  17.64  19.20
19	AATT   4.66  13.50
20	AATT -17.11   7.50
21	AGCT  -4.81   7.70
22	GGCC  -5.18  15.10
23	GTAC   5.43  20.30
24	TATA  21.84  14.30
25	ATAT  -3.76  23.30
26	TATA  20.22  22.90
27	ACGT   5.87  22.00
28	CATG   8.29  19.10
29	AATT  -0.35  20.10
30	AGCT   3.41  14.60
31	GATC  -1.18   8.30
32	AATT  12.38  15.20
33	AATT -12.05  15.50
34	AGCT   0.05  18.20
35	GTAC  -7.82  20.50
36	TTAA   5.87  12.90
37	TTAA  17.34  13.50
38	TGCA   0.60  12.90
39	GTAC   8.58  12.80
40	TTAA   9.66  11.00
41	TGCA   8.50   9.40
42	GGCC  -3.58  12.30
43	GTAC   3.64  10.10
44	TCGA   0.71   9.30
45	CTAG -11.81  13.30
46	TTAA   1.67  11.60
47	TTAA   4.38  17.60
48	TTAA   1.69  24.00
49	TTAA  17.65  13.30
50	TATA  12.59  11.20
51	ACGT  13.77   5.90
52	CCGG   3.72  10.60
53	CTAG  -2.03  13.70
54	TTAA  -0.17  15.00
55	TCGA  10.90  17.50
56	CCGG -10.91  19.70
57	CCGG  -9.07  17.50
58	CGCG  -0.45  13.90
59	GTAC   4.49  13.00
60	TTAA   6.15  11.40
61	TTAA  13.88  10.90
62	TCGA   8.19  13.60
63	CGCG  20.44  11.50
64	GCGC   0.31  18.50
65	CTAG  -9.70  18.40
66	TCGA  16.87  12.10
67	CCGG -16.80  15.70
68	CATG   0.67  14.20
69	AATT   3.55   9.00
70	AGCT  -4.28  12.60
71	GTAC   4.19  14.00
72	TTAA  -9.25  17.40
73	TATA  25.99  17.40
74	AGCT  18.22  21.70
75	GTAC  -5.29  20.90
76	TATA  23.43  13.80
77	ATAT  -6.76  21.70
78	TATA   3.33  17.80
79	AATT   4.28  10.80
80	AATT -11.61   8.70
81	AATT  -3.77   8.50
82	AATT   3.51  20.50
83	AATT   2.27  23.60
84	AGCT  10.36  23.90
85	GCGC   6.92  22.60
86	CTAG   7.58  23.90
87	TGCA  10.97  19.50
88	GATC   1.01  18.30
89	AATT  10.32  11.30
90	ACGT -12.06  13.80
91	CGCG  -8.19  17.40
92	GATC  -0.95  13.50
