1 -0.57
2 -0.57
3 -1.52
4 -1.52
5 -1.20
6 -1.20
7 -0.75
8 -0.75
9 -1.24
10 -1.24
11 -1.03
12 -1.03
13 -1.28
14 -1.28
15 -1.14
16 -1.14
17 -1.39
18 -1.39
19 -1.19
20 -1.19
21 -0.95
22 -0.95
23 -0.65
24 -0.65
25 -0.98
26 -0.98
27 -1.00
28 -1.00
29 -0.52
30 -0.52
31 -0.81
32 -0.81
33 -1.26
34 -1.26
35 -0.90
36 -0.90
37 -0.63
38 -0.63
39 -1.33
40 -1.33
41 -0.82
42 -0.82
43 -0.90
44 -0.90
45 -1.26
46 -1.26
47 -0.81
48 -0.81
49 -1.45
50 -1.45
51 -0.61
52 -0.61
53 -0.97
54 -0.97
55 -1.05
56 -1.05
57 -0.46
58 -0.46
59 -1.19
60 -1.19
61 -0.97
62 -0.97
63 -1.06
64 -1.06
65 -0.93
66 -0.93
67 -0.51
68 -0.51
69 -0.62
70 -0.62
71 -1.32
72 -1.32
73 -1.16
74 -1.16
75 -0.81
76 -0.81
77 -0.57
78 -0.57
79 -0.64
80 -0.64
81 -1.30
82 -1.30
83 -0.41
84 -0.41
85 -1.29
86 -1.29
87 -1.07
88 -1.07
89 -0.54
90 -0.54
91 -1.07
92 -1.07
93 -1.10
94 -1.10
95 -0.86
96 -0.86
97 -0.70
98 -0.70
99 -1.00
100 -1.00
101 -1.04
102 -1.04
103 -0.85
104 -0.85
105 -1.26
106 -1.26
107 -0.99
108 -0.99
109 -0.71
110 -0.71
111 -0.96
112 -0.96
113 -0.70
114 -0.70
115 -1.47
116 -1.47
117 -0.97
118 -0.97
119 -1.28
120 -1.28
121 -0.81
122 -0.81
123 -0.65
124 -0.65
125 -1.87
126 -1.87
127 -0.78
128 -0.78
129 -1.14
130 -1.14
131 -1.13
132 -1.13
133 -0.87
134 -0.87
135 -0.93
136 -0.93
137 -0.59
138 -0.59
139 -0.67
140 -0.67
141 -0.59
142 -0.59
143 -0.73
144 -0.73
145 -0.56
146 -0.56
147 -0.73
148 -0.73
149 -0.66
150 -0.66
151 -1.35
152 -1.35
153 -1.32
154 -1.32
155 -0.78
156 -0.78
157 -1.27
158 -1.27
159 -0.56
160 -0.56
161 -1.41
162 -1.41
163 -1.53
164 -1.53
165 -1.01
166 -1.01
167 -0.93
168 -0.93
169 -1.25
170 -1.25
171 -0.84
172 -0.84
173 -1.05
174 -1.05
175 -0.62
176 -0.62
177 -1.31
178 -1.31
179 -1.10
180 -1.10
181 -1.10
182 -1.10
183 -0.64
184 -0.64
185 -0.74
186 -0.74
187 -1.37
188 -1.37
189 -1.79
190 -1.79
191 -0.99
192 -0.99
193 -1.23
194 -1.23
195 -1.41
196 -1.41
197 -0.98
198 -0.98
199 -0.91
200 -0.91
201 -1.38
202 -1.38
