1 38.29
2 38.29
3 33.11
4 33.11
5 38.38
6 38.38
7 35.10
8 35.10
9 38.44
10 38.44
11 35.88
12 35.88
13 34.64
14 34.64
15 38.80
16 38.80
17 40.18
18 40.18
19 37.43
20 37.43
21 37.67
22 37.67
23 36.75
24 36.75
25 34.88
26 34.88
27 38.91
28 38.91
29 42.38
30 42.38
31 29.06
32 29.06
33 34.92
34 34.92
35 39.62
36 39.62
37 37.59
38 37.59
39 37.47
40 37.47
41 37.28
42 37.28
43 28.30
44 28.30
45 44.98
46 44.98
47 37.62
48 37.62
49 28.93
50 28.93
51 40.48
52 40.48
53 37.58
54 37.58
55 39.31
56 39.31
57 47.06
58 47.06
59 40.37
60 40.37
61 42.21
62 42.21
63 36.62
64 36.62
65 38.15
66 38.15
67 43.23
68 43.23
69 39.30
70 39.30
71 34.48
72 34.48
73 26.27
74 26.27
75 38.58
76 38.58
77 42.57
78 42.57
79 41.98
80 41.98
81 37.25
82 37.25
83 49.46
84 49.46
85 35.67
86 35.67
87 38.78
88 38.78
89 38.57
90 38.57
91 36.43
92 36.43
93 39.97
94 39.97
95 40.01
96 40.01
97 41.57
98 41.57
99 35.08
100 35.08
101 36.01
102 36.01
103 36.05
104 36.05
105 31.80
106 31.80
107 37.99
108 37.99
109 38.38
110 38.38
111 39.48
112 39.48
113 38.05
114 38.05
115 35.50
116 35.50
117 36.04
118 36.04
119 37.37
120 37.37
121 40.94
122 40.94
123 45.15
124 45.15
125 27.34
126 27.34
127 42.08
128 42.08
129 37.33
130 37.33
131 39.38
132 39.38
133 40.00
134 40.00
135 33.62
136 33.62
137 44.73
138 44.73
139 37.98
140 37.98
141 42.34
142 42.34
143 40.35
144 40.35
145 32.83
146 32.83
147 35.92
148 35.92
149 42.42
150 42.42
151 36.23
152 36.23
153 38.75
154 38.75
155 41.70
156 41.70
157 33.93
158 33.93
159 44.09
160 44.09
161 37.93
162 37.93
163 33.69
164 33.69
165 32.48
166 32.48
167 37.02
168 37.02
169 40.94
170 40.94
171 38.10
172 38.10
173 40.86
174 40.86
175 35.06
176 35.06
177 33.85
178 33.85
179 37.77
180 37.77
181 27.84
182 27.84
183 44.68
184 44.68
185 42.16
186 42.16
187 41.05
188 41.05
189 35.34
190 35.34
191 42.24
192 42.24
193 39.65
194 39.65
195 35.20
196 35.20
197 39.41
198 39.41
199 40.69
200 40.69
201 41.76
202 41.76
