1	0.21
2	-2.12
3	-0.84
4	-0.70
5	-1.41
6	-0.61
7	-1.57
8	-1.27
9	-1.69
10	-1.77
11	-0.88
12	-1.90
13	-1.20
14	-1.50
15	-1.77
16	-2.01
17	-0.84
18	-2.02
19	-1.49
20	-1.67
21	-1.68
22	-1.29
23	-1.57
24	-1.19
25	-1.31
26	-0.77
27	-0.66
28	-0.97
29	-2.09
30	-0.59
31	-1.71
32	-0.53
33	-1.31
34	-0.42
35	-1.84
36	-1.41
37	-1.15
38	-1.20
39	-0.24
40	-1.60
41	-1.98
42	-1.27
43	-0.55
44	-1.53
45	-1.64
46	-0.88
47	-0.71
48	-0.95
49	-1.11
50	-1.37
51	-1.50
52	-0.77
53	-0.93
54	-0.84
55	-0.75
56	-1.78
57	-2.20
58	-1.77
59	-1.37
60	-2.36
61	-1.83
62	-2.19
63	-1.68
64	-1.98
65	-1.88
66	-1.16
67	-1.29
68	-1.31
69	-0.62
70	-1.07
71	-2.25
72	-1.43
73	-1.58
74	-0.64
75	-1.79
76	-1.93
77	-2.42
78	-1.93
79	-1.45
80	-1.55
81	-0.76
82	-1.93
83	-1.43
84	-1.70
85	-1.87
86	-0.85
87	-0.75
88	-1.50
89	-1.39
90	-0.74
91	-0.90
92	-0.52
93	-1.94
94	-2.30
95	-2.02
96	-1.26
97	-1.71
98	-1.09
99	-1.04
100	-0.38
101	-1.84
