1 -4.30
2 -4.30
3 6.97
4 6.97
5 13.88
6 13.88
7 10.11
8 10.11
9 10.84
10 10.84
11 -3.64
12 -3.64
13 7.42
14 7.42
15 13.59
16 13.59
17 -5.38
18 -5.38
19 9.94
20 9.94
21 2.30
22 2.30
23 26.18
24 26.18
25 9.81
26 9.81
27 11.75
28 11.75
29 23.45
30 23.45
31 9.49
32 9.49
33 -7.60
34 -7.60
35 13.38
36 13.38
37 11.74
38 11.74
39 -13.92
40 -13.92
41 19.91
42 19.91
43 -0.80
44 -0.80
45 16.82
46 16.82
47 14.32
48 14.32
49 10.43
50 10.43
51 21.26
52 21.26
53 37.72
54 37.72
55 -2.35
56 -2.35
57 14.61
58 14.61
59 7.69
60 7.69
61 21.33
62 21.33
63 5.39
64 5.39
65 15.16
66 15.16
67 3.34
68 3.34
69 15.04
70 15.04
71 6.36
72 6.36
73 4.68
74 4.68
75 -9.25
76 -9.25
77 7.18
78 7.18
79 1.60
80 1.60
81 -6.09
82 -6.09
83 -3.60
84 -3.60
85 -3.55
86 -3.55
87 8.54
88 8.54
89 13.90
90 13.90
91 10.32
92 10.32
93 7.67
94 7.67
95 4.42
96 4.42
97 0.02
98 0.02
99 0.06
100 0.06
101 -2.52
102 -2.52
