1 -0.03
2 -0.03
3 0.27
4 0.27
5 1.71
6 1.71
7 0.45
8 0.45
9 -0.33
10 -0.33
11 0.37
12 0.37
13 0.65
14 0.65
15 -0.04
16 -0.04
17 1.11
18 1.11
19 0.67
20 0.67
21 0.64
22 0.64
23 0.55
24 0.55
25 0.79
26 0.79
27 1.66
28 1.66
29 0.31
30 0.31
31 1.73
32 1.73
33 0.62
34 0.62
35 0.31
36 0.31
37 1.34
38 1.34
39 0.52
40 0.52
41 0.60
42 0.60
43 1.33
44 1.33
45 0.35
46 0.35
47 0.68
48 0.68
49 0.79
50 0.79
51 0.33
52 0.33
53 0.22
54 0.22
55 1.21
56 1.21
57 0.74
58 0.74
59 1.14
60 1.14
61 1.18
62 1.18
63 1.22
64 1.22
65 -0.15
66 -0.15
67 2.15
68 2.15
69 0.42
70 0.42
71 0.90
72 0.90
73 1.11
74 1.11
75 1.00
76 1.00
77 -0.16
78 -0.16
79 1.45
80 1.45
81 0.56
82 0.56
83 0.89
84 0.89
85 1.38
86 1.38
87 1.01
88 1.01
89 1.41
90 1.41
91 0.63
92 0.63
93 0.31
94 0.31
95 0.91
96 0.91
97 1.03
98 1.03
99 1.79
100 1.79
101 1.88
102 1.88
