1 32.18
2 32.18
3 39.08
4 39.08
5 30.25
6 30.25
7 24.04
8 24.04
9 32.13
10 32.13
11 32.79
12 32.79
13 23.37
14 23.37
15 27.56
16 27.56
17 45.67
18 45.67
19 32.83
20 32.83
21 31.24
22 31.24
23 26.04
24 26.04
25 27.87
26 27.87
27 24.31
28 24.31
29 19.85
30 19.85
31 22.09
32 22.09
33 25.89
34 25.89
35 22.20
36 22.20
37 24.71
38 24.71
39 31.62
40 31.62
41 26.82
42 26.82
43 32.92
44 32.92
45 25.38
46 25.38
47 23.20
48 23.20
49 25.13
50 25.13
51 19.08
52 19.08
53 24.92
54 24.92
55 22.28
56 22.28
57 16.89
58 16.89
59 30.32
60 30.32
61 18.49
62 18.49
63 20.73
64 20.73
65 27.07
66 27.07
67 33.71
68 33.71
69 21.35
70 21.35
71 26.19
72 26.19
73 33.18
74 33.18
75 34.77
76 34.77
77 36.18
78 36.18
79 27.40
80 27.40
81 32.24
82 32.24
83 34.47
84 34.47
85 28.78
86 28.78
87 24.34
88 24.34
89 30.89
90 30.89
91 30.63
92 30.63
93 25.94
94 25.94
95 27.76
96 27.76
97 23.06
98 23.06
99 34.30
100 34.30
101 20.98
102 20.98
