1	-61.23
2	9.81
3	32.6
4	44.15
5	-1.22
6	23.89
7	-9.36000000000001
8	66.09
9	48.91
10	10.9
11	2.26999999999998
12	-42.46
13	-52.82
14	-46.31
15	14.24
16	68.07
17	52.58
18	47.68
19	82.85
20	-159.91
21	45.96
22	-32.61
23	0.370000000000005
24	-107.27
25	47.96
26	-3.39999999999998
27	16.35
28	49.73
29	73.47
30	19.21
31	-13.93
32	0.430000000000007
33	-4.81
34	3.34
35	-10.91
36	51.51
37	85.88
38	29.6
39	110.01
40	-62.94
41	16.53
42	-120.45
43	-6.91
44	-14.56
45	8.19
46	-1.82000000000002
47	38.72
48	-79.91
49	-14.68
50	-11.24
51	14.76
