1 3.37
2 3.37
3 3.28
4 3.28
5 3.40
6 3.40
7 4.34
8 4.34
9 3.91
10 3.91
11 3.61
12 3.61
13 3.34
14 3.34
15 3.87
16 3.87
17 3.78
18 3.78
19 3.93
20 3.93
21 3.52
22 3.52
23 3.88
24 3.88
25 3.44
26 3.44
27 3.45
28 3.45
29 3.37
30 3.37
31 3.89
32 3.89
33 3.57
34 3.57
35 2.78
36 2.78
37 3.88
38 3.88
39 3.89
40 3.89
41 3.40
42 3.40
43 3.05
44 3.05
45 3.52
46 3.52
47 3.64
48 3.64
49 3.41
50 3.41
51 3.89
52 3.89
53 3.54
54 3.54
55 3.56
56 3.56
57 3.71
58 3.71
59 3.80
60 3.80
61 3.45
62 3.45
63 3.74
64 3.74
65 3.95
66 3.95
67 3.24
68 3.24
69 3.72
70 3.72
71 2.63
72 2.63
73 3.60
74 3.60
75 3.66
76 3.66
77 3.71
78 3.71
79 3.96
80 3.96
81 3.95
82 3.95
83 4.55
84 4.55
85 4.17
86 4.17
87 3.87
88 3.87
89 3.96
90 3.96
91 3.80
92 3.80
93 3.38
94 3.38
95 4.10
96 4.10
97 4.08
98 4.08
99 3.40
100 3.40
101 4.16
102 4.16
