1 0.29
2 0.29
3 0.50
4 0.50
5 0.78
6 0.78
7 0.72
8 0.72
9 1.03
10 1.03
11 0.79
12 0.79
13 0.78
14 0.78
15 0.81
16 0.81
17 0.81
18 0.81
19 1.44
20 1.44
21 0.89
22 0.89
23 0.67
24 0.67
25 0.73
26 0.73
27 0.74
28 0.74
29 0.89
30 0.89
31 0.75
32 0.75
33 1.12
34 1.12
35 -0.09
36 -0.09
37 0.88
38 0.88
39 1.07
40 1.07
41 0.57
42 0.57
43 0.57
44 0.57
45 0.69
46 0.69
47 1.39
48 1.39
49 0.28
50 0.28
51 0.97
52 0.97
53 1.03
54 1.03
55 1.05
56 1.05
57 0.92
58 0.92
59 1.35
60 1.35
61 0.71
62 0.71
63 0.94
64 0.94
65 0.58
66 0.58
67 0.84
68 0.84
69 1.23
70 1.23
71 1.02
72 1.02
73 1.25
74 1.25
75 1.35
76 1.35
77 0.82
78 0.82
79 0.65
80 0.65
81 0.90
82 0.90
83 0.81
84 0.81
85 1.32
86 1.32
87 0.79
88 0.79
89 0.80
90 0.80
91 0.74
92 0.74
93 0.18
94 0.18
95 1.71
96 1.71
97 1.13
98 1.13
99 0.68
100 0.68
101 0.85
102 0.85
