1 1.18
2 1.18
3 2.02
4 2.02
5 -0.80
6 -0.80
7 4.51
8 4.51
9 4.96
10 4.96
11 0.57
12 0.57
13 5.34
14 5.34
15 5.88
16 5.88
17 3.20
18 3.20
19 4.39
20 4.39
21 3.49
22 3.49
23 3.83
24 3.83
25 4.59
26 4.59
27 2.56
28 2.56
29 4.44
30 4.44
31 2.48
32 2.48
33 3.14
34 3.14
35 4.63
36 4.63
37 4.16
38 4.16
39 4.34
40 4.34
41 5.24
42 5.24
43 -0.37
44 -0.37
45 6.25
46 6.25
47 3.82
48 3.82
49 3.57
50 3.57
51 4.57
52 4.57
53 5.91
54 5.91
55 0.94
56 0.94
57 2.18
58 2.18
59 2.68
60 2.68
61 5.94
62 5.94
63 6.31
64 6.31
65 -0.50
66 -0.50
67 3.87
68 3.87
69 6.48
70 6.48
71 0.30
72 0.30
73 0.74
74 0.74
75 1.09
76 1.09
77 3.99
78 3.99
79 5.32
80 5.32
81 4.94
82 4.94
83 4.35
84 4.35
85 2.51
86 2.51
87 3.95
88 3.95
89 3.11
90 3.11
91 4.48
92 4.48
93 4.79
94 4.79
95 1.90
96 1.90
97 6.01
98 6.01
99 5.93
100 5.93
101 2.28
102 2.28
