1	-22.14
2	-85.98
3	-82.55
4	-78.98
5	-46
6	-46.07
7	-69.03
8	-70.57
9	4.19
10	9.36000000000001
11	-51.19
12	-24.77
13	-79.09
14	-102.68
15	-78.58
16	19.15
17	-15.34
18	-127.61
19	-87.26
20	-123.11
21	49.93
22	-47.8
23	-37.24
24	89.64
25	61.43
26	51.32
27	-49.05
28	-70.97
29	15.25
30	-64.96
31	-117.11
32	47.89
33	17.47
34	-64.92
35	-16.4
36	-86.01
37	-51.89
38	-8.25999999999999
39	-108.87
40	41.56
41	-81.3
42	39.2
43	27.19
44	104.24
45	-38.07
46	65.86
47	40.33
48	-68.19
49	-57.89
50	71.6
51	5.54999999999998
