1	-1.41
2	1.73
3	-1.99
4	0.57
5	0.59
6	-2.27
7	-5.32
8	3.84
9	4.15
10	-1.94
11	7.65
12	3.88
13	-4.49
14	-3.62
15	-5.93
16	-3.32
17	11.38
18	-5.49
19	4.20
20	-3.74
21	-1.84
22	2.28
23	-2.08
24	-4.20
25	-12.58
26	-11.52
27	1.85
28	-2.53
29	-4.02
30	-9.01
31	12.45
32	-3.82
33	-4.74
34	2.05
35	-8.21
36	4.38
37	1.37
38	-6.92
39	6.69
40	-0.63
41	-6.39
42	3.52
43	3.27
44	-0.39
45	0.20
46	-1.42
47	-6.69
48	-4.71
49	6.12
50	4.24
51	6.87
52	-2.77
53	-0.53
54	-1.26
55	8.81
56	-0.03
57	-9.63
58	1.58
59	9.90
60	3.02
61	-7.36
62	5.47
63	4.40
64	-4.87
65	-1.44
66	3.71
67	-11.64
68	-3.93
69	2.05
70	-5.79
71	-3.30
72	-1.54
73	-8.63
74	3.26
75	-6.23
76	1.16
77	0.71
78	5.16
79	-3.39
80	9.46
81	2.03
82	-6.52
83	-11.49
84	2.83
85	1.87
86	0.10
87	-6.34
88	-3.84
89	-5.55
90	1.51
91	-8.20
92	0.30
93	-0.05
94	-5.09
95	2.42
96	7.74
97	-2.93
98	-4.06
99	-0.08
100	3.12
101	-6.85
