1	170.71
2	176.04
3	176.12
4	164.85
5	174.32
6	174.07
7	170.72
8	183.15
9	173.37
10	180.66
11	165.54
12	173.37
13	180.74
14	175.59
15	169.59
16	184.62
17	184.26
18	165.37
19	177.69
20	166.29
21	176.89
22	173.74
23	189.43
24	171.50
25	168.86
26	176.78
27	178.12
28	171.92
29	167.15
30	172.53
31	173.18
32	183.81
33	175.48
34	180.76
35	169.84
36	176.86
37	171.02
38	179.77
39	181.73
40	167.94
41	167.37
42	181.32
43	170.76
44	166.77
45	176.25
46	163.55
47	168.29
48	174.73
49	173.26
50	171.49
51	181.91
52	184.38
53	167.70
54	185.08
55	173.55
56	168.38
57	160.81
58	167.51
59	184.51
60	175.16
61	190.04
62	177.41
63	174.26
64	168.90
65	175.86
66	174.90
67	168.86
68	172.16
69	182.67
70	160.94
71	169.49
72	179.69
73	175.67
74	171.59
75	172.10
76	171.93
77	161.13
78	170.60
79	170.36
80	162.54
81	175.05
82	161.20
83	180.55
84	168.30
85	173.82
86	176.73
87	170.01
88	173.09
89	168.14
90	175.42
91	174.86
92	169.89
93	174.60
94	185.75
95	181.51
96	168.09
97	174.41
98	180.38
99	177.11
100	167.01
101	186.58
