1	211.43
2	206.65
3	183.62
4	198.17
5	200.99
6	203.76
7	193.29
8	187.77
9	191.23
10	184.38
11	206.83
12	208.94
13	207.49
14	201.92
15	193.54
16	186.22
17	190.1
18	186.79
19	193.47
20	196.61
21	181.53
22	186.07
23	193.06
24	208.91
25	207.61
26	207.1
27	199.27
28	177.45
29	195.26
30	216.9
31	179.87
32	166.28
33	191.5
34	204.02
35	205.93
36	195.33
37	190.34
38	196.98
39	201.41
40	195.77
41	203.02
42	200.69
43	199.79
44	185.96
45	185.4
46	201.02
47	194.13
48	208.09
49	184.15
50	201.5
51	183.4
52	188.37
53	213.09
54	188.37
55	184.65
56	220.3
57	198.76
58	199.34
59	221.76
60	197.65
61	220.76
62	189.67
63	213.61
64	214.76
65	199.13
66	191.51
67	171.19
68	203.43
69	184.49
70	187.53
71	180.55
72	199.08
73	219.01
74	194.65
75	179.10
76	195.96
77	195.42
78	180.73
79	196.01
80	201.69
81	189.79
82	188.83
83	171.22
84	198.99
85	197.88
86	193.68
87	203.64
88	187.04
89	201.09
90	178.64
91	197.94
92	181.8
93	206.13
94	197.3
95	183.25
96	189.72
97	214.06
98	183.28
99	214.06
100	205.69
101	181.34
