1	57.90
2	52.11
3	57.10
4	57.73
5	54.86
6	49.74
7	56.47
8	53.87
9	56.11
10	54.71
11	54.88
12	49.21
13	49.87
14	57.54
15	59.86
16	51.26
17	48.35
18	60.80
19	50.67
20	54.21
21	48.32
22	52.96
23	52.06
24	52.44
25	51.15
26	47.45
27	51.31
28	57.72
29	56.46
30	51.29
31	57.02
32	55.29
33	56.17
34	49.56
35	55.91
36	52.55
37	53.52
38	50.43
39	50.49
40	55.43
41	51.91
42	48.17
43	51.50
44	57.18
45	54.14
46	57.61
47	54.18
48	50.55
49	52.50
50	50.00
51	47.86
52	48.26
53	49.34
54	40.73
55	54.49
56	47.22
57	62.57
58	54.63
59	45.93
60	56.76
61	40.94
62	48.92
63	51.50
64	54.37
65	55.00
66	58.96
67	54.40
68	58.68
69	52.58
70	57.92
71	57.33
72	52.69
73	52.99
74	55.02
75	53.85
76	51.14
77	62.35
78	52.66
79	56.57
80	57.62
81	56.49
82	61.04
83	50.21
84	61.32
85	55.87
86	53.31
87	55.54
88	51.94
89	58.41
90	55.82
91	51.70
92	59.84
93	56.38
94	47.96
95	49.64
96	56.36
97	55.79
98	52.59
99	51.25
100	59.98
101	49.85
