1	153.42
2	176.78
3	162.79
4	171.10
5	159.47
6	186.12
7	178.39
8	180.26
9	178.33
10	178.25
11	169.74
12	182.81
13	173.12
14	172.38
15	161.55
16	166.25
17	178.74
18	164.79
19	165.36
20	164.93
21	178.46
22	173.21
23	176.06
24	175.99
25	180.77
26	164.22
27	184.89
28	173.03
29	167.89
30	169.12
31	168.88
32	168.08
33	161.28
34	178.87
35	161.93
36	167.81
37	164.98
38	176.91
39	172.57
40	171.98
41	192.34
42	174.23
43	173.60
44	165.71
45	177.57
46	169.82
47	178.22
48	165.82
49	175.14
50	158.90
51	152.92
