1 -0.14
2 -0.14
3 -2.19
4 -2.19
5 -2.67
6 -2.67
7 -1.07
8 -1.07
9 -0.91
10 -0.91
11 -3.49
12 -3.49
13 -1.97
14 -1.97
15 -3.57
16 -3.57
17 -3.51
18 -3.51
19 1.59
20 1.59
21 -1.97
22 -1.97
23 -2.17
24 -2.17
25 0.90
26 0.90
27 -0.48
28 -0.48
29 0.24
30 0.24
31 -0.87
32 -0.87
33 -0.85
34 -0.85
35 -1.21
36 -1.21
37 -2.61
38 -2.61
39 1.01
40 1.01
41 -1.76
42 -1.76
43 0.76
44 0.76
45 -0.36
46 -0.36
47 -0.87
48 -0.87
49 -0.11
50 -0.11
51 -2.67
52 -2.67
53 -1.64
54 -1.64
55 -1.12
56 -1.12
57 -5.82
58 -5.82
59 0.09
60 0.09
61 1.06
62 1.06
63 -5.23
64 -5.23
65 2.10
66 2.10
67 1.89
68 1.89
69 1.12
70 1.12
71 -1.21
72 -1.21
73 -5.26
74 -5.26
75 -0.40
76 -0.40
77 -1.56
78 -1.56
79 -3.10
80 -3.10
81 1.71
82 1.71
83 -2.30
84 -2.30
85 -3.59
86 -3.59
87 0.73
88 0.73
89 -2.15
90 -2.15
91 -3.12
92 -3.12
93 -5.58
94 -5.58
95 -3.82
96 -3.82
97 -2.49
98 -2.49
99 -2.42
100 -2.42
101 -4.53
102 -4.53
