1	0.52
2	1.40
3	25.67
4	43.98
5	1.75
6	-9.25
7	-11.75
8	-18.76
9	16.85
10	-4.16
11	-24.94
12	35.40
13	23.65
14	23.10
15	9.44
16	25.36
17	6.36
18	5.70
19	-36.30
20	-24.76
21	14.29
22	11.56
23	-2.38
24	15.53
25	-46.64
26	7.13
27	-8.11
28	2.60
29	2.65
30	12.64
31	9.73
32	-12.45
33	-16.44
34	18.00
35	9.61
36	-5.11
37	13.93
38	-0.19
39	10.16
40	-5.31
41	-25.44
42	9.37
43	13.43
44	8.21
45	-2.89
46	2.42
47	22.21
48	-5.57
49	-21.84
50	0.96
51	5.34
52	-32.26
53	-10.18
54	-39.98
55	-28.18
56	17.50
57	-11.30
58	-0.56
59	28.41
60	19.82
61	15.79
62	-28.28
63	-28.92
64	-19.11
65	-31.06
66	-12.87
67	10.08
68	8.62
69	25.79
70	-23.60
71	-28.14
72	6.82
73	-16.28
74	-7.15
75	12.85
76	39.86
77	13.85
78	13.69
79	8.68
80	1.85
81	34.20
82	-9.09
83	-27.56
84	10.48
85	16.22
86	24.27
87	-7.14
88	6.28
89	1.39
90	-25.41
91	2.18
92	20.20
93	-15.50
94	-12.57
95	-5.43
96	15.82
97	-10.37
98	-16.08
99	10.49
100	-9.04
101	36.68
