1	-0.31
2	-0.67
3	-0.62
4	-0.39
5	-1.17
6	-0.52
7	0.10
8	-0.75
9	-1.13
10	-0.83
11	-0.68
12	-0.64
13	-0.58
14	-0.87
15	-0.95
16	-0.84
17	-0.46
18	-0.77
19	-0.50
20	0.01
21	-0.53
22	-1.01
23	-1.06
24	-0.76
25	-0.27
26	-1.36
27	-0.66
28	-0.68
29	-0.67
30	-0.61
31	-0.87
32	-1.12
33	-0.73
34	-0.45
35	-0.82
36	-0.73
37	-0.55
38	-0.90
39	-0.68
40	-0.79
41	-0.47
42	-1.01
43	-0.86
44	-0.74
45	-0.49
46	-0.68
47	-1.06
48	-0.94
49	-0.81
50	-0.73
51	-0.82
52	-0.69
53	-1.65
54	0.11
55	-0.83
56	-0.96
57	-0.63
58	-1.12
59	-0.72
60	-0.65
61	-0.56
62	-0.72
63	-0.83
64	-1.00
65	-0.76
66	-0.72
67	-0.42
68	-0.81
69	-0.80
70	-0.31
71	-0.80
72	-1.00
73	-0.74
74	-1.33
75	-0.98
76	-0.95
77	-0.76
78	-0.53
79	-0.62
80	-1.21
81	-0.91
82	-0.69
83	-0.66
84	-0.81
85	-1.32
86	-0.80
87	-0.29
88	-0.70
89	-0.73
90	-0.44
91	-0.46
92	-0.78
93	-0.85
94	-1.08
95	-0.28
96	-0.83
97	-1.02
98	-0.58
99	-0.49
100	-0.25
101	-0.60
