2	CG   1.04   0.60
3	TA   0.17   0.50
4	CG   0.36   0.70
5	TA  -0.43   0.50
6	CG   0.20   0.50
7	TA   0.52   0.60
8	CG   0.83   0.50
9	TA   0.24   0.40
10	CG   0.35   0.50
11	TA  -0.14   0.40
12	CG   0.16   0.40
13	TA  -0.13   0.30
14	CG   0.32   0.50
15	TA  -0.29   0.50
16	CG   0.42   0.50
17	TA   0.10   0.50
18	TA   0.08   0.40
19	AT   0.03   0.50
20	AT  -0.02   0.40
21	AT   0.12   0.40
22	GC   0.34   0.40
23	GC   0.32   0.50
24	TA  -0.45   0.50
25	AT   0.46   0.50
26	TA  -0.77   0.40
27	AT   0.03   0.50
28	CG  -0.38   0.30
29	AT  -0.40   0.60
30	AT   0.37   0.60
31	GC   0.41   0.90
32	AT   0.55   0.60
33	AT  -0.17   0.40
34	AT  -0.00   0.50
35	GC   0.17   0.50
36	TA  -0.03   0.50
37	TA  -0.20   0.50
38	TA  -0.10   0.40
39	GC  -0.17   0.30
40	TA  -0.84   0.40
41	TA  -0.06   0.60
42	GC   0.06   0.50
43	GC   0.20   0.30
44	TA  -0.19   0.40
45	CG   0.41   0.30
46	TA  -0.04   0.30
47	TA   0.00   0.60
48	TA  -0.01   0.50
49	TA  -0.02   0.60
50	TA   0.10   0.80
51	AT   0.69   0.60
52	CG   0.55   0.60
53	CG   0.60   0.40
54	TA   0.32   0.50
55	TA   0.26   0.40
56	CG   0.24   0.60
57	CG  -0.18   0.50
58	CG  -0.15   0.50
59	GC   0.34   0.40
60	TA  -0.24   0.60
61	TA   0.02   0.40
62	TA  -0.36   0.50
63	CG  -0.02   0.60
64	GC   0.05   0.30
65	CG   0.00   0.40
66	TA  -0.06   0.50
67	CG   0.58   0.50
68	CG   0.25   0.30
69	AT  -0.08   0.40
70	AT   0.20   0.60
71	GC   0.42   0.40
72	TA   0.11   0.60
73	TA   0.30   0.50
74	AT   0.75   0.50
75	GC   0.13   0.50
76	TA  -0.51   0.60
77	AT   0.48   0.50
78	TA  -0.30   0.50
79	AT  -0.13   0.40
80	AT   0.10   0.30
81	AT   0.26   0.60
82	AT   0.33   0.40
83	AT   0.32   0.40
84	AT   0.17   0.50
85	GC   0.02   0.40
86	CG   0.23   0.40
87	TA   0.14   0.60
88	GC   0.04   0.50
89	AT   0.37   0.40
90	AT   0.14   0.60
91	CG  -0.31   0.80
92	GC   0.16   0.60
93	AT   0.56   0.40
