1	-0.21
2	-0.05
3	-0.10
4	-0.20
5	0.00
6	0.13
7	-0.15
8	-0.21
9	-0.10
10	-0.08
11	0.00
12	-0.02
13	-0.07
14	-0.23
15	0.14
16	-0.18
17	-0.13
18	-0.04
19	-0.16
20	-0.20
21	-0.31
22	-0.02
23	-0.14
24	-0.10
25	0.00
26	-0.04
27	0.25
28	-0.18
29	-0.23
30	-0.21
31	-0.15
32	0.00
33	-0.17
34	-0.39
35	-0.04
36	-0.21
37	-0.07
38	-0.08
39	-0.22
40	-0.06
41	-0.01
42	-0.09
43	0.08
44	-0.09
45	0.01
46	0.00
47	-0.06
48	-0.16
49	-0.21
50	0.14
51	-0.19
52	-0.06
53	-0.05
54	-0.14
55	0.16
56	-0.14
57	-0.09
58	-0.21
59	-0.18
60	-0.07
61	-0.18
62	-0.28
63	-0.16
64	-0.40
65	-0.07
66	0.04
67	-0.19
68	-0.04
69	-0.27
70	0.33
71	-0.20
72	-0.02
73	-0.23
74	-0.08
75	-0.13
76	-0.02
77	-0.25
78	-0.31
79	-0.30
80	-0.15
81	0.23
82	0.04
83	0.03
84	0.11
85	-0.08
86	-0.11
87	-0.07
88	0.21
89	-0.03
90	-0.17
91	-0.18
92	-0.15
93	0.27
94	-0.30
95	-0.18
96	0.07
97	-0.05
98	-0.11
99	0.21
100	-0.18
101	0.38
