1	-60.05
2	-78.78
3	-92.42
4	-100.26
5	-132.97
6	-125.05
7	-82.35
8	40.09
9	-91.17
10	-107.12
11	-101.84
12	-83.32
13	-112.88
14	-75.43
15	-90.19
16	-60.75
17	-110.73
18	-85.79
19	-80.72
20	-56.05
21	-55.81
22	-30.78
23	-113.35
24	-98.08
25	-144.37
26	-42.44
27	-139.4
28	-127.69
29	-91.46
30	-98.88
31	-66.26
32	-95.34
33	-97.03
34	-83.33
35	-120.31
36	-62.62
37	-87.88
38	-138.13
39	-89.78
40	-93.24
41	-84.58
42	-157.96
43	95.17
44	-72.33
45	-115.35
46	-82.52
47	-107.45
48	-84.59
49	-83.29
50	-90.81
51	-84.47
52	-116.63
53	-45.1
54	-70.86
55	-81.72
56	-72.47
57	-101.6
58	-83.61
59	-55.73
60	-98.68
61	-75.18
62	-102.39
63	-118.35
64	-77.98
65	-43.19
66	-108.69
67	-93.58
68	-92.59
69	-63.21
70	-119.51
71	-92.07
72	-123.26
73	-94.31
74	-117.78
75	-102.19
76	-106.11
77	-84.05
78	-139.3
79	-21.45
80	-95.81
81	-124.02
82	-110.7
83	-118.85
84	-60.78
85	-122.13
86	-101.27
87	-102.58
88	-156.23
89	-61.11
90	-76.51
91	-52.21
92	-126.95
93	-128.41
94	-92.5
95	-80.01
96	-96.98
97	-107.22
98	-136.29
99	-98.51
100	-93.58
101	-140.45
