1	155.41
2	145.79
3	167.53
4	154.82
5	158.36
6	131.55
7	160.75
8	139.58
9	158.08
10	147.75
11	156.70
12	158.98
13	167.18
14	153.23
15	149.00
16	164.69
17	161.68
18	160.96
19	167.62
20	148.79
21	173.38
22	154.62
23	166.85
24	146.71
25	149.36
26	151.25
27	156.67
28	151.12
29	168.97
30	151.14
31	142.32
32	174.89
33	155.49
34	150.88
35	142.88
36	166.65
37	154.21
38	162.67
39	143.36
40	150.78
41	152.98
42	151.91
43	147.77
44	157.49
45	150.28
46	152.56
47	155.03
48	153.27
49	146.63
50	162.10
51	172.08
52	170.33
53	155.60
54	155.33
55	163.01
56	146.59
57	140.61
58	157.41
59	148.41
60	146.90
61	137.53
62	155.68
63	145.90
64	157.57
65	141.09
66	173.46
67	150.11
68	136.94
69	157.41
70	145.06
71	162.17
72	155.06
73	140.40
74	164.93
75	140.24
76	155.14
77	144.42
78	159.19
79	160.54
80	159.30
81	141.29
82	160.18
83	190.23
84	148.44
85	151.54
86	154.61
87	160.98
88	156.65
89	150.63
90	163.79
91	145.11
92	161.24
93	158.52
94	159.04
95	144.82
96	159.98
97	138.55
98	163.31
99	163.53
100	145.68
101	156.70
