1	-84.6
2	-46.29
3	-60.66
4	-93.8
5	-76.52
6	-56.22
7	-63.57
8	-86.96
9	-52.3
10	-120.58
11	-34.48
12	-65.6
13	-72
14	-87.78
15	-166.15
16	-75.29
17	-67.42
18	-43.89
19	-113.26
20	-81.24
21	-104.46
22	-68.79
23	-108.35
24	-94.18
25	-116.06
26	-112.09
27	-91.38
28	-21.31
29	-163.66
30	-124.28
31	-101.68
32	-56.93
33	-96.31
34	-129.57
35	-121.55
36	-64.3
37	-105.5
38	-70.87
39	-86.32
40	-114.59
41	-56.9
42	-79.84
43	-48.76
44	-108.18
45	-65.14
46	-120.36
47	-131.67
48	-119.28
49	-67.95
50	-79.77
51	-61.84
