1	153.63
2	130.85
3	143.52
4	153.37
5	147.48
6	140.51
7	147.59
8	137.88
9	122.53
10	150.72
11	129.55
12	119.94
13	125.24
14	117.46
15	141.39
16	153.19
17	122.25
18	140.01
19	143.09
20	158.72
21	123.66
22	143.11
23	165.88
24	155.87
25	168.25
26	148.27
27	160.53
28	147.77
29	164.24
30	162.07
31	157.73
32	138.74
33	126.40
34	166.91
35	152.70
36	147.73
37	155.24
38	138.44
39	137.63
40	151.47
41	152.81
42	164.80
43	126.78
44	148.99
45	139.38
46	150.75
47	142.33
48	157.59
49	149.29
50	146.73
51	153.74
