1 -0.64
2 -0.64
3 -1.09
4 -1.09
5 -0.34
6 -0.34
7 -0.70
8 -0.70
9 -1.50
10 -1.50
11 -0.71
12 -0.71
13 -1.01
14 -1.01
15 -0.69
16 -0.69
17 -0.33
18 -0.33
19 -1.10
20 -1.10
21 -1.28
22 -1.28
23 -1.56
24 -1.56
25 -0.83
26 -0.83
27 -0.07
28 -0.07
29 -1.26
30 -1.26
31 -1.46
32 -1.46
33 -0.21
34 -0.21
35 -0.68
36 -0.68
37 -1.53
38 -1.53
39 -1.55
40 -1.55
41 -0.73
42 -0.73
43 -0.87
44 -0.87
45 -0.62
46 -0.62
47 -1.40
48 -1.40
49 -0.72
50 -0.72
51 -0.94
52 -0.94
53 -1.06
54 -1.06
55 -1.19
56 -1.19
57 -0.38
58 -0.38
59 -0.85
60 -0.85
61 -0.86
62 -0.86
63 -1.23
64 -1.23
65 -1.04
66 -1.04
67 -0.72
68 -0.72
69 -0.80
70 -0.80
71 -0.51
72 -0.51
73 -0.98
74 -0.98
75 -0.98
76 -0.98
77 -1.08
78 -1.08
79 -1.40
80 -1.40
81 -0.71
82 -0.71
83 -0.37
84 -0.37
85 -0.94
86 -0.94
87 -0.80
88 -0.80
89 -0.79
90 -0.79
91 -0.78
92 -0.78
93 -0.74
94 -0.74
95 -0.74
96 -0.74
97 -0.59
98 -0.59
99 -0.87
100 -0.87
101 -1.13
102 -1.13
103 -0.43
104 -0.43
105 -0.96
106 -0.96
107 -0.59
108 -0.59
109 -0.43
110 -0.43
111 -0.87
112 -0.87
113 -0.96
114 -0.96
115 -1.21
116 -1.21
117 -0.64
118 -0.64
119 -1.70
120 -1.70
121 -0.74
122 -0.74
123 -0.98
124 -0.98
125 -0.75
126 -0.75
127 -0.96
128 -0.96
129 -0.89
130 -0.89
131 -0.70
132 -0.70
133 -0.34
134 -0.34
135 -0.50
136 -0.50
137 -1.21
138 -1.21
139 -0.87
140 -0.87
141 -1.18
142 -1.18
143 -0.58
144 -0.58
145 -1.00
146 -1.00
147 -0.65
148 -0.65
149 -0.35
150 -0.35
151 -0.94
152 -0.94
153 -0.64
154 -0.64
155 -1.10
156 -1.10
157 -1.08
158 -1.08
159 -1.10
160 -1.10
161 -1.07
162 -1.07
163 -0.77
164 -0.77
165 -0.63
166 -0.63
167 -1.36
168 -1.36
169 -0.64
170 -0.64
171 -1.49
172 -1.49
173 -0.90
174 -0.90
175 -0.80
176 -0.80
177 -0.48
178 -0.48
179 -1.07
180 -1.07
181 -0.78
182 -0.78
183 -0.87
184 -0.87
185 -0.62
186 -0.62
187 -1.63
188 -1.63
189 -1.32
190 -1.32
191 -0.38
192 -0.38
193 -0.76
194 -0.76
195 -0.87
196 -0.87
197 -1.14
198 -1.14
199 -0.58
200 -0.58
201 -0.87
202 -0.87
