1	165.82
2	177.74
3	153.00
4	161.63
5	155.12
6	183.98
7	169.94
8	170.60
9	150.83
10	175.57
11	168.95
12	105.87
13	151.64
14	152.92
15	186.48
16	146.72
17	175.13
18	156.70
19	159.90
20	171.23
21	156.02
22	160.44
23	156.55
24	155.93
25	169.74
26	163.36
27	178.93
28	155.51
29	184.25
30	161.88
31	144.44
32	142.72
33	183.61
34	177.86
35	181.5
36	155.56
37	166.05
38	189.48
39	178.51
40	178.68
41	156.87
42	155.13
43	169.69
44	155.07
45	161.39
46	176.31
47	159.43
48	153.06
49	172.18
50	150.64
51	151.89
52	188.26
53	150.60
54	146.74
55	158.27
56	168.24
57	154.25
58	173.60
59	149.28
60	181.81
61	156.66
62	188.19
63	177.36
64	169.31
65	184.64
66	153.25
67	150.15
68	141.53
69	146.74
70	166.13
71	192.27
72	166.48
73	153.70
74	169.24
75	163.62
76	165.70
77	184.12
78	149.06
79	181.8
80	169.23
81	175.61
82	182.3
83	148.06
84	173.11
85	187.31
86	158.69
87	186.43
88	154.18
89	156.60
90	113.38
91	158.39
92	162.03
93	161.51
94	164.17
95	158.63
96	154.54
97	168.57
98	179.99
99	172.21
100	178.26
101	166.13
