1	3.66
2	3.70
3	4.48
4	3.82
5	3.32
6	2.39
7	3.14
8	3.13
9	3.85
10	3.82
11	3.00
12	3.49
13	4.47
14	3.32
15	2.93
16	3.65
17	3.35
18	2.73
19	3.33
20	3.06
21	3.40
22	3.48
23	3.03
24	3.12
25	3.24
26	3.40
27	3.62
28	3.18
29	3.19
30	2.90
31	3.13
32	3.77
33	3.22
34	3.81
35	4.28
36	3.24
37	3.29
38	3.50
39	3.67
40	3.60
41	3.77
42	3.48
43	4.08
44	3.83
45	3.22
46	3.51
47	3.09
48	2.87
49	3.67
50	3.30
51	4.15
52	3.34
53	3.35
54	3.79
55	3.43
56	3.82
57	3.27
58	2.79
59	3.34
60	3.13
61	4.06
62	2.82
63	4.37
64	3.66
65	3.30
66	3.82
67	3.42
68	3.07
69	3.18
70	2.91
71	3.83
72	3.85
73	3.43
74	3.62
75	3.82
76	2.67
77	4.09
78	3.96
79	3.01
80	3.69
81	3.93
82	2.85
83	2.55
84	3.19
85	3.05
86	3.35
87	3.71
88	3.72
89	3.67
90	2.95
91	2.56
92	2.89
93	3.33
94	3.73
95	3.30
96	3.64
97	3.36
98	2.51
99	3.05
100	3.56
101	3.61
