1	-0.55
2	-1.23
3	-1.20
4	-1.05
5	-1.16
6	-1.09
7	-1.39
8	-1.67
9	-1.02
10	-1.08
11	-1.40
12	-1.33
13	-0.58
14	-1.57
15	-0.86
16	-0.92
17	-1.20
18	-1.49
19	-1.03
20	-1.27
21	-1.05
22	-1.40
23	-1.59
24	-0.49
25	-0.94
26	-0.97
27	-1.45
28	-0.88
29	-1.00
30	-0.88
31	-1.49
32	-1.21
33	-1.12
34	-1.31
35	-1.02
36	-1.21
37	-0.80
38	-0.98
39	-1.23
40	-1.28
41	-1.05
42	-1.05
43	-1.03
44	-0.87
45	-1.19
46	-1.12
47	-0.95
48	-1.00
49	-1.63
50	-1.27
51	-1.30
52	-0.93
53	-1.10
54	-1.21
55	-1.22
56	-0.94
57	-1.14
58	-0.98
59	-1.18
60	-1.17
61	-1.41
62	-1.12
63	-0.63
64	-1.18
65	-0.91
66	-0.58
67	-0.70
68	-0.88
69	-0.84
70	-0.94
71	-1.54
72	-1.09
73	-0.94
74	-0.85
75	-0.91
76	-1.28
77	-1.37
78	-1.22
79	-0.87
80	-1.14
81	-1.14
82	-1.08
83	-1.50
84	-1.23
85	-1.05
86	-0.84
87	-0.85
88	-1.12
89	-0.98
90	-1.19
91	-1.08
92	-0.98
93	-1.33
94	-1.15
95	-0.96
96	-1.00
97	-0.64
98	-1.65
99	-0.53
100	-1.25
101	-0.75
