1	-31.03
2	-79.98
3	-84.29
4	-78.77
5	-45.74
6	8.56999999999999
7	-91.41
8	-108.01
9	-70.2
10	-89.87
11	-119.96
12	-145.22
13	-87.2
14	11.68
15	-93.98
16	-92.46
17	-99.82
18	-47.68
19	-114.08
20	-61.99
21	-88.05
22	-118.7
23	-72
24	-97.19
25	-96.3
26	-65.43
27	-155.95
28	-72.11
29	-118.31
30	-100.01
31	-62.67
32	-127.51
33	-98.74
34	-71.48
35	-61.98
36	-70.48
37	-104.93
38	-105.13
39	-82.72
40	-103.34
41	-93.79
42	-96.2
43	-47.45
44	-27.17
45	-124.93
46	-24.59
47	-131.43
48	-118.09
49	-62.11
50	-139.22
51	-98.18
