1	156.90
2	162.92
3	164.56
4	157.79
5	160.12
6	158.97
7	129.99
8	170.60
9	165.37
10	149.49
11	145.63
12	148.41
13	175.21
14	145.63
15	141.04
16	168.07
17	147.88
18	160.26
19	161.95
20	158.51
21	151.11
22	159.26
23	173.30
24	162.76
25	180.87
26	145.75
27	160.71
28	146.19
29	162.00
30	159.53
31	159.96
32	138.79
33	142.71
34	148.46
35	172.58
36	158.68
37	184.21
38	149.22
39	169.38
40	162.82
41	169.64
42	158.13
43	140.76
44	153.83
45	145.87
46	152.63
47	155.08
48	144.81
49	145.57
50	174.84
51	136.92
