1	-0.13
2	-0.22
3	0.26
4	0.03
5	0.05
6	-0.05
7	-0.55
8	0.06
9	-0.41
10	-0.26
11	-0.02
12	-0.45
13	-0.92
14	-0.33
15	-0.76
16	-0.41
17	-0.48
18	-0.44
19	-0.35
20	0.00
21	-1.04
22	-0.34
23	-0.28
24	-0.52
25	0.11
26	-0.33
27	-0.15
28	-0.24
29	-0.39
30	-0.04
31	-0.25
32	-0.14
33	-0.59
34	0.02
35	-0.43
36	-0.68
37	-0.41
38	-0.59
39	-0.12
40	-0.49
41	-0.75
42	-0.43
43	-0.14
44	-0.69
45	-0.53
46	-0.38
47	-0.47
48	-0.16
49	-0.48
50	-0.29
51	-0.74
52	-0.40
53	-0.66
54	-0.39
55	-0.03
56	-0.61
57	-0.50
58	-0.88
59	-0.28
60	0.10
61	-0.66
62	-0.52
63	-0.11
64	-0.17
65	-0.77
66	0.07
67	-0.11
68	0.05
69	-0.28
70	-0.60
71	0.04
72	-0.57
73	-0.65
74	-0.51
75	-0.02
76	-0.36
77	-0.41
78	-0.58
79	-0.11
80	-0.16
81	0.15
82	-0.22
83	-0.41
84	-0.28
85	-0.36
86	-0.53
87	-0.10
88	0.08
89	-0.42
90	-0.30
91	0.05
92	-0.09
93	-0.86
94	-0.24
95	-0.26
96	-0.15
97	-0.02
98	0.05
99	-0.28
100	-0.43
101	-0.43
