1	2.43
2	1.90
3	8.96
4	-2.53
5	2.35
6	-2.14
7	-6.82
8	-7.68
9	1.61
10	3.11
11	3.76
12	0.60
13	6.56
14	-1.46
15	7.49
16	6.47
17	-4.57
18	-0.14
19	5.24
20	-9.90
21	-4.99
22	-5.65
23	2.62
24	-0.68
25	-0.43
26	0.68
27	-0.88
28	-2.24
29	-1.26
30	0.21
31	0.62
32	4.74
33	4.32
34	-0.59
35	0.71
36	3.64
37	-2.77
38	0.39
39	-2.86
40	-2.77
41	-2.87
42	4.68
43	-2.93
44	-0.74
45	-3.14
46	1.29
47	-2.54
48	0.27
49	-4.05
50	-5.24
51	0.75
52	-2.48
53	-7.32
54	-3.94
55	4.34
56	-4.71
57	-4.17
58	1.11
59	0.52
60	-0.47
61	-6.32
62	-4.20
63	1.04
64	2.12
65	-1.35
66	3.78
67	2.85
68	-8.04
69	3.47
70	2.75
71	-2.02
72	9.30
73	-0.02
74	1.15
75	-0.98
76	-5.25
77	-3.94
78	3.12
79	-4.11
80	-0.87
81	-0.36
82	4.04
83	6.08
84	0.25
85	2.60
86	-2.05
87	3.84
88	-10.04
89	-0.17
90	-1.92
91	-7.32
92	5.29
93	1.24
94	3.17
95	4.90
96	-2.26
97	-0.83
98	-9.51
99	3.26
100	-0.04
101	2.33
