1	1.37
2	4.11
3	3.84
4	3.20
5	5.33
6	0.01
7	12.08
8	10.46
9	7.71
10	6.05
11	1.92
12	6.21
13	1.35
14	7.82
15	2.56
16	0.56
17	8.45
18	4.28
19	-4.49
20	9.13
21	9.62
22	12.37
23	-0.73
24	5.63
25	3.87
26	0.00
27	3.52
28	0.56
29	12.16
30	4.34
31	13.56
32	13.13
33	4.05
34	0.24
35	2.77
36	-0.07
37	2.30
38	-2.89
39	2.93
40	8.26
41	4.51
42	1.80
43	9.69
44	6.33
45	10.48
46	3.86
47	4.89
48	1.85
49	10.63
50	2.26
51	4.20
52	5.31
53	2.43
54	8.64
55	13.79
56	0.97
57	0.09
58	0.69
59	1.33
60	7.73
61	4.16
62	4.30
63	-1.89
64	2.31
65	1.82
66	-6.83
67	9.25
68	0.77
69	2.93
70	3.01
71	11.68
72	13.39
73	-1.23
74	-0.79
75	10.01
76	2.70
77	6.77
78	12.47
79	6.98
80	7.64
81	8.01
82	-0.84
83	5.00
84	8.00
85	10.03
86	7.32
87	3.25
88	15.44
89	4.82
90	11.67
91	3.07
92	8.44
93	6.70
94	1.29
95	-2.21
96	8.74
97	3.75
98	9.89
99	-0.13
100	2.47
101	7.44
