1	-0.26
2	-0.20
3	-0.01
4	-0.30
5	-0.24
6	-0.06
7	0.03
8	0.10
9	-0.31
10	-0.23
11	-0.24
12	-0.18
13	-0.40
14	-0.15
15	-0.20
16	-0.30
17	-0.34
18	-0.29
19	-0.33
20	-0.18
21	0.12
22	-0.35
23	-0.17
24	-0.12
25	-0.29
26	-0.25
27	-0.26
28	-0.19
29	0.06
30	-0.10
31	0.01
32	0.01
33	0.02
34	-0.21
35	-0.25
36	-0.14
37	-0.06
38	-0.45
39	-0.13
40	-0.24
41	-0.09
42	-0.10
43	-0.19
44	-0.19
45	0.10
46	-0.35
47	-0.22
48	-0.39
49	-0.14
50	-0.42
51	-0.15
52	-0.32
53	-0.32
54	0.05
55	-0.14
56	-0.19
57	-0.07
58	-0.25
59	-0.33
60	-0.16
61	-0.09
62	-0.10
63	-0.28
64	-0.25
65	-0.09
66	-0.36
67	-0.23
68	-0.41
69	-0.20
70	-0.26
71	0.08
72	-0.03
73	-0.42
74	-0.31
75	-0.23
76	-0.32
77	-0.22
78	-0.08
79	-0.11
80	0.03
81	0.07
82	-0.16
83	-0.26
84	0.09
85	-0.08
86	-0.15
87	-0.45
88	-0.19
89	-0.15
90	-0.12
91	-0.18
92	-0.15
93	0.12
94	-0.28
95	-0.18
96	-0.23
97	-0.13
98	-0.02
99	-0.21
100	-0.09
101	0.05
