1	-32.23
2	-57.01
3	-64.59
4	-88.32
5	-86.14
6	-87.82
7	-1.15000000000001
8	-77.22
9	-89.74
10	-102.78
11	-88.37
12	-103.49
13	-94.25
14	-78.04
15	-69.21
16	-41.94
17	-102.74
18	-96.53
19	-89.78
20	-54.15
21	-43.98
22	15.36
23	-109.19
24	-69.43
25	-78.15
26	-68.08
27	-57.64
28	-91.27
29	-111.48
30	-80.49
31	-89.61
32	-96.36
33	-85.17
34	-46.77
35	-67.74
36	12.95
37	-110.92
38	-59.98
39	-102.13
40	-66.52
41	2.68000000000001
42	-19.23
43	-78.48
44	-35.07
45	-91.83
46	-48.73
47	-7.38
48	-119.91
49	-102.01
50	20.78
51	-54.51
