1	32.94
2	32.92
3	20.69
4	38.26
5	29.33
6	40.95
7	29.86
8	32.39
9	30.93
10	22.06
11	32.22
12	24.87
13	32.38
14	29.02
15	33.40
16	30.59
17	26.47
18	35.66
19	36.95
20	27.45
21	25.02
22	30.72
23	31.23
24	29.21
25	35.87
26	31.94
27	28.24
28	20.17
29	24.87
30	32.84
31	35.49
32	26.16
33	29.77
34	23.01
35	24.53
36	28.12
37	24.26
38	33.54
39	31.62
40	27.43
41	34.24
42	33.15
43	26.61
44	34.81
45	31.55
46	29.27
47	29.55
48	34.46
49	34.78
50	33.15
51	28.51
52	33.78
53	32.67
54	30.16
55	30.87
56	33.05
57	34.33
58	31.23
59	26.68
60	25.16
61	32.33
62	29.41
63	42.28
64	27.56
65	27.83
66	32.68
67	26.42
68	31.85
69	35.47
70	33.40
71	31.12
72	28.44
73	36.04
74	28.43
75	36.63
76	31.34
77	32.01
78	28.23
79	34.54
80	30.32
81	31.92
82	30.28
83	32.88
84	31.36
85	38.47
86	35.73
87	31.39
88	28.80
89	32.43
90	35.44
91	29.85
92	33.64
93	30.99
94	28.34
95	28.12
96	29.74
97	33.71
98	28.68
99	32.27
100	31.63
101	31.21
