1	-48.82
2	-104.12
3	-55.56
4	-81.78
5	-53.24
6	-57.01
7	-51.86
8	-7.76999999999998
9	-61.55
10	-86.18
11	-85.44
12	-81.75
13	-110.73
14	-108.36
15	-55.26
16	-70.55
17	-72.16
18	-80.21
19	-80.22
20	-56.08
21	-41.71
22	-64.62
23	-22.07
24	-57.5
25	-65.97
26	-70.48
27	-70.28
28	-98.04
29	-59.23
30	-90.4
31	-3.86000000000001
32	-39.87
33	-3.08000000000001
34	-49.64
35	-63.19
36	-97.76
37	-69.88
38	-37.69
39	-57
40	-59.35
41	-65.32
42	-48.75
43	-52.25
44	-100.39
45	-79.52
46	-69.99
47	-46.77
48	-71.09
49	-84.48
50	-54.75
51	-88.7
