1 1.70
2 1.70
3 -11.05
4 -11.05
5 -20.80
6 -20.80
7 13.39
8 13.39
9 13.14
10 13.14
11 -23.76
12 -23.76
13 -13.59
14 -13.59
15 12.72
16 12.72
17 -6.78
18 -6.78
19 -2.12
20 -2.12
21 -25.77
22 -25.77
23 3.00
24 3.00
25 -0.98
26 -0.98
27 -8.29
28 -8.29
29 -16.74
30 -16.74
31 10.27
32 10.27
33 -5.31
34 -5.31
35 -15.61
36 -15.61
37 4.33
38 4.33
39 -24.34
40 -24.34
41 -0.25
42 -0.25
43 -11.69
44 -11.69
45 20.36
46 20.36
47 29.35
48 29.35
49 -9.32
50 -9.32
51 -27.70
52 -27.70
53 -10.74
54 -10.74
55 -32.22
56 -32.22
57 4.45
58 4.45
59 -7.15
60 -7.15
61 -20.07
62 -20.07
63 -5.52
64 -5.52
65 -4.50
66 -4.50
67 -12.80
68 -12.80
69 -28.48
70 -28.48
71 -1.52
72 -1.52
73 -6.67
74 -6.67
75 -13.88
76 -13.88
77 17.18
78 17.18
79 5.05
80 5.05
81 -36.40
82 -36.40
83 41.04
84 41.04
85 23.61
86 23.61
87 23.42
88 23.42
89 25.26
90 25.26
91 -23.22
92 -23.22
93 -2.56
94 -2.56
95 13.15
96 13.15
97 3.53
98 3.53
99 -1.81
100 -1.81
101 -17.81
102 -17.81
103 23.17
104 23.17
105 0.58
106 0.58
107 -5.32
108 -5.32
109 -2.54
110 -2.54
111 -13.45
112 -13.45
113 29.67
114 29.67
115 -10.25
116 -10.25
117 -13.29
118 -13.29
119 -22.84
120 -22.84
121 22.40
122 22.40
123 3.56
124 3.56
125 -7.22
126 -7.22
127 -4.87
128 -4.87
129 13.53
130 13.53
131 -15.32
132 -15.32
133 -25.32
134 -25.32
135 8.48
136 8.48
137 3.61
138 3.61
139 -20.25
140 -20.25
141 14.57
142 14.57
143 -13.48
144 -13.48
145 -6.76
146 -6.76
147 1.47
148 1.47
149 -19.98
150 -19.98
151 -2.91
152 -2.91
153 3.84
154 3.84
155 -32.84
156 -32.84
157 5.62
158 5.62
159 -0.24
160 -0.24
161 -13.35
162 -13.35
163 -26.51
164 -26.51
165 -0.83
166 -0.83
167 24.01
168 24.01
169 -2.09
170 -2.09
171 0.37
172 0.37
173 -2.62
174 -2.62
175 -1.91
176 -1.91
177 7.52
178 7.52
179 -9.50
180 -9.50
181 -15.16
182 -15.16
183 21.88
184 21.88
185 11.84
186 11.84
187 -15.22
188 -15.22
189 -0.29
190 -0.29
191 -10.31
192 -10.31
193 8.44
194 8.44
195 3.18
196 3.18
197 -1.28
198 -1.28
199 -21.34
200 -21.34
201 27.03
202 27.03
