1 -0.31
2 -0.31
3 -1.03
4 -1.03
5 -0.13
6 -0.13
7 -0.64
8 -0.64
9 -0.67
10 -0.67
11 -0.29
12 -0.29
13 -1.05
14 -1.05
15 -1.14
16 -1.14
17 -0.48
18 -0.48
19 0.02
20 0.02
21 -0.98
22 -0.98
23 -0.79
24 -0.79
25 -0.48
26 -0.48
27 -0.41
28 -0.41
29 -1.10
30 -1.10
31 -0.93
32 -0.93
33 -0.80
34 -0.80
35 -0.59
36 -0.59
37 -0.59
38 -0.59
39 -1.22
40 -1.22
41 -0.64
42 -0.64
43 -0.64
44 -0.64
45 -1.01
46 -1.01
47 -0.30
48 -0.30
49 -1.02
50 -1.02
51 -0.50
52 -0.50
53 -0.57
54 -0.57
55 -0.63
56 -0.63
57 -0.34
58 -0.34
59 -0.63
60 -0.63
61 -0.43
62 -0.43
63 -0.97
64 -0.97
65 -0.94
66 -0.94
67 -0.93
68 -0.93
69 -0.38
70 -0.38
71 -0.45
72 -0.45
73 -1.03
74 -1.03
75 -0.50
76 -0.50
77 -0.74
78 -0.74
79 -1.04
80 -1.04
81 -0.97
82 -0.97
83 -0.46
84 -0.46
85 -0.42
86 -0.42
87 -1.31
88 -1.31
89 -0.62
90 -0.62
91 -0.48
92 -0.48
93 -0.87
94 -0.87
95 -0.52
96 -0.52
97 -0.87
98 -0.87
99 -0.98
100 -0.98
101 -0.31
102 -0.31
103 -0.62
104 -0.62
105 -1.39
106 -1.39
107 -1.25
108 -1.25
109 -0.73
110 -0.73
111 -0.99
112 -0.99
113 -0.76
114 -0.76
115 -0.41
116 -0.41
117 -0.61
118 -0.61
119 -0.98
120 -0.98
121 -1.41
122 -1.41
123 -1.18
124 -1.18
125 -0.71
126 -0.71
127 -0.52
128 -0.52
129 -0.83
130 -0.83
131 -0.74
132 -0.74
133 -1.13
134 -1.13
135 -0.73
136 -0.73
137 -0.35
138 -0.35
139 -0.64
140 -0.64
141 -0.66
142 -0.66
143 -0.74
144 -0.74
145 -0.34
146 -0.34
147 -0.85
148 -0.85
149 -0.97
150 -0.97
151 -0.76
152 -0.76
153 -0.88
154 -0.88
155 -0.35
156 -0.35
157 -1.10
158 -1.10
159 -0.66
160 -0.66
161 -0.53
162 -0.53
163 -0.59
164 -0.59
165 -0.57
166 -0.57
167 -1.03
168 -1.03
169 -0.30
170 -0.30
171 -0.84
172 -0.84
173 -0.79
174 -0.79
175 -0.65
176 -0.65
177 -0.74
178 -0.74
179 -0.67
180 -0.67
181 -1.10
182 -1.10
183 -0.30
184 -0.30
185 -0.93
186 -0.93
187 -0.29
188 -0.29
189 -0.56
190 -0.56
191 -0.77
192 -0.77
193 -0.16
194 -0.16
195 -0.52
196 -0.52
197 -0.43
198 -0.43
199 -0.37
200 -0.37
201 -0.43
202 -0.43
