1 -0.42
2 -0.42
3 -0.64
4 -0.64
5 -0.55
6 -0.55
7 -0.85
8 -0.85
9 -0.44
10 -0.44
11 -0.53
12 -0.53
13 -0.88
14 -0.88
15 -1.05
16 -1.05
17 -0.14
18 -0.14
19 -0.68
20 -0.68
21 -0.84
22 -0.84
23 -0.67
24 -0.67
25 -0.71
26 -0.71
27 -0.37
28 -0.37
29 -0.61
30 -0.61
31 -0.65
32 -0.65
33 -0.26
34 -0.26
35 -0.82
36 -0.82
37 -0.31
38 -0.31
39 -0.81
40 -0.81
41 -0.73
42 -0.73
43 -0.46
44 -0.46
45 -0.63
46 -0.63
47 -0.65
48 -0.65
49 -0.38
50 -0.38
51 -0.26
52 -0.26
53 -0.13
54 -0.13
55 -0.67
56 -0.67
57 -0.84
58 -0.84
59 -1.06
60 -1.06
61 -1.13
62 -1.13
63 -1.05
64 -1.05
65 -0.74
66 -0.74
67 -1.00
68 -1.00
69 -0.29
70 -0.29
71 -1.09
72 -1.09
73 -0.93
74 -0.93
75 -0.43
76 -0.43
77 -0.81
78 -0.81
79 -0.28
80 -0.28
81 -0.41
82 -0.41
83 -0.60
84 -0.60
85 -0.50
86 -0.50
87 -0.59
88 -0.59
89 -0.84
90 -0.84
91 -1.05
92 -1.05
93 -1.01
94 -1.01
95 -0.18
96 -0.18
97 -0.54
98 -0.54
99 -0.76
100 -0.76
101 -1.01
102 -1.01
103 -0.61
104 -0.61
105 -0.39
106 -0.39
107 -0.59
108 -0.59
109 -1.02
110 -1.02
111 -0.59
112 -0.59
113 -0.79
114 -0.79
115 -0.70
116 -0.70
117 -0.66
118 -0.66
119 -0.87
120 -0.87
121 -1.19
122 -1.19
123 -0.71
124 -0.71
125 -0.35
126 -0.35
127 -0.72
128 -0.72
129 -0.88
130 -0.88
131 -0.44
132 -0.44
133 -0.38
134 -0.38
135 -0.73
136 -0.73
137 -0.69
138 -0.69
139 -0.06
140 -0.06
141 -1.07
142 -1.07
143 -0.52
144 -0.52
145 -0.80
146 -0.80
147 -0.23
148 -0.23
149 -0.90
150 -0.90
151 -0.40
152 -0.40
153 -0.86
154 -0.86
155 -0.52
156 -0.52
157 -0.51
158 -0.51
159 -0.47
160 -0.47
161 -0.99
162 -0.99
163 -1.29
164 -1.29
165 -0.77
166 -0.77
167 -0.60
168 -0.60
169 -0.43
170 -0.43
171 -0.63
172 -0.63
173 -0.52
174 -0.52
175 -0.94
176 -0.94
177 -0.49
178 -0.49
179 -0.88
180 -0.88
181 -0.99
182 -0.99
183 -0.69
184 -0.69
185 -0.46
186 -0.46
187 -0.52
188 -0.52
189 -0.76
190 -0.76
191 -0.58
192 -0.58
193 -0.91
194 -0.91
195 -0.36
196 -0.36
197 -0.69
198 -0.69
199 -0.65
200 -0.65
201 -0.45
202 -0.45
