1 0.11
2 0.11
3 0.38
4 0.38
5 -0.27
6 -0.27
7 -0.40
8 -0.40
9 -0.44
10 -0.44
11 -0.22
12 -0.22
13 0.08
14 0.08
15 0.13
16 0.13
17 0.02
18 0.02
19 -0.07
20 -0.07
21 0.10
22 0.10
23 0.00
24 0.00
25 0.11
26 0.11
27 0.62
28 0.62
29 0.24
30 0.24
31 0.16
32 0.16
33 0.21
34 0.21
35 0.03
36 0.03
37 0.16
38 0.16
39 -0.39
40 -0.39
41 0.77
42 0.77
43 -0.11
44 -0.11
45 0.21
46 0.21
47 0.48
48 0.48
49 -0.12
50 -0.12
51 -0.06
52 -0.06
53 -0.02
54 -0.02
55 0.30
56 0.30
57 0.43
58 0.43
59 -0.21
60 -0.21
61 0.18
62 0.18
63 0.35
64 0.35
65 0.26
66 0.26
67 -0.53
68 -0.53
69 0.17
70 0.17
71 0.03
72 0.03
73 0.18
74 0.18
75 0.54
76 0.54
77 0.11
78 0.11
79 0.09
80 0.09
81 0.31
82 0.31
83 -0.02
84 -0.02
85 -0.10
86 -0.10
87 0.25
88 0.25
89 -0.10
90 -0.10
91 0.44
92 0.44
93 -0.19
94 -0.19
95 -0.26
96 -0.26
97 -0.54
98 -0.54
99 -0.29
100 -0.29
101 -0.43
102 -0.43
103 0.28
104 0.28
105 -0.10
106 -0.10
107 0.15
108 0.15
109 -0.05
110 -0.05
111 -0.31
112 -0.31
113 -0.38
114 -0.38
115 0.39
116 0.39
117 0.05
118 0.05
119 0.26
120 0.26
121 0.65
122 0.65
123 0.13
124 0.13
125 0.18
126 0.18
127 -0.04
128 -0.04
129 0.16
130 0.16
131 -0.23
132 -0.23
133 0.05
134 0.05
135 0.09
136 0.09
137 0.05
138 0.05
139 -0.16
140 -0.16
141 0.02
142 0.02
143 0.16
144 0.16
145 0.11
146 0.11
147 0.35
148 0.35
149 -0.17
150 -0.17
151 -0.37
152 -0.37
153 0.16
154 0.16
155 -0.04
156 -0.04
157 0.19
158 0.19
159 0.84
160 0.84
161 0.17
162 0.17
163 -0.16
164 -0.16
165 0.13
166 0.13
167 -0.20
168 -0.20
169 0.32
170 0.32
171 -0.06
172 -0.06
173 -0.14
174 -0.14
175 0.22
176 0.22
177 0.31
178 0.31
179 -0.13
180 -0.13
181 -0.31
182 -0.31
183 -0.06
184 -0.06
185 0.24
186 0.24
187 0.15
188 0.15
189 -0.16
190 -0.16
191 -0.09
192 -0.09
193 0.21
194 0.21
195 0.07
196 0.07
197 -0.20
198 -0.20
199 -0.20
200 -0.20
201 0.30
202 0.30
