1 36.39
2 36.39
3 34.10
4 34.10
5 38.13
6 38.13
7 36.05
8 36.05
9 43.96
10 43.96
11 41.56
12 41.56
13 45.56
14 45.56
15 30.74
16 30.74
17 36.53
18 36.53
19 35.87
20 35.87
21 41.84
22 41.84
23 37.84
24 37.84
25 33.19
26 33.19
27 40.78
28 40.78
29 40.50
30 40.50
31 44.43
32 44.43
33 42.00
34 42.00
35 41.33
36 41.33
37 37.07
38 37.07
39 38.90
40 38.90
41 44.86
42 44.86
43 43.10
44 43.10
45 43.38
46 43.38
47 37.72
48 37.72
49 44.92
50 44.92
51 36.87
52 36.87
53 41.68
54 41.68
55 46.91
56 46.91
57 43.03
58 43.03
59 36.44
60 36.44
61 41.93
62 41.93
63 38.37
64 38.37
65 37.17
66 37.17
67 30.26
68 30.26
69 29.67
70 29.67
71 38.59
72 38.59
73 43.45
74 43.45
75 43.98
76 43.98
77 41.40
78 41.40
79 41.63
80 41.63
81 41.62
82 41.62
83 38.19
84 38.19
85 31.66
86 31.66
87 39.93
88 39.93
89 42.76
90 42.76
91 39.37
92 39.37
93 46.42
94 46.42
95 40.86
96 40.86
97 35.40
98 35.40
99 42.06
100 42.06
101 33.16
102 33.16
103 45.68
104 45.68
105 34.15
106 34.15
107 42.71
108 42.71
109 44.35
110 44.35
111 36.17
112 36.17
113 44.86
114 44.86
115 44.13
116 44.13
117 39.39
118 39.39
119 46.53
120 46.53
121 39.21
122 39.21
123 34.17
124 34.17
125 38.19
126 38.19
127 32.49
128 32.49
129 41.99
130 41.99
131 35.49
132 35.49
133 36.06
134 36.06
135 37.18
136 37.18
137 40.05
138 40.05
139 39.12
140 39.12
141 40.86
142 40.86
143 27.52
144 27.52
145 41.98
146 41.98
147 39.90
148 39.90
149 34.13
150 34.13
151 40.71
152 40.71
153 42.42
154 42.42
155 31.06
156 31.06
157 40.04
158 40.04
159 44.29
160 44.29
161 36.73
162 36.73
163 38.78
164 38.78
165 41.00
166 41.00
167 43.87
168 43.87
169 37.64
170 37.64
171 43.21
172 43.21
173 41.33
174 41.33
175 39.40
176 39.40
177 33.10
178 33.10
179 44.74
180 44.74
181 40.01
182 40.01
183 43.95
184 43.95
185 30.99
186 30.99
187 39.51
188 39.51
189 41.38
190 41.38
191 40.42
192 40.42
193 44.03
194 44.03
195 43.22
196 43.22
197 44.55
198 44.55
199 38.85
200 38.85
201 38.60
202 38.60
