1	227.93
2	270.37
3	258.63
4	206.01
5	234.16
6	237.79
7	272.08
8	210.83
9	209.85
10	272.89
11	252.72
12	222.45
13	226.38
14	261.81
15	272.34
16	261.05
17	220.8
18	251.58
19	263.74
20	280.38
21	242.99
22	280.42
23	293.82
24	270.35
25	226.13
26	220.32
27	176.21
28	237.34
29	264.73
30	225.82
31	207.93
32	219.89
33	224.97
34	255.06
35	253.41
36	193.74
37	262.85
38	280.55
39	259.44
40	226.76
41	274.36
42	268.23
43	251.59
44	280.09
45	277.07
46	261.21
47	269.98
48	251.39
49	242.67
50	279.64
51	231.91
