1 -0.54
2 -0.54
3 -0.35
4 -0.35
5 -0.90
6 -0.90
7 -1.53
8 -1.53
9 -1.99
10 -1.99
11 -1.27
12 -1.27
13 -1.16
14 -1.16
15 -0.42
16 -0.42
17 -0.28
18 -0.28
19 -0.77
20 -0.77
21 -0.18
22 -0.18
23 -1.73
24 -1.73
25 -0.74
26 -0.74
27 -0.70
28 -0.70
29 -1.27
30 -1.27
31 -0.57
32 -0.57
33 -0.87
34 -0.87
35 -2.30
36 -2.30
37 -1.36
38 -1.36
39 -1.99
40 -1.99
41 -0.86
42 -0.86
43 -1.51
44 -1.51
45 0.30
46 0.30
47 -0.88
48 -0.88
49 -1.58
50 -1.58
51 -1.21
52 -1.21
53 -1.69
54 -1.69
55 -1.76
56 -1.76
57 -0.69
58 -0.69
59 0.34
60 0.34
61 -1.66
62 -1.66
63 -0.46
64 -0.46
65 -0.80
66 -0.80
67 0.38
68 0.38
69 -0.35
70 -0.35
71 -0.88
72 -0.88
73 -0.61
74 -0.61
75 -0.55
76 -0.55
77 -1.25
78 -1.25
79 -0.83
80 -0.83
81 -0.99
82 -0.99
83 -2.27
84 -2.27
85 -1.88
86 -1.88
87 -1.70
88 -1.70
89 -0.15
90 -0.15
91 -0.82
92 -0.82
93 -0.97
94 -0.97
95 -0.59
96 -0.59
97 -0.66
98 -0.66
99 -0.70
100 -0.70
101 0.44
102 0.44
