2	ATAT  -0.95   0.20
3	TTAA  -0.01   0.00
4	TATA   0.38   0.00
5	ACGT  -0.41   0.00
6	CATG  -0.30   0.00
7	ATAT  -1.14   0.00
8	TATA   0.03   0.00
9	ACGT  -0.72   0.00
10	CATG   0.29   0.10
11	ATAT  -0.68   0.00
12	TATA   0.17   0.00
13	ACGT  -0.50   0.00
14	CATG   0.08   0.10
15	AGCT  -0.28   0.20
16	GATC   0.09   0.30
17	ATAT  -1.10   0.20
18	TTAA  -0.16   0.30
19	TATA   0.23   0.30
20	ACGT  -0.43   0.50
21	CATG   0.06   0.30
22	ATAT  -0.97   0.30
23	TATA   0.12   0.30
24	ACGT  -0.65   0.30
25	CATG   0.07   0.30
26	ATAT  -0.97   0.30
27	TATA   0.17   0.30
28	ACGT  -0.91   0.30
29	CATG   0.07   0.20
30	AGCT   0.22   0.10
31	GATC   0.66   0.00
32	ATAT   0.06   0.00
33	TTAA  -0.64   0.00
34	TATA   0.55   0.00
35	ACGT   0.42   0.00
36	CATG   0.13   0.10
37	ATAT  -1.12   0.40
38	TATA   0.29   0.40
39	ACGT  -0.86   0.30
40	CATG   0.36   0.50
41	ATAT  -1.04   0.30
42	TATA   0.20   0.30
43	ACGT  -0.71   0.30
44	CATG  -0.19   0.30
45	AGCT  -0.34   0.30
46	GATC  -0.02   0.20
47	ATAT  -1.05   0.30
48	TTAA  -0.09   0.20
49	TATA   0.35   0.30
50	ACGT  -0.37   0.40
51	CATG   0.19   0.30
52	ATAT  -1.03   0.20
53	TATA   0.04   0.30
54	ACGT  -0.82   0.30
55	CATG   0.01   0.20
56	ATAT  -1.09   0.40
57	TATA   0.11   0.30
58	ACGT  -0.69   0.30
59	CATG  -0.16   0.30
60	AGCT  -0.14   0.10
61	GATC  -0.97   0.00
62	ATAT  -0.75   0.00
63	TTAA   0.44   0.00
64	TATA   1.58   0.00
65	ACGT  -0.51   0.00
66	CATG   0.40   0.00
67	ATAT  -0.70   0.00
68	TATA   0.09   0.30
69	ACGT  -0.69   0.30
70	CATG   0.53   0.40
71	ATAT  -1.03   0.30
72	TATA   0.16   0.30
73	ACGT  -0.71   0.30
74	CATG  -0.11   0.30
75	AGCT  -0.36   0.20
76	GATC  -0.06   0.30
77	ATAT  -1.11   0.20
78	TTAA  -0.21   0.20
79	TATA   0.19   0.30
80	ACGT  -0.30   0.10
81	CATG   0.60   0.10
82	ATAT   0.25   0.00
83	TATA   0.14   0.00
84	ACGT  -0.62   0.00
85	CATG   0.79   0.00
86	ATAT  -0.72   0.10
87	TATA   0.03   0.30
88	ACGT  -0.63   0.30
