3.800689 3.959601 3.839697 3.674016 3.734153 3.512781 3.425378 3.239689 3.200030 3.413386 3.538246 3.683955 3.632807 3.742671 3.600938 3.662219 3.548905 3.501856 3.346799 3.223424 3.052867 2.969630 3.022313 2.950455 2.960080 2.868645 2.893599 3.041001 3.054231 3.089957 2.991666 3.019309 2.992653 3.124459 3.162237 3.255481 3.281676 3.172740 3.020094 3.022783 2.984289 3.048586 3.006482 3.105557 3.124078 3.297266 3.330276 3.368196 3.635035 3.685253 3.570890 3.758311 3.757680 3.652952 3.441725 3.412220 3.438071 3.272429 3.158049 3.207140 3.191191 3.044118 2.988358 2.900172
3.874962 4.036091 3.900118 3.723099 3.779509 3.536844 3.429781 3.214074 3.153741 3.386899 3.525464 3.697377 3.645995 3.773839 3.626055 3.699842 3.591267 3.537261 3.357007 3.230009 3.039840 2.950686 3.020152 2.940621 2.957349 2.843922 2.880836 3.058345 3.063939 3.102133 2.977871 3.003835 2.961095 3.104716 3.135551 3.223947 3.244375 3.112028 2.946604 2.951052 2.923313 3.000070 2.963921 3.086526 3.121510 3.323197 3.371342 3.424094 3.716574 3.758531 3.636943 3.839372 3.848892 3.729572 3.495984 3.474418 3.505473 3.314822 3.188956 3.251482 3.230656 3.055814 2.990116 2.873845
3.887683 4.033146 3.891685 3.721091 3.766827 3.527876 3.412781 3.195592 3.125456 3.346704 3.481604 3.659979 3.612882 3.745551 3.607055 3.686266 3.597675 3.542374 3.357363 3.247407 3.072475 2.999733 3.074404 3.008906 3.031944 2.917763 2.962489 3.130541 3.118605 3.153019 3.019857 3.038151 2.985267 3.112437 3.130409 3.199381 3.211842 3.080117 2.934574 2.938108 2.924792 2.996259 2.972562 3.096230 3.144360 3.347302 3.408816 3.477245 3.762205 3.785071 3.670245 3.866907 3.891909 3.766559 3.535035 3.532367 3.568822 3.373472 3.259168 3.338130 3.314932 3.139072 3.081541 2.964420
3.990598 4.135368 3.978000 3.797984 3.838134 3.580173 3.445176 3.199666 3.107807 3.345199 3.492437 3.696661 3.650517 3.800988 3.658888 3.750845 3.670151 3.608352 3.399167 3.288650 3.097872 3.022007 3.113223 3.042586 3.073321 2.938466 2.995845 3.190707 3.168884 3.204866 3.046038 3.061498 2.991811 3.127406 3.136671 3.197410 3.203104 3.049199 2.894941 2.899804 2.899401 2.981766 2.965920 3.112031 3.177868 3.407378 3.485121 3.569689 3.876816 3.888924 3.768711 3.978207 4.015031 3.875400 3.623686 3.631196 3.673128 3.454118 3.330906 3.424380 3.396163 3.194449 3.128730 2.984798
4.035930 4.158075 3.994184 3.823579 3.848491 3.598535 3.455420 3.214190 3.113164 3.329249 3.469128 3.677178 3.638138 3.792913 3.665680 3.764131 3.710234 3.648742 3.436539 3.348992 3.181791 3.127754 3.222710 3.170903 3.208307 3.075123 3.140500 3.318729 3.275121 3.306509 3.140237 3.146544 3.066808 3.178903 3.172838 3.207999 3.204845 3.057390 2.932656 2.935075 2.950928 3.022904 3.021822 3.164292 3.244347 3.470449 3.563375 3.667684 3.960931 3.948357 3.839566 4.040346 4.098040 3.952648 3.705621 3.737384 3.787051 3.564572 3.457264 3.571178 3.541032 3.340574 3.285898 3.144236
4.123131 4.241198 4.066556 3.891852 3.910711 3.650132 3.492700 3.233451 3.115912 3.338979 3.485886 3.711797 3.674693 3.841691 3.714778 3.822347 3.777922 3.712318 3.484425 3.400345 3.226672 3.174010 3.280270 3.228105 3.271665 3.125643 3.200693 3.393566 3.340139 3.371550 3.187562 3.190472 3.098104 3.211868 3.197545 3.222787 3.213607 3.052334 2.926759 2.929539 2.956982 3.034537 3.041225 3.197977 3.292020 3.534675 3.640498 3.757921 4.062863 4.039488 3.928937 4.135979 4.204031 4.048782 3.790236 3.832067 3.885927 3.648307 3.537995 3.663750 3.629903 3.413581 3.355511 3.196871
4.195122 4.295753 4.114840 3.946540 3.953088 3.696836 3.531048 3.271997 3.144641 3.353056 3.495870 3.727536 3.696306 3.868451 3.752966 3.866783 3.843498 3.777725 3.545363 3.478146 3.319944 3.282266 3.393100 3.353543 3.402808 3.255296 3.337764 3.522191 3.451904 3.480189 3.287836 3.283964 3.182488 3.280318 3.253930 3.258950 3.242661 3.083998 2.979207 2.979921 3.020664 3.091673 3.109919 3.266510 3.372940 3.615912 3.734653 3.868299 4.165152 4.122224 4.019745 4.221338 4.305998 4.145250 3.888384 3.948968 4.008928 3.766458 3.666572 3.808451 3.772569 3.554096 3.502742 3.341909
4.182594 4.284259 4.104850 3.937393 3.945106 3.688923 3.523034 3.261887 3.132889 3.343648 3.487242 3.720218 3.688132 3.860042 3.743520 3.856546 3.832560 3.766078 3.534037 3.466678 3.307366 3.269448 3.381060 3.341375 3.391207 3.243586 3.326849 3.512373 3.442093 3.469811 3.276679 3.272364 3.169956 3.268443 3.241593 3.246784 3.229835 3.068966 2.962694 2.963906 3.005890 3.078411 3.097313 3.255775 3.363063 3.607203 3.726299 3.858836 4.156033 4.113596 4.009869 4.210379 4.293268 4.132528 3.876868 3.936726 3.995272 3.753529 3.653980 3.794663 3.758201 3.540403 3.489357 3.327991
4.268290 4.349533 4.165230 4.006554 4.000569 3.752564 3.580314 3.324491 3.188101 3.378892 3.515650 3.750516 3.725455 3.900371 3.798098 3.916462 3.915608 3.850317 3.617007 3.568681 3.429162 3.408088 3.522349 3.497170 3.552179 3.405418 3.495206 3.667768 3.580000 3.604204 3.405478 3.394258 3.284399 3.363949 3.325191 3.308854 3.285329 3.131601 3.049896 3.048303 3.102653 3.165898 3.196167 3.350679 3.468974 3.709161 3.840328 3.989135 4.273578 4.210305 4.117088 4.309519 4.410023 4.245345 3.994510 4.074211 4.139217 3.895296 3.808491 3.965468 3.927543 3.710475 3.667711 3.507072
4.268995 4.333849 4.155682 4.009672 3.996278 3.767737 3.604890 3.374627 3.249880 3.413312 3.535431 3.751739 3.731700 3.896172 3.807949 3.921992 3.933950 3.874689 3.656767 3.623194 3.509945 3.503431 3.607987 3.596663 3.649605 3.516353 3.601651 3.746657 3.652698 3.674177 3.488965 3.475226 3.372027 3.431730 3.390719 3.364421 3.341437 3.210299 3.152971 3.148123 3.201131 3.249131 3.281403 3.416283 3.529766 3.748082 3.876852 4.028103 4.287489 4.215291 4.134993 4.313435 4.421096 4.263249 4.028782 4.117461 4.185311 3.954931 3.883165 4.044248 4.009416 3.808921 3.776940 3.634476
4.116139 4.189236 4.028536 3.888931 3.886424 3.672542 3.530138 3.322027 3.218615 3.376777 3.490532 3.683414 3.658918 3.805662 3.714633 3.814409 3.810945 3.756466 3.561053 3.521835 3.415607 3.406516 3.496127 3.484715 3.529418 3.413968 3.486150 3.612199 3.533005 3.553920 3.392927 3.383587 3.296965 3.355761 3.325908 3.314674 3.299222 3.183439 3.124068 3.119879 3.158359 3.201297 3.223391 3.341065 3.435659 3.632180 3.742492 3.872929 4.116314 4.061222 3.981495 4.149911 4.239778 4.096297 3.879712 3.952429 4.012347 3.804758 3.737354 3.879543 3.849536 3.672554 3.645424 3.526329
4.103026 4.186175 4.022646 3.875268 3.877709 3.654459 3.510349 3.293860 3.190118 3.360716 3.480474 3.678178 3.650871 3.800917 3.702150 3.803049 3.789910 3.733538 3.532350 3.483235 3.363779 3.345613 3.437221 3.417434 3.461024 3.340672 3.412067 3.550197 3.477443 3.500757 3.337020 3.330729 3.244600 3.314463 3.288903 3.286548 3.273261 3.150220 3.077796 3.074918 3.109239 3.158225 3.175997 3.299648 3.392346 3.596735 3.704758 3.831604 4.087381 4.040015 3.954060 4.130953 4.215873 4.070485 3.845137 3.910600 3.969435 3.756301 3.679928 3.818064 3.787803 3.603787 3.570456 3.445304
3.977778 4.078356 3.927400 3.778008 3.794778 3.574164 3.444578 3.236127 3.147525 3.327626 3.447582 3.632346 3.598567 3.737627 3.628617 3.718633 3.682645 3.628077 3.439809 3.375568 3.247201 3.216875 3.298888 3.269940 3.306058 3.195017 3.255586 3.391605 3.337634 3.362645 3.215359 3.215673 3.143009 3.224406 3.212272 3.231183 3.226001 3.106407 3.017492 3.016545 3.035643 3.087768 3.093131 3.210284 3.286168 3.481510 3.572164 3.677414 3.932697 3.907666 3.815185 3.991603 4.055468 3.920334 3.701763 3.745855 3.795905 3.596637 3.514616 3.631809 3.604799 3.433285 3.397552 3.284459
3.920811 4.037509 3.891929 3.736282 3.764180 3.539447 3.417505 3.209409 3.130113 3.322855 3.446449 3.625829 3.586972 3.721505 3.602232 3.686723 3.631204 3.576959 3.392823 3.312882 3.170494 3.126303 3.203702 3.163188 3.193897 3.084774 3.138256 3.281468 3.243167 3.271055 3.131965 3.138618 3.074819 3.170721 3.169938 3.207403 3.209010 3.087737 2.980383 2.981057 2.987499 3.045073 3.039590 3.156223 3.220340 3.415013 3.493580 3.583875 3.846751 3.839816 3.739993 3.921815 3.970482 3.840399 3.619915 3.646554 3.691048 3.496183 3.404431 3.506598 3.481464 3.312124 3.270302 3.159758
3.862692 3.998576 3.860142 3.697606 3.738821 3.508940 3.395165 3.185320 3.114660 3.324036 3.453150 3.627895 3.583039 3.712693 3.581245 3.659199 3.580612 3.526585 3.347148 3.248293 3.087972 3.026362 3.099117 3.043968 3.068571 2.960493 3.006313 3.159957 3.140359 3.171742 3.041164 3.055473 3.001266 3.115617 3.128042 3.187026 3.196341 3.071057 2.940262 2.942781 2.935320 3.000541 2.982530 3.100460 3.151537 3.346762 3.411326 3.483559 3.755795 3.770568 3.661502 3.849156 3.878859 3.755031 3.532897 3.538250 3.575447 3.386162 3.282421 3.365949 3.342822 3.175667 3.126018 3.016817
3.821886 3.974151 3.845002 3.678068 3.731595 3.501992 3.400630 3.197961 3.141615 3.360058 3.490396 3.653344 3.603732 3.724670 3.584279 3.653826 3.553073 3.501593 3.332257 3.216277 3.043957 2.966637 3.030612 2.962645 2.979308 2.876715 2.912007 3.069047 3.069228 3.103954 2.987900 3.010433 2.969914 3.099031 3.126189 3.206596 3.225241 3.103639 2.954426 2.957736 2.933251 3.001718 2.969632 3.081965 3.116066 3.304413 3.351958 3.404562 3.679648 3.716265 3.601245 3.791791 3.802803 3.688201 3.468628 3.452487 3.482745 3.303638 3.190374 3.253922 3.234228 3.074205 3.018426 2.916276
3.904792 4.077705 3.939946 3.754915 3.817646 3.563315 3.452392 3.221787 3.156386 3.408763 3.556701 3.737669 3.682553 3.815039 3.657776 3.732803 3.613160 3.556306 3.368381 3.228751 3.018878 2.915760 2.990167 2.897352 2.913464 2.789550 2.827488 3.026644 3.040540 3.082086 2.950910 2.981025 2.936625 3.097230 3.132787 3.231312 3.253576 3.107996 2.922330 2.928445 2.897582 2.984986 2.944021 3.078726 3.113476 3.328435 3.374970 3.423028 3.732112 3.783304 3.652942 3.864424 3.866559 3.744962 3.501635 3.470544 3.499056 3.301401 3.163039 3.219568 3.197819 3.011704 2.935920 2.806233
3.845332 4.025461 3.902283 3.721511 3.792887 3.550991 3.457955 3.248418 3.202295 3.448335 3.589418 3.749013 3.691659 3.809088 3.650829 3.714186 3.579915 3.528892 3.361164 3.214147 3.009102 2.900291 2.959949 2.864016 2.871306 2.762567 2.787618 2.971440 3.000858 3.043306 2.935122 2.971184 2.943791 3.106036 3.153924 3.266599 3.297540 3.167600 2.979255 2.984281 2.937821 3.019517 2.967103 3.085090 3.100883 3.295589 3.323752 3.352573 3.648162 3.716336 3.587204 3.791519 3.777506 3.669901 3.441152 3.393462 3.415376 3.238150 3.100860 3.138564 3.121870 2.955566 2.881669 2.771660
3.821478 3.991398 3.866380 3.691219 3.756277 3.518397 3.421269 3.211849 3.159895 3.397577 3.535523 3.698285 3.643291 3.762581 3.610389 3.676077 3.554756 3.502868 3.333810 3.198884 3.005551 2.908997 2.971379 2.886336 2.897869 2.790662 2.820605 2.995110 3.012652 3.051927 2.939210 2.969654 2.935894 3.085875 3.124989 3.224840 3.250270 3.121320 2.947043 2.951727 2.915150 2.993004 2.949218 3.067010 3.091145 3.285152 3.321665 3.359736 3.648348 3.704248 3.579596 3.778297 3.773308 3.662537 3.437484 3.402108 3.426695 3.248521 3.120685 3.168557 3.150319 2.986205 2.919520 2.811661
3.937002 4.117516 3.978113 3.787978 3.854822 3.592173 3.477810 3.235484 3.165513 3.431870 3.586255 3.774599 3.716558 3.852716 3.688778 3.764938 3.638827 3.579368 3.385215 3.237776 3.014143 2.901880 2.980812 2.879043 2.895443 2.763126 2.802791 3.018439 3.037019 3.080587 2.943003 2.975387 2.928586 3.100637 3.138405 3.242924 3.265572 3.109878 2.910578 2.918090 2.886249 2.981634 2.938253 3.082648 3.118666 3.344220 3.391063 3.436888 3.758293 3.814524 3.677674 3.895273 3.893168 3.768870 3.518432 3.482026 3.508877 3.305243 3.158495 3.212051 3.189165 2.994108 2.911280 2.770704
3.990833 4.186925 4.049840 3.851906 3.928818 3.657681 3.546109 3.295994 3.229245 3.514018 3.675195 3.864587 3.801316 3.936877 3.761935 3.835357 3.691729 3.631122 3.435416 3.271036 3.026722 2.895965 2.975035 2.856115 2.868338 2.728783 2.764562 3.001186 3.035428 3.083250 2.946351 2.985861 2.943975 3.135913 3.183847 3.305501 3.333611 3.170270 2.947706 2.956781 2.914393 3.019386 2.965770 3.116958 3.145243 3.378300 3.416710 3.450618 3.786797 3.859095 3.712812 3.938838 3.923694 3.801095 3.543702 3.490978 3.513218 3.307699 3.146356 3.186857 3.164777 2.962410 2.867545 2.717415
4.159875 4.366409 4.216984 4.005755 4.084953 3.791845 3.665296 3.385483 3.302509 3.613544 3.789377 4.001672 3.935326 4.085667 3.899733 3.982024 3.833285 3.765642 3.547900 3.371703 3.098790 2.952330 3.046578 2.910812 2.927269 2.764204 2.808697 3.085482 3.122149 3.173646 3.014492 3.055952 3.002458 3.215394 3.262394 3.388995 3.414500 3.226439 2.979843 2.991875 2.953605 3.075550 3.022061 3.197956 3.236632 3.498204 3.545426 3.584914 3.950992 4.024449 3.866468 4.109254 4.095471 3.960833 3.680957 3.626022 3.649328 3.421323 3.242094 3.285682 3.259212 3.028527 2.917491 2.735487
4.280534 4.485491 4.322647 4.104084 4.177740 3.870158 3.727589 3.426430 3.325946 3.647517 3.832594 4.065189 4.000522 4.165304 3.977620 4.070501 3.929228 3.856581 3.619622 3.444085 3.159737 3.011785 3.119470 2.980435 3.003466 2.824219 2.879256 3.176791 3.204620 3.256842 3.077270 3.115827 3.048504 3.266861 3.306223 3.425172 3.444967 3.239600 2.987069 3.000327 2.973155 3.103521 3.057103 3.250424 3.303699 3.585499 3.646188 3.699406 4.081841 4.145414 3.984124 4.236810 4.233654 4.087435 3.791642 3.745937 3.773915 3.526949 3.341460 3.397119 3.366407 3.115159 2.997863 2.793853
4.488859 4.700499 4.525008 4.295196 4.368501 4.041546 3.883499 3.555352 3.437545 3.779755 3.977790 4.232882 4.166917 4.346551 4.151085 4.253417 4.111252 4.032223 3.774411 3.591394 3.284329 3.125362 3.247596 3.096146 3.124254 2.924235 2.988700 3.319977 3.346640 3.401272 3.200310 3.239057 3.159302 3.393232 3.429203 3.548419 3.564335 3.336343 3.065957 3.081621 3.061559 3.206204 3.162606 3.378324 3.443551 3.750818 3.821831 3.882990 4.290695 4.351837 4.181489 4.448483 4.449423 4.291307 3.975518 3.931082 3.960891 3.693068 3.493654 3.554519 3.519313 3.242815 3.112483 2.879413
4.651782 4.858622 4.667721 4.431240 4.496256 4.154798 3.978118 3.627595 3.488938 3.839020 4.046258 4.324261 4.261442 4.457545 4.262531 4.377343 4.247012 4.162775 3.884029 3.705126 3.389641 3.232631 3.369550 3.217878 3.254034 3.037820 3.114736 3.464361 3.478161 3.532758 3.309251 3.343402 3.247385 3.483293 3.508707 3.615477 3.623873 3.377857 3.105720 3.122220 3.117157 3.269147 3.235648 3.469377 3.552407 3.880448 3.967959 4.046606 4.469574 4.516719 4.344516 4.620932 4.636092 4.464854 4.132835 4.101588 4.137386 3.849198 3.645695 3.722151 3.682116 3.384657 3.249811 2.994386
4.741550 4.936871 4.734190 4.498069 4.552466 4.204993 4.012892 3.647977 3.491213 3.839227 4.049342 4.344791 4.285889 4.494211 4.304507 4.429358 4.317494 4.228879 3.935255 3.768956 3.457331 3.311650 3.460418 3.317735 3.362969 3.138154 3.227573 3.581449 3.576880 3.628397 3.386397 3.412706 3.300898 3.527886 3.539157 3.627301 3.626107 3.369416 3.108283 3.125084 3.137821 3.291360 3.271648 3.516911 3.618496 3.959766 4.065242 4.162903 4.590769 4.618253 4.448182 4.726238 4.758288 4.575242 4.235227 4.222812 4.264454 3.961497 3.763001 3.857917 3.812936 3.503377 3.371898 3.104054
4.928959 5.121130 4.904319 4.660787 4.707985 4.346835 4.138508 3.754697 3.580269 3.934989 4.153970 4.469199 4.413688 4.636843 4.447514 4.583707 4.480582 4.388231 4.076277 3.911596 3.591435 3.445381 3.605886 3.461074 3.512134 3.272996 3.371941 3.742531 3.728807 3.781332 3.520936 3.544602 3.420162 3.650580 3.654299 3.732849 3.726360 3.454533 3.190677 3.207572 3.231708 3.391237 3.378717 3.638789 3.754183 4.113028 4.231223 4.343300 4.785381 4.802565 4.630984 4.918887 4.962723 4.768981 4.413594 4.410762 4.457958 4.137299 3.933335 4.040446 3.991966 3.663588 3.526608 3.239132
4.831604 5.015605 4.799111 4.559388 4.601657 4.246554 4.039396 3.664068 3.491570 3.835030 4.049890 4.360360 4.308212 4.529611 4.346903 4.483549 4.387396 4.297866 3.989596 3.832023 3.524238 3.386863 3.544007 3.407679 3.458545 3.225182 3.323067 3.678357 3.659023 3.710803 3.454341 3.476277 3.352820 3.573362 3.574598 3.646442 3.639562 3.375262 3.123332 3.138305 3.164398 3.316692 3.306669 3.559247 3.674704 4.025444 4.144061 4.260239 4.691207 4.703212 4.538544 4.821790 4.871009 4.679900 4.329893 4.333127 4.383447 4.067251 3.870616 3.983033 3.936220 3.614526 3.484007 3.205982
4.608645 4.783491 4.578214 4.351139 4.392324 4.056064 3.861560 3.509254 3.350475 3.674235 3.875925 4.167484 4.116188 4.324476 4.149863 4.278289 4.187449 4.102406 3.812042 3.665562 3.381119 3.257713 3.403757 3.282035 3.330468 3.115426 3.207345 3.531434 3.508864 3.556868 3.316760 3.336099 3.220754 3.423480 3.424220 3.491846 3.485905 3.241475 3.009818 3.023147 3.046425 3.185643 3.176437 3.410227 3.518673 3.847809 3.960971 4.073032 4.480025 4.489481 4.333431 4.601447 4.649836 4.467433 4.136590 4.143241 4.192246 3.893591 3.712652 3.824017 3.780029 3.480831 3.364277 3.111722
4.442601 4.625675 4.436303 4.214192 4.265819 3.942328 3.767234 3.436044 3.299138 3.618594 3.812492 4.081076 4.025553 4.217162 4.039653 4.154942 4.048424 3.968292 3.698627 3.544638 3.264606 3.136017 3.267496 3.143153 3.182874 2.983081 3.061816 3.370939 3.364049 3.412740 3.195464 3.220551 3.122349 3.326820 3.340138 3.424028 3.426790 3.198778 2.963768 2.976877 2.983035 3.116973 3.095698 3.312702 3.401764 3.711330 3.806257 3.898449 4.292739 4.319478 4.163439 4.423693 4.455146 4.286249 3.970405 3.960686 4.002707 3.724207 3.544866 3.638093 3.599011 3.319801 3.205873 2.974256
4.342474 4.521099 4.338672 4.124229 4.175965 3.863128 3.695134 3.375797 3.245866 3.555253 3.741808 4.000524 3.944816 4.128913 3.955284 4.065451 3.961749 3.883506 3.624071 3.476494 3.209069 3.088245 3.213927 3.097657 3.136385 2.946874 3.022732 3.315368 3.306703 3.352782 3.144242 3.167499 3.073375 3.267950 3.280576 3.362035 3.364733 3.146996 2.923086 2.935618 2.940898 3.068278 3.047939 3.255332 3.341000 3.639204 3.731538 3.820823 4.202444 4.227710 4.075434 4.326627 4.356757 4.192221 3.887549 3.879531 3.919864 3.651298 3.480931 3.572808 3.534794 3.268483 3.162450 2.944594
4.177532 4.358464 4.191849 3.985712 4.044226 3.748247 3.599371 3.305428 3.196725 3.493874 3.669678 3.904076 3.846330 4.013296 3.841400 3.938980 3.825860 3.753533 3.516753 3.367949 3.113727 2.994529 3.104355 2.991884 3.022788 2.852371 2.915616 3.183770 3.185721 3.231031 3.046700 3.073475 2.995839 3.184303 3.206269 3.297535 3.307302 3.110099 2.892466 2.903726 2.895333 3.012888 2.983855 3.170530 3.238638 3.512924 3.589128 3.662062 4.024427 4.061718 3.913327 4.153073 4.170450 4.019710 3.733668 3.714555 3.749394 3.503170 3.340102 3.417687 3.384746 3.142671 3.044015 2.852279
4.040775 4.216197 4.061476 3.866097 3.925444 3.646906 3.511622 3.240567 3.146181 3.425685 3.589990 3.805370 3.748208 3.901898 3.736458 3.825196 3.713107 3.645817 3.427800 3.286299 3.052140 2.942879 3.040334 2.938822 2.965645 2.813418 2.868846 3.108310 3.111222 3.153772 2.987937 3.014011 2.946680 3.121056 3.145268 3.235693 3.248064 3.069954 2.868201 2.877710 2.864223 2.969883 2.939186 3.107006 3.165341 3.417623 3.485302 3.550703 3.891034 3.930202 3.788927 4.015166 4.028188 3.887520 3.619971 3.599697 3.631976 3.404608 3.254299 3.326441 3.297007 3.077689 2.990467 2.823339
3.902081 4.068541 3.927699 3.745697 3.804086 3.548608 3.430500 3.191555 3.115909 3.368708 3.517656 3.707640 3.653146 3.790343 3.635408 3.713867 3.604624 3.544956 3.351228 3.220049 3.013985 2.918484 2.999180 2.912617 2.933836 2.805828 2.850694 3.050729 3.054207 3.093474 2.952535 2.977782 2.924313 3.078858 3.105876 3.193677 3.209836 3.058161 2.879126 2.885723 2.865723 2.954295 2.921646 3.063076 3.108422 3.330108 3.386503 3.443542 3.753218 3.793814 3.663988 3.873119 3.882489 3.755424 3.511567 3.490815 3.521074 3.318284 3.184936 3.250872 3.226501 3.036788 2.964411 2.829564
3.797903 3.956780 3.830768 3.662220 3.720741 3.488034 3.387230 3.178748 3.120877 3.349291 3.483658 3.649043 3.596592 3.717136 3.571707 3.639337 3.531616 3.479217 3.309906 3.187911 3.007651 2.924047 2.988703 2.915250 2.930952 2.825865 2.860593 3.024369 3.029708 3.065636 2.949009 2.973714 2.933724 3.070509 3.100654 3.186888 3.206707 3.079388 2.920176 2.924314 2.898022 2.971434 2.936573 3.053539 3.085964 3.278185 3.322862 3.370033 3.649993 3.693336 3.573790 3.765674 3.769587 3.656372 3.436536 3.413713 3.440830 3.263006 3.145580 3.203473 3.183864 3.023201 2.964346 2.859397
3.787603 3.921717 3.795305 3.641595 3.685535 3.469075 3.366075 3.171193 3.109068 3.308849 3.431177 3.592772 3.547612 3.666547 3.538647 3.608434 3.527946 3.477690 3.313957 3.218700 3.070654 3.013788 3.077626 3.028296 3.049548 2.954210 2.994238 3.129090 3.112658 3.142064 3.025583 3.040039 2.993393 3.100193 3.115107 3.175035 3.186389 3.071886 2.948161 2.949884 2.939301 2.998450 2.978768 3.085077 3.128398 3.307577 3.364007 3.427085 3.682227 3.701614 3.596564 3.772558 3.794591 3.680372 3.474735 3.475697 3.508527 3.336434 3.241432 3.316676 3.296228 3.147554 3.105157 3.012491
3.734343 3.861729 3.752314 3.612873 3.657937 3.466187 3.382631 3.220201 3.177271 3.352459 3.459605 3.594198 3.551051 3.651458 3.533199 3.590611 3.509728 3.467447 3.330562 3.243066 3.119555 3.072157 3.119201 3.080693 3.095535 3.023036 3.051914 3.152406 3.140664 3.166895 3.076602 3.091433 3.059670 3.150581 3.170175 3.230628 3.246510 3.156587 3.049986 3.049579 3.031149 3.076190 3.052887 3.134396 3.162818 3.310719 3.353032 3.403230 3.626755 3.651307 3.556741 3.714188 3.728262 3.629989 3.450511 3.446666 3.475044 3.330434 3.250487 3.314232 3.298967 3.180285 3.149837 3.086087
3.719506 3.860104 3.749427 3.601107 3.653464 3.450525 3.365382 3.191600 3.147550 3.340545 3.456150 3.596629 3.549524 3.653119 3.524855 3.582602 3.488224 3.443971 3.301287 3.199860 3.058076 2.997063 3.046438 2.995645 3.008658 2.929227 2.957025 3.074097 3.071902 3.101696 3.008215 3.027873 2.997319 3.104542 3.130825 3.203740 3.223139 3.123296 2.997214 2.998118 2.973637 3.027320 2.997347 3.087264 3.112423 3.270472 3.308688 3.352550 3.591562 3.627560 3.524532 3.691612 3.697121 3.597866 3.408996 3.393965 3.419852 3.270009 3.177965 3.234607 3.219228 3.092212 3.053200 2.980981
3.776088 3.915208 3.788741 3.632173 3.679103 3.457880 3.353199 3.151383 3.086510 3.295122 3.421687 3.587548 3.540447 3.661192 3.529038 3.599028 3.513962 3.462367 3.295661 3.195570 3.039873 2.978052 3.044044 2.990213 3.011538 2.912411 2.953224 3.095620 3.081877 3.112394 2.992909 3.008690 2.960914 3.074262 3.090734 3.154501 3.166303 3.045672 2.913669 2.916146 2.905046 2.968725 2.947542 3.059229 3.102937 3.287759 3.343774 3.404851 3.666431 3.689615 3.580677 3.759768 3.778276 3.663260 3.454403 3.451649 3.483122 3.308782 3.209513 3.282535 3.261614 3.109294 3.063790 2.966474
3.861675 4.017287 3.878503 3.704802 3.757741 3.510850 3.392642 3.159602 3.081792 3.322671 3.465995 3.654005 3.601868 3.737115 3.589572 3.667644 3.570394 3.511494 3.321956 3.203602 3.013334 2.931119 3.010995 2.936769 2.960678 2.838599 2.885945 3.070375 3.063600 3.099294 2.959165 2.979305 2.922775 3.062820 3.082574 3.158309 3.170225 3.024092 2.861545 2.867195 2.855092 2.937243 2.911970 3.048566 3.098911 3.314032 3.375508 3.438515 3.735558 3.765779 3.641969 3.841943 3.857818 3.731052 3.496141 3.485822 3.517510 3.319542 3.198081 3.271113 3.246324 3.064839 3.001692 2.874693
3.925378 4.068148 3.918421 3.745677 3.787492 3.536898 3.405617 3.163212 3.071194 3.306329 3.450660 3.651815 3.604284 3.749749 3.609028 3.696362 3.617479 3.555838 3.354028 3.248444 3.064761 2.993928 3.083056 3.017686 3.048863 2.919541 2.976841 3.162933 3.139402 3.172827 3.017670 3.031084 2.961632 3.091585 3.098819 3.156709 3.160671 3.008721 2.859385 2.864461 2.867143 2.948037 2.934706 3.078604 3.144623 3.368988 3.446112 3.527292 3.825932 3.837405 3.717802 3.918574 3.951541 3.815150 3.573890 3.581789 3.620147 3.409750 3.293605 3.384399 3.356111 3.164358 3.104260 2.967499
4.069096 4.218902 4.053220 3.866620 3.907385 3.633199 3.483098 3.208597 3.096599 3.356273 3.515937 3.743645 3.694729 3.858234 3.708482 3.807720 3.728372 3.659258 3.431614 3.317253 3.107196 3.024549 3.130879 3.052359 3.089805 2.936517 3.005170 3.228720 3.202289 3.238851 3.057779 3.071268 2.986946 3.134769 3.137912 3.195990 3.195575 3.017455 2.848101 2.855661 2.866330 2.963106 2.953053 3.122998 3.203454 3.458507 3.548475 3.640650 3.969499 3.977208 3.847471 4.065960 4.105319 3.954391 3.688260 3.699020 3.740783 3.504347 3.372092 3.471616 3.438106 3.216044 3.142078 2.973377
4.139285 4.284419 4.110196 3.920625 3.955605 3.675275 3.516051 3.232996 3.111857 3.372045 3.534944 3.772537 3.726257 3.897824 3.750160 3.856200 3.784665 3.713762 3.476012 3.365133 3.153509 3.073316 3.186037 3.108671 3.149799 2.989217 3.063521 3.293695 3.259928 3.296633 3.105227 3.116396 3.024622 3.171374 3.168994 3.219427 3.215492 3.031174 2.864297 2.871575 2.889255 2.987479 2.982521 3.159148 3.248126 3.511735 3.610034 3.712400 4.046954 4.046224 3.917435 4.140389 4.188974 4.031754 3.757669 3.776587 3.822700 3.576115 3.442690 3.551615 3.516202 3.283976 3.208398 3.030055
4.285921 4.439559 4.252993 4.050464 4.086076 3.785767 3.612550 3.304168 3.168301 3.449902 3.626334 3.884318 3.836844 4.022527 3.866364 3.981486 3.905736 3.829564 3.571713 3.450210 3.214325 3.120974 3.246489 3.155305 3.200014 3.019809 3.101586 3.363945 3.331508 3.371842 3.161438 3.174470 3.072756 3.237419 3.234413 3.288472 3.282782 3.076944 2.889617 2.898890 2.920384 3.032480 3.027656 3.224998 3.322891 3.610551 3.716193 3.824593 4.184500 4.184678 4.047074 4.285853 4.336876 4.169555 3.874778 3.892114 3.940316 3.673803 3.524748 3.637392 3.598532 3.341745 3.252776 3.048031
4.332769 4.481699 4.289056 4.084796 4.115344 3.811839 3.632663 3.320642 3.179251 3.458490 3.636371 3.899951 3.855222 4.046175 3.892914 4.012963 3.943683 3.867132 3.603151 3.485084 3.250590 3.160282 3.289103 3.200050 3.246881 3.062927 3.147926 3.411581 3.373481 3.414050 3.197859 3.209303 3.103186 3.265330 3.258465 3.306159 3.298332 3.090201 2.906929 2.915450 2.941649 3.052976 3.051741 3.251619 3.354832 3.646301 3.757247 3.873314 4.234948 4.228734 4.093369 4.334723 4.393150 4.222303 3.922826 3.946579 3.998604 3.726132 3.577349 3.697214 3.657661 3.395216 3.306073 3.096695
4.500424 4.654393 4.448703 4.232869 4.261572 3.939673 3.745563 3.409850 3.252392 3.548868 3.739324 4.023447 3.979120 4.184695 4.025708 4.155735 4.086011 4.004825 3.721097 3.595730 3.341333 3.241205 3.382540 3.282664 3.333580 3.131067 3.224091 3.515813 3.476188 3.519896 3.284795 3.297029 3.180156 3.356379 3.346977 3.394310 3.383810 3.155629 2.956655 2.966459 2.998822 3.121866 3.122718 3.341827 3.455356 3.769073 3.888740 4.013320 4.397033 4.388707 4.246826 4.502513 4.566090 4.385218 4.066437 4.091672 4.146973 3.855271 3.693490 3.819462 3.776662 3.491027 3.390366 3.156020
4.510841 4.683431 4.482568 4.258246 4.299347 3.970480 3.783229 3.444505 3.295363 3.609558 3.806201 4.086423 4.036483 4.238495 4.067382 4.192335 4.100082 4.019116 3.737634 3.592235 3.316960 3.196629 3.334982 3.217108 3.261786 3.055576 3.141527 3.450534 3.430435 3.478887 3.249757 3.270611 3.162634 3.360143 3.364445 3.433920 3.431553 3.198460 2.973098 2.984767 3.002248 3.134367 3.121728 3.343968 3.444872 3.761583 3.868010 3.976228 4.372116 4.384782 4.233752 4.497579 4.544230 4.368368 4.044754 4.049243 4.098757 3.809283 3.632558 3.741223 3.700501 3.411653 3.299329 3.059949
4.480603 4.638947 4.434480 4.215690 4.247112 3.924487 3.734019 3.402065 3.250325 3.548292 3.739352 4.018877 3.974094 4.177572 4.016579 4.145120 4.068479 3.989147 3.707789 3.576411 3.318685 3.213363 3.351259 3.247055 3.294618 3.093302 3.182020 3.473862 3.440711 3.486625 3.256664 3.272342 3.160647 3.341714 3.337805 3.392164 3.385702 3.160023 2.955317 2.964795 2.990451 3.113351 3.108747 3.324610 3.431777 3.742397 3.855888 3.975494 4.359632 4.358434 4.216257 4.474461 4.533782 4.356403 4.036912 4.055691 4.110668 3.821524 3.655900 3.776951 3.736246 3.451761 3.348443 3.116462
4.315566 4.461208 4.268056 4.064343 4.092583 3.791992 3.614758 3.309880 3.172671 3.444646 3.619746 3.878505 3.835780 4.025265 3.875318 3.995539 3.928123 3.853867 3.592412 3.476291 3.247812 3.160424 3.285927 3.199803 3.245177 3.064861 3.147466 3.403053 3.364242 3.405245 3.193361 3.205129 3.101875 3.259825 3.253661 3.300008 3.293568 3.091871 2.914327 2.921554 2.945745 3.052263 3.050242 3.243858 3.344502 3.630029 3.739145 3.856303 4.212502 4.205429 4.074003 4.314490 4.375414 4.206668 3.908854 3.934093 3.988280 3.718226 3.571734 3.693151 3.655257 3.396061 3.309023 3.105214
4.257727 4.422824 4.240391 4.031990 4.075260 3.773490 3.608976 3.307723 3.184363 3.471135 3.648892 3.897038 3.847376 4.027681 3.865694 3.976312 3.883904 3.810851 3.558902 3.423284 3.178065 3.071899 3.190286 3.088300 3.125969 2.948353 3.021022 3.286304 3.269319 3.313863 3.114600 3.135135 3.044788 3.221478 3.230872 3.301818 3.304694 3.103310 2.901664 2.910871 2.917330 3.030643 3.013581 3.205085 3.288879 3.570829 3.662798 3.758337 4.120810 4.137635 3.997390 4.241193 4.280669 4.120565 3.824699 3.826332 3.871976 3.611216 3.453124 3.552730 3.517650 3.263455 3.168118 2.967588
4.145989 4.315456 4.145413 3.941763 3.991721 3.702179 3.553916 3.273434 3.168935 3.447308 3.617112 3.844801 3.793214 3.959597 3.797621 3.897921 3.794782 3.726696 3.492836 3.353131 3.115392 3.007428 3.112557 3.010827 3.041255 2.878535 2.939947 3.188156 3.182528 3.227214 3.048451 3.073125 2.997622 3.172461 3.191596 3.273757 3.283795 3.098864 2.898700 2.907080 2.899838 3.006207 2.979943 3.154660 3.222233 3.485107 3.562162 3.642693 3.991707 4.020957 3.882912 4.119506 4.147098 3.998534 3.715937 3.705868 3.746762 3.503489 3.348634 3.434569 3.403834 3.167863 3.076416 2.895759
4.215520 4.405963 4.238067 4.022586 4.085182 3.783713 3.638973 3.349320 3.249348 3.550911 3.730653 3.959368 3.902156 4.068400 3.892437 3.989845 3.862455 3.793780 3.557662 3.394185 3.128609 2.995343 3.100119 2.975171 2.999555 2.827591 2.883182 3.158293 3.174023 3.224948 3.047996 3.082738 3.014568 3.216530 3.250253 3.355997 3.374446 3.179641 2.947265 2.957405 2.935207 3.053986 3.013230 3.196035 3.252275 3.523983 3.588683 3.653434 4.021235 4.072791 3.923333 4.172214 4.182642 4.037310 3.744778 3.712178 3.747566 3.502048 3.327088 3.395219 3.366019 3.120314 3.012454 2.819337
4.107645 4.301258 4.147225 3.938667 4.007819 3.720427 3.592175 3.323482 3.241324 3.533478 3.704354 3.912723 3.853415 4.004984 3.829828 3.916149 3.779641 3.715726 3.499064 3.333556 3.077623 2.944279 3.035667 2.912534 2.930154 2.774233 2.819039 3.075341 3.101358 3.151513 2.995287 3.033294 2.979396 3.177474 3.219631 3.334576 3.359121 3.181051 2.952665 2.961894 2.927768 3.039066 2.990518 3.156425 3.197397 3.449284 3.499847 3.549437 3.902037 3.964793 3.817635 4.056990 4.055291 3.921592 3.644743 3.601320 3.631085 3.404581 3.234818 3.289045 3.263839 3.038440 2.935928 2.763998
4.164439 4.355083 4.193299 3.982413 4.047501 3.752247 3.613089 3.329614 3.234459 3.532970 3.708863 3.931356 3.872619 4.033228 3.857576 3.950350 3.821605 3.753612 3.524822 3.363002 3.102327 2.971172 3.072144 2.949730 2.972868 2.806941 2.860028 3.127879 3.145361 3.194835 3.024002 3.058475 2.993715 3.192335 3.227051 3.334070 3.352969 3.163231 2.934194 2.944500 2.920493 3.036998 2.995490 3.173468 3.226307 3.491708 3.553248 3.613088 3.974855 4.028467 3.879226 4.122589 4.128797 3.986702 3.701533 3.666810 3.699298 3.460941 3.289960 3.353919 3.325305 3.087982 2.983648 2.798356
4.345577 4.548906 4.377187 4.152176 4.221096 3.905423 3.754842 3.446659 3.339321 3.662780 3.853261 4.094029 4.032794 4.205663 4.019076 4.118958 3.980471 3.907838 3.661146 3.483990 3.194761 3.044897 3.157055 3.015558 3.039972 2.853249 2.911268 3.216010 3.240759 3.295297 3.108150 3.147165 3.075580 3.297315 3.335288 3.451317 3.470901 3.259670 3.004024 3.016389 2.991924 3.123997 3.078720 3.277233 3.334941 3.623761 3.688425 3.749268 4.137929 4.198231 4.038347 4.298445 4.302108 4.152311 3.846895 3.804733 3.837536 3.581581 3.391359 3.453415 3.422458 3.160660 3.039211 2.825835
4.316447 4.533629 4.374917 4.148900 4.230039 3.920450 3.786890 3.494090 3.406374 3.732841 3.920704 4.142658 4.077128 4.236721 4.043912 4.132706 3.972562 3.904839 3.674620 3.482014 3.186639 3.021930 3.120773 2.967092 2.981032 2.803250 2.847177 3.149893 3.196726 3.254896 3.088502 3.136990 3.083584 3.317017 3.371605 3.509125 3.539797 3.339967 3.070744 3.082491 3.037596 3.168517 3.107139 3.293329 3.329791 3.604461 3.648551 3.687161 4.071982 4.155235 3.992145 4.251220 4.235074 4.098362 3.801042 3.736276 3.761956 3.522086 3.324541 3.364129 3.338491 3.089104 2.962150 2.760784
4.249857 4.465712 4.313218 4.092540 4.175289 3.873482 3.746390 3.462545 3.381197 3.701660 3.884213 4.098022 4.031572 4.184738 3.993579 4.077586 3.917213 3.850845 3.629128 3.439488 3.151783 2.990958 3.084852 2.935531 2.947985 2.778150 2.818981 3.110646 3.158392 3.214885 3.056190 3.104116 3.054929 3.282799 3.338211 3.476103 3.507398 3.315072 3.051997 3.063570 3.016575 3.143362 3.081400 3.260403 3.292821 3.558870 3.599449 3.633673 4.010033 4.094532 3.933114 4.185785 4.166492 4.033611 3.744748 3.678870 3.702288 3.470612 3.278541 3.314813 3.290167 3.050829 2.928875 2.738018
4.412892 4.631255 4.465570 4.235940 4.315880 3.996518 3.852662 3.542381 3.441968 3.779617 3.973714 4.210694 4.143847 4.312288 4.115786 4.210032 4.053798 3.980864 3.738027 3.545734 3.240437 3.073908 3.183098 3.026250 3.045351 2.855811 2.907788 3.228249 3.269933 3.327654 3.146147 3.192067 3.128161 3.366466 3.415172 3.548470 3.573910 3.359843 3.084707 3.098503 3.062174 3.201356 3.145441 3.346254 3.393632 3.684427 3.738412 3.784260 4.182601 4.259896 4.091478 4.356097 4.344491 4.198782 3.891660 3.832041 3.858540 3.605952 3.404087 3.449980 3.420430 3.157298 3.025794 2.807956
4.560960 4.794929 4.630152 4.390861 4.479797 4.151190 4.009916 3.693830 3.597196 3.951096 4.152821 4.390254 4.319807 4.488467 4.282054 4.374648 4.200109 4.127581 3.883258 3.672740 3.347112 3.160532 3.268341 3.092511 3.105817 2.908673 2.954910 3.296606 3.355851 3.419092 3.240131 3.294610 3.237449 3.496306 3.556725 3.707449 3.739963 3.519954 3.221508 3.235733 3.187267 3.334547 3.266929 3.472468 3.510289 3.806663 3.850366 3.884126 4.296453 4.391288 4.214916 4.489586 4.465239 4.322668 4.007621 3.930253 3.953211 3.699433 3.481338 3.512819 3.485373 3.214541 3.068784 2.840585
4.478909 4.719268 4.569208 4.334807 4.432481 4.116750 3.993794 3.699229 3.623057 3.970586 4.164498 4.379739 4.306378 4.459349 4.251853 4.332497 4.144187 4.077323 3.853328 3.636237 3.316473 3.124895 3.217623 3.038982 3.043225 2.860996 2.893939 3.220335 3.294887 3.359192 3.203170 3.263626 3.223763 3.483391 3.555936 3.720515 3.761585 3.558805 3.259571 3.272485 3.207797 3.348339 3.269160 3.457192 3.476029 3.752220 3.778051 3.793151 4.192185 4.303207 4.128078 4.395262 4.355605 4.226620 3.926131 3.833205 3.850155 3.616292 3.399552 3.413463 3.391325 3.139850 2.995971 2.788047
4.498123 4.736380 4.582656 4.348658 4.444383 4.125398 3.996600 3.693434 3.609894 3.960559 4.155861 4.379184 4.305229 4.462654 4.254597 4.338116 4.155572 4.085234 3.854759 3.641791 3.320546 3.132291 3.231220 3.054897 3.063456 2.876653 2.915366 3.247523 3.315665 3.378140 3.213200 3.270131 3.222932 3.480810 3.547450 3.706398 3.742735 3.533239 3.235671 3.250064 3.192701 3.336487 3.262985 3.458319 3.485300 3.769506 3.803184 3.824340 4.228451 4.332492 4.155357 4.423237 4.388281 4.253223 3.949143 3.862674 3.880254 3.639513 3.423964 3.444000 3.418895 3.161649 3.018490 2.803752
4.723761 4.969839 4.805462 4.560432 4.656910 4.320367 4.178967 3.853096 3.755697 4.125036 4.332370 4.574495 4.499281 4.669325 4.453610 4.544966 4.359085 4.283807 4.035962 3.814389 3.472363 3.272645 3.382842 3.193992 3.205572 3.001096 3.046253 3.408111 3.477781 3.543158 3.361535 3.419881 3.363697 3.636736 3.702262 3.863523 3.897876 3.669382 3.354552 3.370707 3.317516 3.473510 3.400703 3.614447 3.649752 3.955134 3.995661 4.021760 4.448330 4.553047 4.367581 4.648943 4.615602 4.471443 4.149737 4.061756 4.080533 3.822872 3.593765 3.615890 3.587745 3.309284 3.153482 2.914181
4.798049 5.057906 4.904276 4.656397 4.764210 4.431061 4.304172 3.990646 3.910150 4.284352 4.491135 4.717578 4.638512 4.797713 4.575587 4.657788 4.450956 4.380616 4.146472 3.909163 3.560016 3.344883 3.442720 3.240596 3.241619 3.043456 3.074986 3.437364 3.528690 3.598603 3.435621 3.503806 3.464523 3.750174 3.831724 4.013072 4.058304 3.839140 3.510275 3.525141 3.452851 3.608005 3.519605 3.722844 3.738371 4.031891 4.052882 4.058504 4.483216 4.610505 4.421832 4.704221 4.652435 4.520587 4.204564 4.094602 4.107541 3.864091 3.626204 3.627172 3.604813 3.336158 3.173034 2.942873
4.732728 4.994783 4.850920 4.608346 4.721194 4.397769 4.282290 3.982035 3.913775 4.282946 4.483128 4.695921 4.614386 4.763251 4.540942 4.615205 4.402536 4.334759 4.113562 3.875323 3.532366 3.317314 3.406637 3.205669 3.202448 3.014628 3.039315 3.390176 3.488310 3.557414 3.407685 3.477754 3.447559 3.730533 3.817220 4.004735 4.053364 3.845014 3.519083 3.533722 3.453786 3.604462 3.511239 3.703923 3.709748 3.990800 4.002874 3.998093 4.413291 4.547827 4.359933 4.635523 4.575488 4.450866 4.145463 4.028564 4.037490 3.806360 3.572053 3.564005 3.544068 3.288560 3.128926 2.912421
4.943332 5.220119 5.081423 4.833447 4.956781 4.629490 4.520795 4.219885 4.159159 4.541029 4.744753 4.953377 4.866657 5.011412 4.779681 4.848889 4.618734 4.551588 4.334512 4.081787 3.725488 3.495265 3.579954 3.364903 3.355467 3.166523 3.183907 3.546743 3.661661 3.734202 3.591909 3.669007 3.647473 3.945048 4.042507 4.246146 4.301120 4.091720 3.749052 3.764182 3.672374 3.827937 3.724199 3.916980 3.911855 4.192874 4.193534 4.173997 4.597327 4.749261 4.553908 4.834488 4.759783 4.640120 4.333087 4.198892 4.202529 3.975983 3.730742 3.706734 3.689371 3.434281 3.265104 3.046706
4.979530 5.260602 5.126519 4.880318 5.008389 4.683561 4.579790 4.281023 4.225147 4.609517 4.810971 5.015582 4.925419 5.065829 4.830798 4.895760 4.660943 4.592995 4.380340 4.125685 3.768147 3.535951 3.618479 3.401776 3.391063 3.205293 3.220414 3.583540 3.703004 3.774627 3.636438 3.714122 3.695561 3.994386 4.093957 4.302236 4.357772 4.150113 3.805683 3.822030 3.727118 3.883647 3.777919 3.969233 3.960657 4.239625 4.237049 4.211113 4.634773 4.791248 4.592718 4.871327 4.790728 4.672456 4.368586 4.229675 4.229780 4.006959 3.761501 3.731616 3.714273 3.463182 3.293971 3.078742
