1	156.29
2	134.07
3	136.49
4	148.16
5	143.32
6	155.33
7	150.16
8	107.93
9	118.59
10	141.69
11	142.14
12	144.23
13	145.45
14	151.08
15	141.29
16	134.72
17	140.70
18	153.68
19	134.94
20	135.97
21	129.09
22	121.33
23	155.01
24	148.06
25	133.88
26	149.38
27	132.66
28	132.73
29	141.80
30	140.08
31	114.94
32	139.23
33	134.30
34	133.40
35	137.25
36	120.84
37	146.74
38	142.19
39	136.12
40	145.87
41	146.01
42	125.92
43	107.03
44	141.56
45	146.21
46	121.74
47	163.38
48	127.69
49	143.40
50	155.30
51	140.61
52	150.88
53	118.72
54	131.31
55	131.56
56	135.32
57	142.72
58	146.78
59	139.66
60	141.70
61	155.07
62	159.16
63	146.65
64	149.37
65	122.81
66	142.74
67	148.60
68	126.84
69	143.37
70	138.47
71	150.58
72	141.43
73	143.86
74	139.06
75	124.95
76	134.64
77	136.42
78	122.23
79	135.90
80	164.82
81	151.73
82	145.23
83	137.51
84	150.74
85	133.70
86	153.95
87	149.85
88	154.31
89	135.73
90	140.03
91	152.95
92	141.01
93	119.02
94	148.51
95	145.44
96	139.67
97	129.40
98	144.42
99	150.68
100	112.67
101	132.85
