1	226.94
2	279.9
3	183.37
4	185.51
5	191.96
6	190.53
7	173.65
8	336.06
9	172.18
10	162.84
11	168.64
12	180.1
13	158.89
14	181.79
15	179.12
16	171.10
17	184.31
18	225.61
19	173.92
20	159.01
21	163.45
22	173.60
23	186.74
24	200.24
25	150.11
26	241.21
27	243.8
28	189.64
29	155.24
30	173.30
31	181.37
32	180.32
33	175.02
34	135.00
35	154.46
36	158.57
37	178.92
38	165.46
39	174.28
40	178.50
41	175.95
42	205.35
43	170.00
44	182.89
45	163.72
46	220.6
47	182.21
48	199.49
49	154.59
50	218.85
51	178.39
52	171.94
53	176.88
54	161.63
55	161.56
56	147.93
57	153.75
58	186.84
59	188.7
60	181.76
61	190.03
62	179.55
63	228.59
64	201.49
65	150.05
66	165.66
67	230.57
68	196.19
69	179.77
70	192.03
71	184.6
72	187.93
73	164.36
74	173.31
75	186.46
76	207.31
77	159.70
78	175.51
79	168.52
80	179.22
81	254.03
82	192.75
83	172.76
84	273.61
85	176.82
86	193.79
87	157.13
88	225.77
89	171.46
90	176.44
91	167.36
92	184.62
93	207.16
94	179.36
95	180.46
96	235.24
97	157.41
98	172.43
99	167.05
100	180.73
101	164.34
