1 31.96
2 31.96
3 39.48
4 39.48
5 33.47
6 33.47
7 29.82
8 29.82
9 33.00
10 33.00
11 27.84
12 27.84
13 34.17
14 34.17
15 26.63
16 26.63
17 23.86
18 23.86
19 30.70
20 30.70
21 28.73
22 28.73
23 21.29
24 21.29
25 35.12
26 35.12
27 31.92
28 31.92
29 20.20
30 20.20
31 36.78
32 36.78
33 36.69
34 36.69
35 29.30
36 29.30
37 34.04
38 34.04
39 30.12
40 30.12
41 28.41
42 28.41
43 24.64
44 24.64
45 28.37
46 28.37
47 35.54
48 35.54
49 24.83
50 24.83
51 24.64
52 24.64
53 26.01
54 26.01
55 16.20
56 16.20
57 26.53
58 26.53
59 29.12
60 29.12
61 27.56
62 27.56
63 30.89
64 30.89
65 25.88
66 25.88
67 34.60
68 34.60
69 33.46
70 33.46
71 33.41
72 33.41
73 35.01
74 35.01
75 30.32
76 30.32
77 21.10
78 21.10
79 23.04
80 23.04
81 27.23
82 27.23
83 29.12
84 29.12
85 25.89
86 25.89
87 35.07
88 35.07
89 30.11
90 30.11
91 35.01
92 35.01
93 34.94
94 34.94
95 41.13
96 41.13
97 20.65
98 20.65
99 28.23
100 28.23
101 36.94
102 36.94
