1 -0.02
2 -0.02
3 0.90
4 0.90
5 -0.34
6 -0.34
7 -0.14
8 -0.14
9 0.02
10 0.02
11 -0.48
12 -0.48
13 0.40
14 0.40
15 -0.52
16 -0.52
17 -0.33
18 -0.33
19 -0.36
20 -0.36
21 -0.01
22 -0.01
23 0.16
24 0.16
25 0.03
26 0.03
27 0.01
28 0.01
29 0.06
30 0.06
31 0.03
32 0.03
33 0.14
34 0.14
35 -0.06
36 -0.06
37 -0.10
38 -0.10
39 0.01
40 0.01
41 0.05
42 0.05
43 -0.14
44 -0.14
45 0.48
46 0.48
47 -0.08
48 -0.08
49 -0.52
50 -0.52
51 -0.08
52 -0.08
53 0.27
54 0.27
55 0.36
56 0.36
57 0.31
58 0.31
59 -0.51
60 -0.51
61 0.31
62 0.31
63 0.17
64 0.17
65 -0.03
66 -0.03
67 0.02
68 0.02
69 0.95
70 0.95
71 0.03
72 0.03
73 -0.16
74 -0.16
75 0.44
76 0.44
77 -0.83
78 -0.83
79 0.00
80 0.00
81 0.91
82 0.91
83 -0.56
84 -0.56
85 -0.01
86 -0.01
87 1.07
88 1.07
89 0.05
90 0.05
91 0.14
92 0.14
93 0.03
94 0.03
95 0.15
96 0.15
97 -0.43
98 -0.43
99 0.23
100 0.23
101 -0.04
102 -0.04
103 0.30
104 0.30
105 -0.25
106 -0.25
107 -0.06
108 -0.06
109 0.75
110 0.75
111 0.02
112 0.02
113 0.57
114 0.57
115 1.01
116 1.01
117 -0.07
118 -0.07
119 0.66
120 0.66
121 0.41
122 0.41
123 0.39
124 0.39
125 0.08
126 0.08
127 0.57
128 0.57
129 -0.34
130 -0.34
131 0.44
132 0.44
133 -0.26
134 -0.26
135 -0.53
136 -0.53
137 -0.38
138 -0.38
139 0.28
140 0.28
141 -0.26
142 -0.26
143 0.08
144 0.08
145 0.06
146 0.06
147 -0.24
148 -0.24
149 0.37
150 0.37
151 0.26
152 0.26
153 0.11
154 0.11
155 0.29
156 0.29
157 -0.09
158 -0.09
159 0.30
160 0.30
161 -0.13
162 -0.13
163 0.10
164 0.10
165 0.23
166 0.23
167 -0.62
168 -0.62
169 0.10
170 0.10
171 -0.23
172 -0.23
173 0.00
174 0.00
175 0.31
176 0.31
177 0.42
178 0.42
179 0.33
180 0.33
181 -0.64
182 -0.64
183 -0.21
184 -0.21
185 0.44
186 0.44
187 0.08
188 0.08
189 0.19
190 0.19
191 0.26
192 0.26
193 0.01
194 0.01
195 -0.09
196 -0.09
197 0.01
198 0.01
199 0.23
200 0.23
201 0.03
202 0.03
