1	162.98
2	167.72
3	157.44
4	156.62
5	162.87
6	165.94
7	158.49
8	162.21
9	157.43
10	151.58
11	158.04
12	170.56
13	172.37
14	161.66
15	171.59
16	170.55
17	159.30
18	162.32
19	159.78
20	155.97
21	151.87
22	156.91
23	144.80
24	144.89
25	158.30
26	155.08
27	155.80
28	157.44
29	173.88
30	165.30
31	174.48
32	167.64
33	163.96
34	165.87
35	151.78
36	162.99
37	155.78
38	159.51
39	167.70
40	147.51
41	150.37
42	141.08
43	171.97
44	149.79
45	169.86
46	170.59
47	155.84
48	151.27
49	158.07
50	157.49
51	160.35
