1 10.09
2 10.09
3 10.51
4 10.51
5 8.93
6 8.93
7 10.25
8 10.25
9 11.32
10 11.32
11 12.70
12 12.70
13 8.03
14 8.03
15 9.61
16 9.61
17 6.56
18 6.56
19 9.22
20 9.22
21 11.91
22 11.91
23 8.74
24 8.74
25 9.96
26 9.96
27 9.82
28 9.82
29 11.27
30 11.27
31 11.43
32 11.43
33 10.26
34 10.26
35 11.86
36 11.86
37 7.87
38 7.87
39 11.32
40 11.32
41 10.61
42 10.61
43 9.83
44 9.83
45 10.51
46 10.51
47 7.33
48 7.33
49 4.84
50 4.84
51 11.20
52 11.20
53 10.03
54 10.03
55 7.51
56 7.51
57 7.20
58 7.20
59 8.97
60 8.97
61 13.34
62 13.34
63 9.09
64 9.09
65 9.87
66 9.87
67 9.32
68 9.32
69 10.59
70 10.59
71 8.93
72 8.93
73 11.64
74 11.64
75 7.52
76 7.52
77 6.60
78 6.60
79 7.14
80 7.14
81 8.89
82 8.89
83 10.29
84 10.29
85 7.78
86 7.78
87 8.62
88 8.62
89 9.69
90 9.69
91 13.20
92 13.20
93 8.74
94 8.74
95 12.72
96 12.72
97 10.38
98 10.38
99 8.48
100 8.48
101 8.99
102 8.99
