1	-19.04
2	-18.85
3	-16.11
4	-19.00
5	-20.54
6	-18.25
7	-18.48
8	-18.52
9	-19.36
10	-19.03
11	-16.86
12	-17.00
13	-17.46
14	-21.03
15	-16.61
16	-17.88
17	-19.60
18	-16.37
19	-16.00
20	-19.62
21	-18.45
22	-17.79
23	-18.19
24	-18.36
25	-19.09
26	-18.13
27	-17.13
28	-20.49
29	-19.27
30	-19.83
31	-18.48
32	-20.16
33	-18.21
34	-19.44
35	-21.38
36	-18.91
37	-23.49
38	-18.24
39	-21.49
40	-20.31
41	-17.79
42	-17.45
43	-17.50
44	-20.42
45	-16.70
46	-16.94
47	-17.90
48	-21.90
49	-19.65
50	-17.59
51	-20.55
