2	AT   1.25   5.60
3	TA   1.43   4.40
4	TA   1.14   3.30
5	AT   1.50   2.10
6	CG   3.01   0.80
7	AT   4.53   0.40
8	TA   3.71   0.40
9	AT   4.33   0.40
10	CG   4.87   0.30
11	AT   3.23   0.50
12	TA   0.02   0.80
13	AT   1.96   1.60
14	CG   1.32   2.50
15	AT  -1.21   2.70
16	GC  -0.96   3.30
17	AT   0.81   2.90
18	TA   1.32   2.80
19	TA   3.34   3.60
20	AT   2.09   3.20
21	CG   8.26   3.70
22	AT   5.85   3.60
23	TA   4.77   3.20
24	AT   2.90   3.50
25	CG   4.02   3.90
26	AT   4.09   4.30
27	TA   3.76   4.10
28	AT   4.18   4.70
29	CG  11.58   3.90
30	AT  21.48   3.70
31	GC  17.01   4.40
32	AT  21.49   3.60
33	TA  23.88   2.00
34	TA  21.53   1.00
35	AT  11.97   2.50
36	CG   6.08   3.40
37	AT   5.72   3.00
38	TA   5.43   4.00
39	AT   5.10   4.60
40	CG   6.46   4.30
41	AT   4.66   4.40
42	TA   5.73   4.20
43	AT   6.37   3.20
44	CG   6.61   4.00
45	AT   5.99   3.60
46	GC   3.96   4.00
47	AT   2.99   3.60
48	TA   0.74   3.50
49	TA   1.07   3.70
50	AT  -2.23   3.80
51	CG   3.12   3.40
52	AT   3.27   3.60
53	TA   3.26   3.60
54	AT   3.92   4.30
55	CG   5.97   3.60
56	AT   4.95   3.80
57	TA   6.31   3.90
58	AT   7.17   4.10
59	CG   7.89   3.20
60	AT   5.55   2.30
61	GC   6.55   3.30
62	AT   6.40   2.50
63	TA   4.99   1.20
64	TA   6.93   0.60
65	AT   3.97   0.90
66	CG   4.70   1.80
67	AT   5.74   2.10
68	TA   4.88   2.60
69	AT   2.93   3.20
70	CG   5.50   4.20
71	AT   2.26   5.50
72	TA   1.55   4.40
73	AT   3.42   4.10
74	CG   5.53   3.80
75	AT   3.31   4.30
76	GC   2.12   5.00
77	AT   3.19   4.50
78	TA   3.40   4.00
79	TA   7.21   3.20
80	AT  13.76   2.70
81	CG  26.94   3.00
82	AT  22.53   2.40
83	TA  21.24   1.30
84	AT  22.38   1.50
85	CG  16.66   3.30
86	AT   8.98   4.00
87	TA   8.27   4.80
88	AT   7.40   5.80
89	CG   6.33   6.80
