2	AT   1.62   5.40
3	TA  -0.38   4.70
4	TA  -1.86   3.50
5	AT   2.02   2.40
6	CG   5.12   1.30
7	AT   1.34   0.90
8	TA  -0.75   0.50
9	AT   0.96   0.80
10	CG   8.07   0.80
11	AT  -6.01   0.90
12	TA   2.71   1.40
13	AT   1.92   1.30
14	CG   2.27   2.00
15	AT  -2.79   4.40
16	GC   2.13   7.10
17	AT   0.61   7.70
18	TA   0.20   5.90
19	TA  -6.06   6.90
20	AT   3.30   5.30
21	CG   1.35   5.70
22	AT  -1.99   8.10
23	TA  -1.59   8.30
24	AT   6.19   8.10
25	CG   5.49   7.80
26	AT  -1.80   9.90
27	TA  -3.54  11.20
28	AT   8.42   8.40
29	CG  15.81   6.00
30	AT   1.41   5.50
31	GC -14.75   3.50
32	AT  14.90   2.00
33	TA   6.78   2.10
34	TA  -4.40   2.30
35	AT  -5.12   1.70
36	CG   1.35   2.20
37	AT   3.28   6.60
38	TA  -1.67  12.30
39	AT   3.04   8.20
40	CG  10.81   6.10
41	AT   1.65   6.50
42	TA  -2.34  10.00
43	AT   5.24  10.50
44	CG   2.70   8.30
45	AT  -2.74   7.30
46	GC  -1.66   7.30
47	AT  -0.07   7.00
48	TA  -1.04   5.20
49	TA  -5.72   5.50
50	AT   1.02   4.60
51	CG   1.35   5.60
52	AT   0.17   7.50
53	TA  -2.76   8.40
54	AT   6.70   8.90
55	CG   5.97   7.50
56	AT  -1.68   9.70
57	TA  -2.85  10.30
58	AT   7.45  11.00
59	CG  -2.89   7.60
60	AT   0.94   4.70
61	GC   0.34   2.10
62	AT  -4.89   1.50
63	TA   2.87   1.60
64	TA  -2.19   1.20
65	AT   0.00   1.10
66	CG   0.05   1.50
67	AT   9.96   3.00
68	TA -14.33   5.80
69	AT  10.93   6.20
70	CG   8.82   5.90
71	AT  -2.52   5.60
72	TA  -2.81   8.30
73	AT  10.30   9.70
74	CG   0.56   7.40
75	AT  -2.51   6.90
76	GC   1.48   8.50
77	AT   1.21   8.10
78	TA   3.85   5.40
79	TA  -1.43   6.50
80	AT   2.69   4.40
81	CG  14.92   3.40
82	AT -19.18   2.10
83	TA  12.44   1.80
84	AT  16.06   1.60
85	CG  -5.96   1.70
86	AT  -3.31   3.80
87	TA   0.73   6.60
88	AT   0.28   8.80
89	CG   4.51   8.40
