1	-67.12
2	-103.27
3	-103.98
4	-129.48
5	-137.25
6	-103.91
7	-69.19
8	-135.51
9	-91.32
10	-124.19
11	-74.68
12	-102.98
13	-162.51
14	-104.93
15	-126.53
16	-128.71
17	-111.05
18	-106.66
19	-102.16
20	-50.33
21	-111.53
22	-103.81
23	-122.02
24	-90.91
25	-90.7
26	-63.61
27	-76.42
28	-111.91
29	-115.17
30	-111.79
31	-110.88
32	-115.54
33	-90.42
34	-111.81
35	-90.61
36	-99.12
37	-79.24
38	-87.04
39	-115.69
40	-104.42
41	-103.12
42	-127.13
43	-50.74
44	-87.94
45	-79.72
46	-72.79
47	-48.42
48	-88.13
49	-137.85
50	-72.02
51	-59.97
52	-56.22
53	-71.98
54	-22.02
55	-68.03
56	-47.17
57	-111.51
58	-82.03
59	-113.43
60	-97.07
61	-96.03
62	-63.66
63	-93.39
64	-74.8
65	-114.04
66	-118.46
67	-113
68	-109.88
69	-100.19
70	-126.55
71	-66.18
72	-88.34
73	-122.1
74	-53.83
75	-62.29
76	-122.1
77	-146.43
78	-88.75
79	-129.6
80	-151.32
81	-88.31
82	-140.55
83	-128.36
84	-148.48
85	-112.94
86	-104.69
87	-151.5
88	-110.53
89	-148.39
90	-155.11
91	-70.31
92	-167.31
93	-134.23
94	-129.05
95	-97.06
96	-76.26
97	-143.87
98	-94.11
99	-88.43
100	-111.29
101	-105.53
