1	53.43
2	57.62
3	47.89
4	60.60
5	51.40
6	52.33
7	47.95
8	54.91
9	55.14
10	55.76
11	58.53
12	58.97
13	53.26
14	55.20
15	58.93
16	52.57
17	55.41
18	58.72
19	54.58
20	54.76
21	54.03
22	55.45
23	58.56
24	50.19
25	57.47
26	52.45
27	64.00
28	54.99
29	48.50
30	54.88
31	59.17
32	61.95
33	53.85
34	52.15
35	49.39
36	45.53
37	57.71
38	52.03
39	60.27
40	61.04
41	52.95
42	51.88
43	51.54
44	49.51
45	55.26
46	51.08
47	52.13
48	59.52
49	54.15
50	55.15
51	51.51
52	53.98
53	47.04
54	47.12
55	46.58
56	53.78
57	46.98
58	57.93
59	49.25
60	53.19
61	51.67
62	63.20
63	56.40
64	54.55
65	57.14
66	51.82
67	51.18
68	58.94
69	57.63
70	58.09
71	53.02
72	56.98
73	61.46
74	59.59
75	55.18
76	58.37
77	54.58
78	53.03
79	61.08
80	53.82
81	63.44
82	58.20
83	55.71
84	54.78
85	61.01
86	58.23
87	48.88
88	61.38
89	53.79
90	51.67
91	56.43
92	55.79
93	53.39
94	51.93
95	50.22
96	63.92
97	61.33
98	61.72
99	53.97
100	51.87
101	58.10
