1	162.07
2	164.24
3	164.59
4	165.96
5	160.52
6	163.53
7	160.96
8	164.52
9	160.48
10	165.71
11	163.91
12	164.83
13	164.81
14	164.29
15	162.68
16	161.85
17	162.56
18	162.68
19	162.43
20	161.97
21	163.14
22	163.36
23	164.46
24	161.59
25	162.52
26	160.86
27	161.25
28	161.28
29	160.12
30	158.37
31	160.70
32	162.22
33	158.17
34	162.82
35	162.46
36	162.21
37	163.88
38	160.30
39	162.56
40	161.60
41	163.45
42	163.75
43	163.73
44	160.07
45	163.68
46	164.43
47	162.61
48	161.60
49	163.27
50	163.18
51	164.57
