1	165.37
2	161.67
3	163.67
4	167.16
5	161.41
6	174.89
7	169.90
8	174.07
9	163.52
10	152.45
11	155.81
12	162.85
13	166.25
14	187.15
15	173.15
16	161.96
17	156.96
18	163.57
19	177.79
20	165.88
21	173.01
22	149.92
23	172.22
24	162.21
25	180.64
26	132.95
27	161.81
28	156.07
29	159.10
30	173.99
31	160.25
32	161.81
33	160.51
34	162.39
35	169.86
36	189.58
37	165.33
38	140.71
39	173.82
40	162.92
41	148.85
42	187.96
43	178.04
44	149.98
45	180.14
46	156.13
47	176.85
48	158.27
49	156.40
50	154.36
51	161.86
