1	-66.51
2	-105.48
3	-82.05
4	-87.4
5	-95.87
6	-69.25
7	-78.84
8	-65.79
9	-56.97
10	44.61
11	-111.66
12	-102.48
13	-81.61
14	-101
15	-81.51
16	-64.16
17	-87.58
18	-95.6
19	-94.31
20	-122.45
21	-21.55
22	-43.91
23	-111.96
24	-42.46
25	-28.22
26	2.06999999999999
27	-15.01
28	-14.99
29	-51.74
30	-78.37
31	-57.04
32	-112.81
33	-57.38
34	-74.42
35	-108.1
36	-118.01
37	-92.7
38	-74.43
39	18.81
40	21.36
41	-28.35
42	-142.58
43	-78.79
44	19.47
45	-48.15
46	23.84
47	-63.2
48	-66.38
49	-94.46
50	-64.3
51	-62.09
