1 0.09
2 0.09
3 -0.94
4 -0.94
5 -0.41
6 -0.41
7 -0.67
8 -0.67
9 -0.58
10 -0.58
11 -0.94
12 -0.94
13 -0.46
14 -0.46
15 0.19
16 0.19
17 -0.36
18 -0.36
19 -0.20
20 -0.20
21 -0.13
22 -0.13
23 -1.07
24 -1.07
25 0.49
26 0.49
27 -0.22
28 -0.22
29 -0.34
30 -0.34
31 -0.78
32 -0.78
33 -0.16
34 -0.16
35 -0.22
36 -0.22
37 -0.26
38 -0.26
39 -0.38
40 -0.38
41 -0.09
42 -0.09
43 -0.76
44 -0.76
45 -0.67
46 -0.67
47 0.03
48 0.03
49 -0.54
50 -0.54
51 0.02
52 0.02
53 -0.88
54 -0.88
55 -0.40
56 -0.40
57 -0.41
58 -0.41
59 0.05
60 0.05
61 -0.10
62 -0.10
63 -0.74
64 -0.74
65 -0.56
66 -0.56
67 -0.02
68 -0.02
69 -0.72
70 -0.72
71 -0.20
72 -0.20
73 -0.24
74 -0.24
75 -0.48
76 -0.48
77 -1.05
78 -1.05
79 0.09
80 0.09
81 0.44
82 0.44
83 -0.23
84 -0.23
85 -0.25
86 -0.25
87 -0.22
88 -0.22
89 0.07
90 0.07
91 0.34
92 0.34
93 -0.44
94 -0.44
95 -0.34
96 -0.34
97 -0.49
98 -0.49
99 -0.57
100 -0.57
101 -0.57
102 -0.57
