1	167.62
2	160.52
3	164.29
4	176.37
5	166.15
6	178.78
7	155.19
8	169.71
9	171.93
10	169.16
11	171.76
12	170.18
13	151.06
14	172.52
15	164.64
16	167.32
17	170.28
18	162.31
19	143.06
20	176.17
21	150.96
22	172.76
23	165.07
24	168.92
25	185.18
26	164.58
27	161.48
28	136.22
29	177.95
30	173.97
31	179.65
32	170.65
33	135.66
34	169.85
35	173.30
36	162.85
37	171.18
38	152.19
39	157.17
40	192.26
41	149.26
42	162.44
43	168.42
44	146.58
45	170.43
46	173.45
47	175.10
48	163.78
49	174.98
50	162.48
51	163.10
