1	300.64
2	289.73
3	295.13
4	260.87
5	265.74
6	312.39
7	299.67
8	290.97
9	286.93
10	300.8
11	288.34
12	267.36
13	290.65
14	301.07
15	301.56
16	269.48
17	272.43
18	301.92
19	272.98
20	286.99
21	284.92
22	296.68
23	238.89
24	286.5
25	274.07
26	317.06
27	287.6
28	300.99
29	286.48
30	272.72
31	302.8
32	295.55
33	299.23
34	287.12
35	315.5
36	309.25
37	290.48
38	300.67
39	260.99
40	280
41	302.11
42	283.48
43	269.97
44	262.1
45	264.4
46	321.06
47	290.16
48	280.74
49	302.15
50	281.5
51	311.91
52	265.71
53	273.87
54	299.45
55	291.39
56	292.45
57	274.93
58	297.76
59	288.13
60	303.52
61	251.69
62	295.08
63	296.87
64	297.37
65	238.07
66	296.39
67	307.44
68	264.28
69	272.39
70	300.52
71	282.04
72	298.51
73	279.53
74	301.27
75	300.4
76	287.38
77	305.11
78	309.27
79	281.73
80	265.92
81	281.87
82	291.66
83	268.41
84	254.45
85	275.67
86	278.69
87	291.18
88	273.12
89	285.45
90	310.4
91	291.9
92	271.24
93	266.34
94	297.01
95	292.96
96	297.63
97	280.18
98	292.36
99	291.89
100	295.74
101	264.69
