1	-0.860000000000014
2	-21.28
3	4.56
4	65.89
5	101.92
6	-41.41
7	-105.53
8	23.6
9	50.64
10	-4.92999999999998
11	-93.97
12	70.55
13	4.56999999999999
14	-52.84
15	-74.4
16	68.01
17	84.76
18	-30.95
19	86.36
20	-100.38
21	22.15
22	-42.3
23	115.74
24	124.83
25	18.67
26	-75.06
27	-21.2
28	-93.94
29	1.78999999999999
30	80.96
31	-84.19
32	-27.23
33	-6.35999999999999
34	-97.97
35	-89.08
36	-79.02
37	-110.96
38	-27.61
39	82.77
40	-14.48
41	-38.71
42	26.46
43	48.14
44	34.94
45	46.27
46	-94.97
47	-92.01
48	3.61000000000001
49	-82.53
50	-44.8
51	-63.44
52	40.65
53	-4.49000000000001
54	-65.44
55	-73.04
56	-99.4
57	65.93
58	11.24
59	-23.35
60	-99.68
61	125.25
62	-125.86
63	-44.59
64	-25.05
65	71.84
66	-50
67	-96.63
68	109.16
69	69.64
70	-13.41
71	-56.28
72	14.59
73	27.46
74	-99.5
75	-96.01
76	21.18
77	-29.16
78	-112.02
79	-12.3
80	25.47
81	25.83
82	-30.71
83	64.24
84	52.2
85	82.98
86	48.83
87	-61.75
88	-47.92
89	-19.6
90	-130.13
91	-75.12
92	84.38
93	0.379999999999995
94	-43.81
95	-57.43
96	-87.12
97	26.06
98	-107.73
99	-4.10999999999999
100	-57.08
101	81.61
