1	151.86
2	136.81
3	162.23
4	142.51
5	125.60
6	154.29
7	122.58
8	139.14
9	144.91
10	156.32
11	98.73
12	137.09
13	143.03
14	129.62
15	135.69
16	137.21
17	129.50
18	136.89
19	142.25
20	115.18
21	139.92
22	162.28
23	131.91
24	117.83
25	108.85
26	163.10
27	152.06
28	121.86
29	140.21
30	137.14
31	140.20
32	133.87
33	143.78
34	114.82
35	125.55
36	117.47
37	117.59
38	154.53
39	144.61
40	146.87
41	133.33
42	148.18
43	129.21
44	108.95
45	141.31
46	148.25
47	122.92
48	139.81
49	136.84
50	132.02
51	136.43
52	131.45
53	112.55
54	135.10
55	139.82
56	124.09
57	143.24
58	141.75
59	138.31
60	110.10
61	127.31
62	96.47
63	122.04
64	150.67
65	140.82
66	136.80
67	133.15
68	122.04
69	143.35
70	160.95
71	153.92
72	151.28
73	147.95
74	153.21
75	136.88
76	145.61
77	150.96
78	115.62
79	137.95
80	144.99
81	147.46
82	139.52
83	132.64
84	143.03
85	127.19
86	150.39
87	156.34
88	141.82
89	138.36
90	113.65
91	143.98
92	143.42
93	129.50
94	147.38
95	141.51
96	146.67
97	141.62
98	136.32
99	139.08
100	144.23
101	134.19
