1 34.76
2 34.76
3 27.34
4 27.34
5 33.57
6 33.57
7 32.39
8 32.39
9 31.87
10 31.87
11 29.01
12 29.01
13 35.00
14 35.00
15 32.27
16 32.27
17 26.10
18 26.10
19 33.84
20 33.84
21 27.95
22 27.95
23 25.42
24 25.42
25 35.37
26 35.37
27 29.42
28 29.42
29 34.96
30 34.96
31 26.50
32 26.50
33 33.11
34 33.11
35 31.68
36 31.68
37 26.93
38 26.93
39 36.26
40 36.26
41 38.49
42 38.49
43 38.91
44 38.91
45 30.45
46 30.45
47 29.06
48 29.06
49 25.73
50 25.73
51 27.50
52 27.50
53 28.19
54 28.19
55 33.19
56 33.19
57 26.14
58 26.14
59 30.11
60 30.11
61 32.69
62 32.69
63 28.81
64 28.81
65 27.87
66 27.87
67 36.88
68 36.88
69 30.55
70 30.55
71 34.49
72 34.49
73 26.79
74 26.79
75 26.35
76 26.35
77 23.38
78 23.38
79 38.12
80 38.12
81 32.30
82 32.30
83 31.43
84 31.43
85 31.87
86 31.87
87 38.23
88 38.23
89 35.49
90 35.49
91 39.69
92 39.69
93 27.87
94 27.87
95 19.63
96 19.63
97 23.36
98 23.36
99 36.73
100 36.73
101 29.64
102 29.64
