1	36.38
2	34.10
3	38.12
4	36.05
5	43.96
6	41.55
7	45.78
8	30.74
9	36.48
10	35.25
11	43.10
12	38.97
13	31.61
14	37.95
15	38.10
16	41.92
17	42.27
18	37.20
19	42.51
20	41.61
21	44.56
22	45.22
23	48.76
24	40.22
25	44.23
26	44.43
27	42.40
28	45.59
29	41.10
30	41.07
31	39.04
32	37.08
33	39.76
34	32.80
35	29.47
36	39.32
37	44.75
38	43.92
39	42.16
40	42.47
41	40.86
42	38.52
43	32.02
44	39.84
45	42.13
46	33.92
47	47.90
48	41.54
49	35.92
50	43.00
51	31.51
52	46.53
53	35.22
54	44.52
55	45.49
56	37.23
57	39.99
58	44.74
59	40.94
60	45.82
61	38.68
62	44.30
63	35.83
64	33.19
65	42.76
66	38.63
67	37.89
68	34.30
69	41.10
70	40.66
71	38.66
72	29.54
73	39.73
74	39.96
75	36.75
76	36.81
77	41.64
78	31.96
79	41.73
80	39.64
81	34.02
82	38.90
83	34.26
84	41.52
85	36.67
86	45.78
87	40.59
88	39.77
89	36.88
90	39.14
91	45.56
92	44.59
93	29.65
94	39.91
95	41.24
96	38.83
97	44.30
98	40.43
99	44.86
100	40.47
101	37.35
