1	246.21
2	258.3
3	250.34
4	258.98
5	247.67
6	248.6
7	247.5
8	229.92
9	248.07
10	235.73
11	261.1
12	254.85
13	254.78
14	261.3
15	234.01
16	229.54
17	242.98
18	266.44
19	233.95
20	239.23
21	239.27
22	256.35
23	241.31
24	233.79
25	259.77
26	240.16
27	255.39
28	246.88
29	245.97
30	253.28
31	238.78
32	240.45
33	257.39
34	258.59
35	251.21
36	253.33
37	251.76
38	259.14
39	223.43
40	248.4
41	261.67
42	250.62
43	248.76
44	229.01
45	252.91
46	249.43
47	257.88
48	250.7
49	235.11
50	256.01
51	247.68
52	244.68
53	249.1
54	259.88
55	246.64
56	245.09
57	256.71
58	268.87
59	262.74
60	259.22
61	250.22
62	246.8
63	254.39
64	259.43
65	257.56
66	248.26
67	250.71
68	247.4
69	245.86
70	236.33
71	240.52
72	237.12
73	264.78
74	247.69
75	245.86
76	220.54
77	245.1
78	252.14
79	224.45
80	249.36
81	254.15
82	247.01
83	249.13
84	239.92
85	246.28
86	249.83
87	257.59
88	264.82
89	259.13
90	252.27
91	251.84
92	239.45
93	260.21
94	244.21
95	246.26
96	251.64
97	238.16
98	243.57
99	242.88
100	247.35
101	221.89
