1 3.17
2 3.17
3 3.26
4 3.26
5 1.78
6 1.78
7 3.59
8 3.59
9 3.52
10 3.52
11 3.18
12 3.18
13 3.63
14 3.63
15 3.76
16 3.76
17 3.84
18 3.84
19 3.05
20 3.05
21 3.92
22 3.92
23 3.55
24 3.55
25 4.21
26 4.21
27 3.52
28 3.52
29 3.46
30 3.46
31 4.20
32 4.20
33 3.07
34 3.07
35 3.13
36 3.13
37 3.52
38 3.52
39 3.31
40 3.31
41 2.97
42 2.97
43 3.31
44 3.31
45 2.56
46 2.56
47 2.52
48 2.52
49 3.54
50 3.54
51 2.99
52 2.99
53 3.43
54 3.43
55 2.04
56 2.04
57 3.24
58 3.24
59 3.31
60 3.31
61 3.68
62 3.68
63 3.73
64 3.73
65 3.90
66 3.90
67 3.79
68 3.79
69 2.96
70 2.96
71 4.13
72 4.13
73 3.62
74 3.62
75 2.83
76 2.83
77 3.51
78 3.51
79 3.27
80 3.27
81 4.22
82 4.22
83 2.36
84 2.36
85 3.83
86 3.83
87 2.56
88 2.56
89 2.95
90 2.95
91 2.88
92 2.88
93 3.39
94 3.39
95 2.57
96 2.57
97 3.84
98 3.84
99 3.14
100 3.14
101 1.89
102 1.89
