1 -0.35
2 -0.35
3 -0.66
4 -0.66
5 -0.72
6 -0.72
7 -0.54
8 -0.54
9 -0.65
10 -0.65
11 -0.57
12 -0.57
13 -0.55
14 -0.55
15 0.00
16 0.00
17 -0.25
18 -0.25
19 -1.04
20 -1.04
21 -0.63
22 -0.63
23 -0.20
24 -0.20
25 -0.76
26 -0.76
27 -0.76
28 -0.76
29 -0.95
30 -0.95
31 -0.45
32 -0.45
33 -1.00
34 -1.00
35 -0.30
36 -0.30
37 -0.60
38 -0.60
39 -0.36
40 -0.36
41 -0.81
42 -0.81
43 -0.69
44 -0.69
45 -0.63
46 -0.63
47 -1.17
48 -1.17
49 -0.20
50 -0.20
51 -0.92
52 -0.92
53 -1.20
54 -1.20
55 -1.40
56 -1.40
57 -0.65
58 -0.65
59 -0.69
60 -0.69
61 -0.66
62 -0.66
63 -0.84
64 -0.84
65 -0.97
66 -0.97
67 -0.19
68 -0.19
69 -0.95
70 -0.95
71 0.18
72 0.18
73 -0.45
74 -0.45
75 -0.92
76 -0.92
77 -0.38
78 -0.38
79 -0.98
80 -0.98
81 -1.37
82 -1.37
83 -0.62
84 -0.62
85 -1.06
86 -1.06
87 -0.85
88 -0.85
89 -1.06
90 -1.06
91 -0.64
92 -0.64
93 -0.29
94 -0.29
95 -0.78
96 -0.78
97 -0.69
98 -0.69
99 -0.76
100 -0.76
101 -0.81
102 -0.81
