1	174.60
2	175.81
3	175.02
4	177.15
5	177.01
6	175.66
7	175.96
8	177.07
9	175.52
10	177.51
11	176.28
12	175.74
13	177.49
14	176.60
15	174.60
16	175.31
17	176.26
18	175.46
19	176.34
20	177.01
21	176.66
22	176.84
23	177.18
24	176.46
25	176.87
26	175.40
27	177.90
28	176.85
29	177.67
30	176.80
31	175.47
32	176.05
33	176.43
34	176.45
35	173.54
36	176.15
37	176.38
38	175.34
39	174.38
40	176.10
41	174.88
42	177.29
43	176.74
44	175.46
45	176.42
46	175.89
47	174.53
48	175.30
49	177.22
50	175.11
51	176.57
