1	225.54
2	228.05
3	223.09
4	250.3
5	272.88
6	203.29
7	191.44
8	242.1
9	233.22
10	233.2
11	202.21
12	220.78
13	218.63
14	192.79
15	250.01
16	235.86
17	258.43
18	243.51
19	255.76
20	217.77
21	230.33
22	233.65
23	238.3
24	290.34
25	195.46
26	197.5
27	218.47
28	194.45
29	200.89
30	266.68
31	186.11
32	234.96
33	238.42
34	223.81
35	235.31
36	205.27
37	217.96
38	197.93
39	257.59
40	260.03
41	228.42
42	204.8
43	191.6
44	236.41
45	215.84
46	192.51
47	190.39
48	220.6
49	194.48
50	247.84
51	205.92
52	187.71
53	246.98
54	204.04
55	203.63
56	193.95
57	246.45
58	233.68
59	229.49
60	188.96
61	300.64
62	202.97
63	204.72
64	206.14
65	206.62
66	249.98
67	196.96
68	191.82
69	241.33
70	203.6
71	200.29
72	226.52
73	248.49
74	181.55
75	191.19
76	237.84
77	221.88
78	191.62
79	224.84
80	194.28
81	242.5
82	201.32
83	263.18
84	263.17
85	217.71
86	240.63
87	204.48
88	208.54
89	196.88
90	194.85
91	231.48
92	257.33
93	261.32
94	193.52
95	206.02
96	199.57
97	222.5
98	223.5
99	209.99
100	207.07
101	219.33
