1	225.94
2	249.92
3	218.62
4	185.08
5	170.93
6	245.09
7	297.37
8	229.68
9	183.31
10	209.59
11	281.79
12	201.87
13	193.71
14	269.18
15	171.83
16	197.48
17	173.85
18	238.37
19	166.59
20	255.13
21	241.54
22	215.75
23	236.05
24	171.74
25	285.86
26	276.95
27	234.51
28	266.94
29	272.29
30	179.15
31	273.73
32	214.59
33	227.66
34	274.7
35	189.1
36	252.41
37	254.65
38	237.86
39	181.87
40	174.08
41	249.16
42	258.09
43	300.93
44	249.83
45	249.86
46	258.54
47	297.41
48	227.69
49	276.58
50	182.4
51	271.57
52	302.27
53	250.94
54	280.99
55	272.64
56	281.59
57	184.29
58	205.68
59	240.78
60	308.37
61	157.51
62	286.51
63	275
64	250.96
65	257.55
66	198.92
67	279.15
68	296.46
69	211.59
70	238.45
71	255.88
72	219.43
73	178.77
74	278.67
75	286.3
76	185.05
77	239.29
78	290.07
79	224.67
80	276.55
81	195.81
82	257.81
83	167.54
84	177.62
85	280.75
86	198.13
87	243.83
88	261.61
89	292.69
90	265.57
91	224.32
92	178.20
93	222.7
94	263.24
95	255.1
96	275.23
97	228.19
98	228.87
99	234.58
100	262.49
101	261.97
