1	3.09
2	3.11
3	3.27
4	3.27
5	3.30
6	2.01
7	3.12
8	2.65
9	2.59
10	3.05
11	2.63
12	2.31
13	2.23
14	2.43
15	3.25
16	3.91
17	4.01
18	3.39
19	3.44
20	2.91
21	2.82
22	2.93
23	3.10
24	3.16
25	3.76
26	2.35
27	3.53
28	3.83
29	3.17
30	3.44
31	3.00
32	3.16
33	3.54
34	2.37
35	3.47
36	2.96
37	3.06
38	3.93
39	3.51
40	3.63
41	3.14
42	4.31
43	2.78
44	3.45
45	3.16
46	3.75
47	2.52
48	2.44
49	2.54
50	3.00
51	3.53
52	2.72
53	3.41
54	3.43
55	3.04
56	3.16
57	3.29
58	3.50
59	3.16
60	3.57
61	3.75
62	2.64
63	3.49
64	2.62
65	3.41
66	3.26
67	2.16
68	2.91
69	2.66
70	3.61
71	2.19
72	3.91
73	2.11
74	3.45
75	3.27
76	3.85
77	3.14
78	3.96
79	2.53
80	3.07
81	2.77
82	3.29
83	3.34
84	3.42
85	3.57
86	2.59
87	3.22
88	3.43
89	3.75
90	3.56
91	2.59
92	2.96
93	3.69
94	3.21
95	2.80
96	2.86
97	2.20
98	3.18
99	1.97
100	3.25
101	4.11
