1	0.17
2	-1.83
3	-3.44
4	-1.16
5	-0.12
6	-0.21
7	-4.06
8	0.85
9	1.49
10	-3.21
11	-0.11
12	4.21
13	-1.01
14	-2.10
15	-1.57
16	-2.22
17	0.44
18	-0.45
19	-2.19
20	-0.11
21	2.36
22	-0.25
23	3.42
24	0.56
25	-3.05
26	1.13
27	-3.03
28	-1.66
29	-5.56
30	-3.75
31	-0.44
32	3.47
33	0.57
34	2.51
35	-2.71
36	-0.42
37	-1.82
38	-0.62
39	0.72
40	-0.94
41	-0.41
42	-1.74
43	4.06
44	-2.69
45	-1.87
46	-2.45
47	-0.57
48	-1.13
49	-3.14
50	1.06
51	-0.60
52	0.61
53	-0.61
54	-3.35
55	-1.74
56	-0.96
57	-5.56
58	-0.25
59	0.42
60	1.25
61	-0.99
62	1.72
63	-4.91
64	-0.52
65	0.04
66	-3.02
67	1.20
68	-1.76
69	-0.29
70	-4.00
71	-2.35
72	2.32
73	-0.57
74	-0.72
75	-0.17
76	-0.57
77	-2.94
78	2.26
79	-1.36
80	-0.54
81	-1.07
82	-0.13
83	-0.01
84	-0.69
85	-4.98
86	-2.24
87	-1.64
88	-4.86
89	0.45
90	-1.35
91	-2.84
92	-1.94
93	-2.05
94	-4.91
95	0.31
96	0.73
97	3.38
98	-1.89
99	-0.62
100	-2.47
101	-2.24
