1	156.23
2	146.39
3	139.40
4	146.90
5	147.80
6	149.38
7	142.07
8	156.42
9	145.84
10	158.39
11	148.25
12	145.98
13	137.48
14	144.33
15	145.76
16	163.57
17	150.75
18	149.72
19	154.66
20	151.14
21	121.29
22	133.05
23	151.90
24	156.59
25	134.21
26	150.76
27	145.50
28	149.06
29	159.77
30	148.65
31	145.25
32	150.75
33	134.31
34	136.32
35	142.19
36	132.27
37	136.35
38	139.87
39	141.79
40	137.68
41	130.08
42	141.37
43	136.04
44	130.57
45	140.64
46	136.26
47	157.21
48	155.21
49	143.45
50	145.06
51	124.93
52	152.00
53	147.98
54	123.65
55	156.62
56	132.41
57	141.46
58	150.99
59	150.99
60	145.62
61	137.13
62	128.64
63	144.08
64	155.28
65	141.58
66	152.19
67	149.85
68	153.80
69	144.98
70	137.93
71	134.64
72	130.21
73	139.56
74	131.29
75	144.69
76	152.39
77	145.72
78	119.84
79	158.13
80	140.39
81	143.39
82	157.75
83	157.42
84	139.92
85	132.53
86	150.13
87	154.37
88	134.41
89	126.49
90	155.26
91	153.46
92	143.08
93	145.49
94	144.89
95	157.95
96	130.45
97	143.46
98	153.50
99	156.78
100	133.29
101	146.39
