1	234.95
2	227.14
3	198.43
4	224.67
5	196.44
6	171.89
7	186.95
8	218.14
9	251.93
10	239.69
11	194.55
12	208.97
13	274.82
14	151.38
15	225.88
16	202.57
17	193.86
18	195.29
19	239.53
20	226.44
21	167.69
22	183.41
23	188.53
24	219.47
25	165.47
26	278.36
27	175.08
28	177.36
29	182.26
30	188.54
31	186.09
32	193.53
33	173.07
34	274.48
35	272.9
36	175.92
37	170.25
38	162.69
39	182.66
40	181.49
41	190.46
42	224.93
43	300.89
44	271.22
45	166.58
46	173.89
47	228.73
48	205.58
49	198.24
50	224.49
51	257.13
52	167.69
53	263.33
54	172.14
55	176.89
56	240.4
57	182.09
58	192.73
59	168.64
60	179.84
61	154.69
62	168.21
63	207.23
64	238.35
65	187.63
66	259.97
67	207.18
68	211.06
69	196.29
70	190.59
71	161.16
72	256.08
73	184.27
74	190.15
75	256.51
76	208.06
77	175.00
78	262.24
79	192.02
80	142.01
81	197.48
82	205.74
83	183.68
84	176.48
85	192.27
86	213.72
87	237
88	159.73
89	239.15
90	175.28
91	219.88
92	167.57
93	251.77
94	178.97
95	234.25
96	193.44
97	166.28
98	145.38
99	221.39
100	236.49
101	212.83
