1	163.75
2	166.17
3	162.80
4	162.30
5	163.56
6	165.52
7	165.01
8	165.15
9	164.44
10	165.55
11	162.26
12	165.55
13	165.05
14	162.10
15	164.80
16	164.39
17	161.57
18	163.09
19	165.63
20	165.02
21	164.13
22	163.87
23	162.57
24	165.33
25	166.63
26	163.30
27	165.20
28	163.23
29	162.34
30	163.01
31	163.86
32	163.90
33	163.81
34	164.79
35	165.08
36	165.02
37	168.31
38	164.53
39	164.83
40	165.59
41	162.70
42	162.60
43	162.74
44	164.76
45	166.38
46	163.62
47	164.71
48	163.85
49	164.72
50	163.54
51	166.04
