1	303.19
2	289.11
3	293.36
4	265.61
5	266.78
6	286.7
7	295.33
8	271.51
9	296.42
10	267.5
11	306.75
12	281.28
13	251.25
14	284.72
15	291.85
16	281.13
17	284.98
18	289.66
19	280.24
20	305.47
21	279.77
22	290.03
23	273.9
24	287.57
25	295.18
26	314.6
27	291.14
28	285.44
29	278.59
30	279.59
31	290.98
32	284.29
33	290.12
34	284.88
35	295.19
36	290.7
37	301.95
38	297.69
39	266.81
40	270.33
41	284.28
42	263.93
43	316.57
44	297.01
45	294.6
46	307.97
47	309.49
48	292.55
49	259.48
50	308.84
51	303.03
52	307.79
53	292.04
54	305.28
55	305.84
56	309.42
57	276.84
58	295.32
59	271.78
60	297.13
61	276.84
62	315.95
63	288.58
64	304.36
65	270.71
66	289.65
67	283.85
68	280.82
69	292.55
70	271.18
71	293.23
72	294.25
73	277.18
74	305.89
75	302.27
76	271.93
77	261.21
78	291.92
79	260.5
80	261.08
81	300.51
82	275.23
83	267.96
84	246.29
85	281.9
86	274.9
87	252.02
88	272.6
89	249.83
90	257.82
91	310.61
92	249.56
93	257.43
94	260.53
95	285.68
96	294.04
97	261
98	286.33
99	299.01
100	279.9
101	286.97
