1	54.32
2	53.96
3	54.69
4	61.01
5	71.20
6	55.48
7	58.55
8	55.06
9	64.67
10	75.06
11	57.59
12	64.24
13	47.06
14	69.25
15	52.75
16	63.25
17	50.15
18	49.10
19	55.68
20	56.72
21	57.36
22	66.69
23	58.53
24	75.80
25	59.22
26	56.42
27	61.67
28	48.76
29	65.97
30	53.83
31	51.02
32	64.43
33	63.93
34	59.02
35	53.65
36	64.61
37	49.73
38	49.08
39	57.23
40	59.56
41	56.67
42	62.54
43	56.33
44	61.10
45	63.64
46	54.52
47	55.86
48	54.59
49	68.40
50	59.96
51	56.59
52	62.03
53	52.17
54	51.33
55	76.54
56	63.54
57	71.19
58	55.16
59	62.78
60	68.57
61	72.77
62	58.58
63	69.92
64	51.40
65	72.41
66	55.30
67	55.68
68	62.04
69	58.29
70	51.98
71	61.29
72	54.37
73	63.98
74	54.72
75	60.22
76	48.02
77	53.44
78	61.77
79	60.70
80	61.66
81	55.82
82	49.35
83	58.41
84	57.17
85	59.89
86	66.58
87	45.70
88	59.13
89	55.33
90	60.61
91	54.35
92	76.07
93	59.67
94	56.30
95	72.57
96	62.57
97	67.67
98	54.63
99	62.38
100	56.24
101	60.52
