1 9.82
2 9.82
3 6.12
4 6.12
5 10.19
6 10.19
7 10.36
8 10.36
9 8.69
10 8.69
11 12.02
12 12.02
13 10.55
14 10.55
15 8.40
16 8.40
17 9.15
18 9.15
19 12.77
20 12.77
21 8.43
22 8.43
23 10.13
24 10.13
25 8.42
26 8.42
27 9.47
28 9.47
29 9.67
30 9.67
31 9.21
32 9.21
33 10.16
34 10.16
35 8.22
36 8.22
37 9.08
38 9.08
39 7.56
40 7.56
41 11.06
42 11.06
43 10.19
44 10.19
45 11.48
46 11.48
47 9.84
48 9.84
49 10.27
50 10.27
51 12.41
52 12.41
53 13.29
54 13.29
55 9.37
56 9.37
57 12.74
58 12.74
59 10.78
60 10.78
61 9.72
62 9.72
63 8.50
64 8.50
65 10.97
66 10.97
67 9.68
68 9.68
69 9.44
70 9.44
71 10.30
72 10.30
73 9.11
74 9.11
75 9.44
76 9.44
77 9.51
78 9.51
79 9.87
80 9.87
81 11.37
82 11.37
83 11.47
84 11.47
85 9.60
86 9.60
87 10.26
88 10.26
89 12.60
90 12.60
91 9.79
92 9.79
93 10.83
94 10.83
95 10.55
96 10.55
97 11.34
98 11.34
99 9.88
100 9.88
101 11.45
102 11.45
