1 -0.01
2 -0.01
3 -0.45
4 -0.45
5 0.30
6 0.30
7 0.07
8 0.07
9 -0.51
10 -0.51
11 0.70
12 0.70
13 0.45
14 0.45
15 0.18
16 0.18
17 -0.15
18 -0.15
19 -0.27
20 -0.27
21 0.43
22 0.43
23 0.74
24 0.74
25 -0.17
26 -0.17
27 0.26
28 0.26
29 0.44
30 0.44
31 -0.20
32 -0.20
33 -0.02
34 -0.02
35 -0.14
36 -0.14
37 -0.48
38 -0.48
39 0.18
40 0.18
41 -0.04
42 -0.04
43 -0.53
44 -0.53
45 0.11
46 0.11
47 0.02
48 0.02
49 -0.26
50 -0.26
51 0.37
52 0.37
53 0.01
54 0.01
55 0.27
56 0.27
57 0.16
58 0.16
59 0.69
60 0.69
61 0.37
62 0.37
63 1.02
64 1.02
65 0.11
66 0.11
67 0.48
68 0.48
69 0.38
70 0.38
71 -0.17
72 -0.17
73 -0.72
74 -0.72
75 -0.11
76 -0.11
77 -0.13
78 -0.13
79 -0.04
80 -0.04
81 0.72
82 0.72
83 -0.01
84 -0.01
85 -0.13
86 -0.13
87 0.16
88 0.16
89 -0.29
90 -0.29
91 -0.01
92 -0.01
93 -0.20
94 -0.20
95 0.18
96 0.18
97 0.15
98 0.15
99 -0.15
100 -0.15
101 -0.32
102 -0.32
