1 3.41
2 3.41
3 3.73
4 3.73
5 3.59
6 3.59
7 3.93
8 3.93
9 3.38
10 3.38
11 3.20
12 3.20
13 3.95
14 3.95
15 4.11
16 4.11
17 3.31
18 3.31
19 3.71
20 3.71
21 2.83
22 2.83
23 3.19
24 3.19
25 3.31
26 3.31
27 3.12
28 3.12
29 2.91
30 2.91
31 3.48
32 3.48
33 3.84
34 3.84
35 3.41
36 3.41
37 3.85
38 3.85
39 3.60
40 3.60
41 3.95
42 3.95
43 3.72
44 3.72
45 3.87
46 3.87
47 3.87
48 3.87
49 3.70
50 3.70
51 3.01
52 3.01
53 3.51
54 3.51
55 3.80
56 3.80
57 3.55
58 3.55
59 3.36
60 3.36
61 3.46
62 3.46
63 3.55
64 3.55
65 3.50
66 3.50
67 3.44
68 3.44
69 3.14
70 3.14
71 3.05
72 3.05
73 3.52
74 3.52
75 3.54
76 3.54
77 3.28
78 3.28
79 3.25
80 3.25
81 3.42
82 3.42
83 3.85
84 3.85
85 3.50
86 3.50
87 3.23
88 3.23
89 3.32
90 3.32
91 3.37
92 3.37
93 3.38
94 3.38
95 3.70
96 3.70
97 3.93
98 3.93
99 3.25
100 3.25
101 3.57
102 3.57
