1 -1.08
2 -1.08
3 -8.29
4 -8.29
5 -4.88
6 -4.88
7 -0.27
8 -0.27
9 -2.61
10 -2.61
11 2.32
12 2.32
13 -10.18
14 -10.18
15 -6.56
16 -6.56
17 5.09
18 5.09
19 -4.66
20 -4.66
21 20.13
22 20.13
23 -9.39
24 -9.39
25 7.04
26 7.04
27 4.10
28 4.10
29 3.06
30 3.06
31 -3.12
32 -3.12
33 -17.41
34 -17.41
35 2.75
36 2.75
37 -3.92
38 -3.92
39 -0.83
40 -0.83
41 -4.20
42 -4.20
43 -2.78
44 -2.78
45 -16.97
46 -16.97
47 7.60
48 7.60
49 -7.89
50 -7.89
51 6.42
52 6.42
53 8.18
54 8.18
55 -6.10
56 -6.10
57 -8.96
58 -8.96
59 2.46
60 2.46
61 6.17
62 6.17
63 -5.52
64 -5.52
65 -4.26
66 -4.26
67 -5.41
68 -5.41
69 13.71
70 13.71
71 8.85
72 8.85
73 -2.07
74 -2.07
75 7.85
76 7.85
77 -3.32
78 -3.32
79 -6.79
80 -6.79
81 3.62
82 3.62
83 1.30
84 1.30
85 0.05
86 0.05
87 15.60
88 15.60
89 11.25
90 11.25
91 18.97
92 18.97
93 15.43
94 15.43
95 2.75
96 2.75
97 -16.96
98 -16.96
99 1.62
100 1.62
101 -12.34
102 -12.34
