1	3.11
2	2.16
3	3.43
4	3.64
5	3.94
6	3.05
7	2.11
8	2.95
9	3.55
10	3.87
11	2.47
12	3.44
13	3.67
14	3.52
15	2.87
16	3.39
17	2.66
18	2.90
19	2.76
20	2.17
21	3.13
22	2.48
23	3.55
24	3.75
25	2.47
26	1.90
27	3.41
28	2.87
29	3.57
30	2.57
31	2.39
32	2.52
33	2.10
34	3.18
35	3.11
36	3.85
37	2.36
38	2.51
39	3.58
40	3.18
41	2.51
42	3.98
43	2.88
44	2.88
45	3.47
46	2.48
47	2.80
48	3.00
49	3.33
50	3.17
51	2.60
52	3.52
53	2.41
54	2.50
55	1.98
56	2.71
57	3.32
58	2.79
59	1.76
60	1.79
61	2.52
62	3.19
63	3.46
64	2.60
65	3.54
66	2.14
67	1.42
68	2.94
69	3.00
70	2.30
71	3.24
72	2.69
73	3.35
74	2.84
75	2.79
76	3.18
77	3.75
78	2.86
79	3.61
80	3.73
81	3.27
82	2.51
83	3.44
84	3.53
85	3.36
86	3.53
87	2.67
88	3.39
89	3.75
90	3.45
91	2.24
92	4.09
93	3.48
94	3.14
95	3.02
96	2.47
97	3.88
98	3.19
99	3.15
100	3.04
101	3.14
