1	0.02
2	0.15
3	0.40
4	-0.69
5	0.24
6	0.37
7	0.11
8	-0.48
9	0.46
10	-0.22
11	-0.02
12	-0.09
13	-0.01
14	0.05
15	-0.35
16	0.28
17	0.34
18	0.20
19	0.45
20	-0.73
21	0.30
22	-0.08
23	0.32
24	0.38
25	-0.41
26	-0.19
27	-0.20
28	0.57
29	0.32
30	0.56
31	0.08
32	-0.03
33	0.26
34	-0.47
35	-0.35
36	-0.06
37	-0.64
38	0.07
39	-0.31
40	0.11
41	0.05
42	0.51
43	-0.66
44	-0.44
45	-0.22
46	-0.19
47	-0.42
48	-0.09
49	0.17
50	-0.57
51	-0.21
52	-0.82
53	0.27
54	0.07
55	0.29
56	-0.54
57	0.75
58	0.53
59	-0.25
60	-0.03
61	-0.24
62	-0.75
63	0.20
64	0.09
65	0.01
66	-0.20
67	0.01
68	0.19
69	0.38
70	0.58
71	-0.08
72	0.26
73	-0.14
74	-0.22
75	-0.02
76	-0.69
77	-0.34
78	-0.02
79	-0.09
80	-0.97
81	-0.03
82	0.40
83	-0.04
84	-0.06
85	-0.21
86	-0.45
87	-0.35
88	0.34
89	-0.34
90	-0.36
91	-0.07
92	-0.09
93	0.25
94	0.06
95	-0.01
96	0.20
97	-0.68
98	-0.56
99	0.26
100	0.23
101	0.15
