1	-42.06
2	-55.7
3	-26.98
4	-44.38
5	-54.71
6	-61.91
7	-72.61
8	-53.48
9	-49.97
10	-108.67
11	-66.46
12	-49.43
13	-48.42
14	-72.9
15	-68.76
16	-50.5
17	-59
18	-71.19
19	-7.63999999999999
20	-70.15
21	-97.84
22	-56.33
23	-54.14
24	-69.26
25	-53.68
26	-90.15
27	-49.12
28	-64.5
29	-8.30000000000001
30	-57.4
31	-42.81
32	-70.37
33	-62.34
34	-72.78
35	-36.5
36	-26.23
37	-80.68
38	-49.2
39	-11.37
40	-39.97
41	-55.32
42	-31.93
43	-3.15000000000001
44	-58.18
45	-54.95
46	-30.97
47	-50.87
48	-54.23
49	-80.95
50	-82.73
51	-12.61
