1	-0.03
2	0.87
3	0.33
4	-0.47
5	0.11
6	0.76
7	-0.09
8	0.50
9	0.26
10	0.73
11	0.17
12	-0.63
13	0.55
14	0.15
15	-0.51
16	-0.20
17	-0.03
18	0.22
19	0.01
20	0.44
21	0.30
22	0.13
23	0.69
24	0.69
25	0.14
26	-0.18
27	0.72
28	-0.15
29	0.20
30	-0.80
31	0.48
32	0.84
33	-0.02
34	-0.08
35	0.53
36	-0.42
37	-0.16
38	0.28
39	-0.04
40	-0.58
41	0.09
42	-0.13
43	1.57
44	-0.45
45	0.03
46	0.18
47	-0.34
48	0.55
49	0.20
50	0.38
51	-0.18
52	0.86
53	0.50
54	-0.22
55	-0.15
56	-0.35
57	0.16
58	0.56
59	0.28
60	-0.04
61	-0.07
62	-0.08
63	0.22
64	-0.06
65	-0.26
66	0.11
67	-0.34
68	0.45
69	0.27
70	-0.51
71	-0.18
72	0.09
73	0.21
74	0.21
75	-0.10
76	0.25
77	0.06
78	0.62
79	0.07
80	0.82
81	-0.50
82	-0.55
83	0.05
84	-0.19
85	-0.56
86	-0.15
87	0.25
88	0.26
89	-0.12
90	-0.32
91	-0.61
92	-0.24
93	0.25
94	-0.16
95	0.02
96	-0.12
97	-0.09
98	0.27
99	0.93
100	0.03
101	0.69
