1	128.33
2	121.31
3	134.13
4	130.87
5	124.32
6	121.56
7	131.87
8	121.73
9	125.33
10	126.67
11	116.38
12	127.16
13	126.69
14	123.53
15	121.40
16	123.54
17	127.17
18	127.16
19	126.16
20	131.80
21	130.14
22	121.54
23	125.86
24	118.79
25	123.69
26	129.13
27	121.90
28	126.14
29	121.86
30	131.14
31	130.30
32	130.32
33	127.96
34	129.56
35	127.77
36	128.32
37	124.96
38	122.99
39	126.47
40	125.48
41	127.08
42	124.00
43	126.24
44	127.42
45	134.70
46	133.92
47	135.09
48	126.36
49	125.57
50	123.25
51	127.96
