1	-2.87
2	6.20
3	6.66
4	5.61
5	12.91
6	5.87
7	7.07
8	3.65
9	7.32
10	9.53
11	2.22
12	8.80
13	1.51
14	7.13
15	8.54
16	4.10
17	-0.51
18	4.30
19	2.20
20	1.19
21	0.57
22	-4.96
23	0.56
24	3.52
25	8.14
26	0.10
27	4.74
28	6.20
29	12.97
30	4.31
31	8.91
32	1.23
33	5.80
34	-0.28
35	3.84
36	1.99
37	2.00
38	0.59
39	-2.96
40	8.63
41	9.45
42	5.86
43	5.97
44	3.11
45	9.65
46	7.94
47	11.22
48	8.36
49	6.46
50	12.20
51	13.16
52	7.26
53	5.99
54	6.97
55	3.42
56	6.62
57	10.94
58	10.50
59	5.42
60	12.05
61	9.70
62	15.99
63	12.22
64	6.90
65	11.15
66	13.42
67	4.48
68	5.81
69	1.76
70	7.78
71	15.05
72	10.66
73	4.80
74	4.87
75	7.40
76	6.49
77	2.85
78	-1.30
79	4.17
80	6.19
81	9.84
82	16.54
83	7.58
84	9.27
85	13.10
86	4.14
87	1.23
88	5.85
89	-0.03
90	-7.57
91	1.91
92	-2.43
93	9.86
94	5.51
95	7.13
96	2.72
97	11.39
98	4.84
99	2.38
100	3.59
101	6.54
