1	0.11
2	0.82
3	-0.66
4	-0.29
5	0.70
6	0.31
7	1.36
8	0.01
9	-0.09
10	1.01
11	0.03
12	0.51
13	0.19
14	0.74
15	0.19
16	0.71
17	-0.49
18	0.91
19	0.64
20	1.31
21	0.61
22	0.51
23	-0.11
24	0.71
25	1.10
26	0.19
27	-0.18
28	0.16
29	-0.16
30	0.71
31	-0.28
32	0.08
33	0.80
34	-0.20
35	-0.32
36	0.56
37	0.11
38	-0.40
39	0.23
40	-0.02
41	0.10
42	-0.34
43	0.11
44	-0.11
45	-0.07
46	-0.03
47	-0.50
48	0.25
49	-0.08
50	0.49
51	1.23
52	0.61
53	0.51
54	0.73
55	-0.34
56	0.14
57	0.33
58	0.15
59	-0.25
60	0.95
61	0.57
62	1.26
63	1.11
64	0.99
65	0.70
66	-0.42
67	0.27
68	0.79
69	0.30
70	-0.22
71	0.87
72	-0.22
73	0.74
74	-0.29
75	0.22
76	0.36
77	0.85
78	0.48
79	-0.25
80	0.15
81	-0.10
82	0.49
83	-0.01
84	0.14
85	-0.51
86	-0.02
87	0.00
88	0.18
89	0.51
90	-0.09
91	0.63
92	0.31
93	-0.08
94	1.67
95	0.40
96	-0.22
97	-0.28
98	0.09
99	0.57
100	-0.82
101	0.13
