1	173.99
2	175.33
3	174.09
4	174.79
5	174.67
6	176.12
7	176.40
8	175.07
9	173.95
10	175.65
11	175.08
12	175.02
13	174.75
14	175.45
15	176.41
16	176.02
17	175.86
18	175.96
19	173.54
20	173.11
21	173.25
22	172.23
23	175.67
24	174.24
25	176.11
26	175.84
27	174.31
28	172.42
29	175.10
30	173.01
31	175.05
32	175.50
33	174.78
34	174.07
35	173.06
36	174.48
37	174.77
38	174.81
39	175.11
40	171.38
41	174.98
42	174.81
43	171.17
44	172.89
45	176.70
46	174.70
47	173.68
48	173.89
49	174.20
50	172.87
51	176.39
