1 30.97
2 30.97
3 30.85
4 30.85
5 30.53
6 30.53
7 30.95
8 30.95
9 31.40
10 31.40
11 30.87
12 30.87
13 30.96
14 30.96
15 31.08
16 31.08
17 31.01
18 31.01
19 31.53
20 31.53
21 31.28
22 31.28
23 30.98
24 30.98
25 30.54
26 30.54
27 31.18
28 31.18
29 31.15
30 31.15
31 30.67
32 30.67
33 31.43
34 31.43
35 30.54
36 30.54
37 30.87
38 30.87
39 31.12
40 31.12
41 30.87
42 30.87
43 30.71
44 30.71
45 30.81
46 30.81
47 30.81
48 30.81
49 30.75
50 30.75
51 31.09
52 31.09
53 30.94
54 30.94
55 31.13
56 31.13
57 31.09
58 31.09
59 30.95
60 30.95
61 31.90
62 31.90
63 30.94
64 30.94
65 30.54
66 30.54
67 30.99
68 30.99
69 30.89
70 30.89
71 31.21
72 31.21
73 30.67
74 30.67
75 31.48
76 31.48
77 30.64
78 30.64
79 31.07
80 31.07
81 30.99
82 30.99
83 31.18
84 31.18
85 31.13
86 31.13
87 31.36
88 31.36
89 31.28
90 31.28
91 31.11
92 31.11
93 30.72
94 30.72
95 31.21
96 31.21
97 30.84
98 30.84
99 31.34
100 31.34
101 31.05
102 31.05
