1	156.26
2	157.07
3	157.36
4	163.70
5	156.27
6	160.12
7	149.31
8	154.01
9	153.54
10	162.55
11	157.85
12	157.63
13	155.43
14	142.05
15	150.78
16	166.53
17	149.49
18	150.41
19	140.20
20	140.22
21	163.23
22	150.07
23	143.68
24	152.19
25	167.59
26	165.16
27	168.49
28	150.75
29	143.89
30	149.78
31	142.43
32	152.88
33	142.25
34	154.91
35	149.64
36	151.70
37	153.56
38	156.74
39	145.10
40	146.04
41	147.13
42	166.44
43	158.62
44	164.29
45	164.37
46	155.97
47	154.58
48	165.71
49	161.42
50	140.60
51	165.60
