1	154.34
2	142.71
3	141.11
4	148.52
5	131.91
6	124.68
7	159.46
8	139.27
9	136.61
10	136.63
11	133.63
12	148.62
13	130.76
14	133.53
15	156.83
16	130.99
17	147.90
18	146.33
19	134.31
20	137.67
21	144.20
22	135.32
23	143.46
24	150.29
25	126.69
26	135.32
27	104.43
28	116.42
29	131.97
30	130.01
31	134.57
32	143.30
33	144.11
34	144.55
35	136.89
36	137.00
37	121.00
38	146.10
39	134.87
40	142.22
41	135.09
42	129.22
43	139.24
44	144.58
45	138.05
46	126.66
47	130.13
48	130.53
49	140.61
50	148.09
51	144.90
