1	161.57
2	170.78
3	176.75
4	178.82
5	157.20
6	167.76
7	187.19
8	174.69
9	155.29
10	156.97
11	165.40
12	186.34
13	157.54
14	170.65
15	167.70
16	170.90
17	154.57
18	183.65
19	177.81
20	155.44
21	154.97
22	174.01
23	166.36
24	178.66
25	166.40
26	166.14
27	149.57
28	156.09
29	160.58
30	162.53
31	175.11
32	157.82
33	165.70
34	146.28
35	180.47
36	166.86
37	168.83
38	160.85
39	158.55
40	164.54
41	157.96
42	139.22
43	170.40
44	171.46
45	168.48
46	174.44
47	172.36
48	172.39
49	152.13
50	169.30
51	171.97
