1	-1.20
2	-2.81
3	-2.59
4	-1.05
5	-0.54
6	-1.37
7	-0.45
8	0.38
9	0.05
10	-0.42
11	0.08
12	-4.98
13	-3.94
14	-2.23
15	1.98
16	0.26
17	0.02
18	-3.62
19	0.62
20	-0.50
21	-4.22
22	-2.21
23	-2.81
24	0.89
25	-0.78
26	0.15
27	-0.79
28	-3.00
29	-3.12
30	-2.80
31	-0.84
32	-2.99
33	-1.39
34	-3.33
35	-3.03
36	-1.83
37	-1.03
38	-4.48
39	2.77
40	-2.86
41	-1.80
42	-2.04
43	-0.23
44	0.88
45	-3.99
46	-0.24
47	-5.58
48	-1.89
49	0.23
50	-2.63
51	0.92
52	0.71
53	-1.79
54	-2.29
55	3.86
56	-4.34
57	-3.52
58	-1.24
59	-4.90
60	-2.65
61	-1.75
62	2.99
63	-0.19
64	-1.70
65	-3.02
66	3.60
67	-4.91
68	0.25
69	-0.57
70	0.32
71	-1.79
72	0.02
73	-2.10
74	-1.43
75	-2.30
76	1.61
77	-0.81
78	-1.80
79	-1.55
80	-0.56
81	-4.10
82	0.27
83	-0.27
84	-2.85
85	-0.60
86	-1.73
87	-0.74
88	-2.39
89	2.27
90	-1.56
91	-2.21
92	0.41
93	-3.99
94	-3.93
95	-1.85
96	-1.66
97	0.97
98	-3.46
99	-2.60
100	-2.54
101	2.40
