1	249
2	250.54
3	249.87
4	241.69
5	252.36
6	239.68
7	253.2
8	239.33
9	242.06
10	247.62
11	256.48
12	255.01
13	257.38
14	237.69
15	248.57
16	246.96
17	258.48
18	257.81
19	253.88
20	248.8
21	243.32
22	237.23
23	256.87
24	247.34
25	227.43
26	244.85
27	226.34
28	237.95
29	245.89
30	240.93
31	258.02
32	245.59
33	240.94
34	247.83
35	241.71
36	248.18
37	227.91
38	244.49
39	243.07
40	250.89
41	247.98
42	248.52
43	237.73
44	245.37
45	251.27
46	248.12
47	229.52
48	252.01
49	250.29
50	228.43
51	241.54
52	254.09
53	225.52
54	237.27
55	239.8
56	265.17
57	259.96
58	230.04
59	238.31
60	243.58
61	256.63
62	254.33
63	238.04
64	256.89
65	233.94
66	248.97
67	261.13
68	228.02
69	256.62
70	256.27
71	250.08
72	265.77
73	231.44
74	249.29
75	253.11
76	242.88
77	234.84
78	251.28
79	248.64
80	255.24
81	230.33
82	233.18
83	236.43
84	229.91
85	264.28
86	240.58
87	232.55
88	229.41
89	229.5
90	253.16
91	237.92
92	242.57
93	242.89
94	253.46
95	260.84
96	242.31
97	241.32
98	250.37
99	245.89
100	250.82
101	250.6
