1	-26.51
2	-56.65
3	-27.24
4	-48.26
5	3.29000000000002
6	-47.99
7	-67.86
8	64.58
9	-8.09
10	71.12
11	-11.66
12	-50.01
13	56.08
14	-37.64
15	67.62
16	-15.56
17	47.34
18	-47.44
19	20.35
20	6.13
21	-55.02
22	-49.05
23	-18.12
24	-91.72
25	-69.58
26	-18.08
27	-109.16
28	-55.34
29	55.07
30	-46.99
31	44.98
32	-42.64
33	37.01
34	20.13
35	-28.03
36	-72.27
37	-54.47
38	-69.07
39	-3.46000000000001
40	-19.72
41	-19.42
42	-9.25999999999999
43	-84.91
44	-85.75
45	-14.99
46	10.2
47	-82.59
48	29.08
49	9.38
50	-98.98
51	-49.85
52	10.53
53	-81.45
54	-53.47
55	-27.37
56	53.61
57	42.37
58	-54.79
59	-92.53
60	-66.97
61	19.54
62	77.16
63	-92.35
64	78.64
65	-83.79
66	-50.62
67	30.88
68	-67.87
69	58.95
70	32.86
71	32.8
72	65.33
73	-77.18
74	38.91
75	-0.469999999999999
76	34.74
77	-102.48
78	4.53999999999999
79	-81.53
80	32.38
81	-89.96
82	-36.46
83	-47.18
84	-70.34
85	70.87
86	-54.47
87	-32.5
88	-82.17
89	-80.23
90	-49.55
91	-52.39
92	-58.06
93	-30.18
94	25.12
95	94.64
96	14.95
97	-20.8
98	-27.79
99	-26.33
100	-63.72
101	24.83
