1	211.88
2	189.31
3	219.01
4	216.85
5	218.58
6	206.42
7	190.14
8	254.69
9	215.94
10	252.87
11	224.42
12	193.59
13	241.04
14	219.17
15	248.2
16	229.38
17	248.47
18	199.04
19	236.18
20	225.09
21	213.87
22	200.18
23	209.14
24	189.67
25	195.9
26	230.09
27	189.01
28	194.88
29	258.37
30	196.19
31	242.21
32	202.84
33	262.85
34	243.62
35	217.79
36	191.13
37	196.05
38	202.69
39	215.28
40	217.46
41	223.49
42	227.8
43	197.14
44	190.9
45	221.15
46	233.81
47	185.14
48	235.81
49	224.91
50	192.4
51	192.64
52	217.5
53	191.1
54	204.54
55	244.8
56	243.26
57	242.99
58	206.14
59	199.26
60	203.25
61	234.74
62	259.2
63	185.69
64	252.94
65	194.87
66	200.94
67	229.55
68	197.32
69	240.05
70	240.05
71	242.53
72	246.7
73	203.63
74	250.39
75	229.34
76	247.16
77	188.36
78	223.09
79	196.61
80	246.11
81	193.81
82	219.55
83	214.51
84	195.41
85	255.16
86	202.51
87	219.51
88	197.82
89	191.31
90	203.81
91	203.76
92	201
93	223.25
94	229.13
95	272.7
96	250.29
97	226.16
98	215.3
99	218.1
100	206.55
101	238.04
