1	56.96
2	65.53
3	47.75
4	48.86
5	52.20
6	51.52
7	53.26
8	72.13
9	61.75
10	69.57
11	49.71
12	54.04
13	56.39
14	54.70
15	66.41
16	52.36
17	52.97
18	54.35
19	55.90
20	57.80
21	53.67
22	62.94
23	62.97
24	48.13
25	59.48
26	55.36
27	62.06
28	66.46
29	74.92
30	63.70
31	63.42
32	68.34
33	60.25
34	50.81
35	68.50
36	52.80
37	76.02
38	53.02
39	64.14
40	62.18
41	57.42
42	55.96
43	63.02
44	67.40
45	64.44
46	64.94
47	61.39
48	60.44
49	68.47
50	64.36
51	54.15
52	61.34
53	64.11
54	63.66
55	66.06
56	65.12
57	57.70
58	65.90
59	51.93
60	52.01
61	58.85
62	63.96
63	55.37
64	60.17
65	57.42
66	65.41
67	55.84
68	54.73
69	54.45
70	54.62
71	68.64
72	62.01
73	55.16
74	68.64
75	62.93
76	61.38
77	54.83
78	59.18
79	52.41
80	64.20
81	54.13
82	68.16
83	63.32
84	71.02
85	67.61
86	49.17
87	54.04
88	56.94
89	62.71
90	54.66
91	49.86
92	50.97
93	52.18
94	66.12
95	59.75
96	60.05
97	63.93
98	57.12
99	55.08
100	56.49
101	64.84
