1	238.39
2	245.96
3	246.25
4	265.11
5	215.29
6	254.41
7	258
8	190.11
9	224.03
10	181.75
11	236.08
12	243.6
13	184.96
14	256.81
15	180.58
16	244.94
17	201.13
18	246.48
19	215.83
20	218.96
21	268.89
22	249.23
23	227.26
24	281.39
25	265.48
26	248.17
27	298.17
28	250.22
29	203.3
30	243.18
31	197.23
32	245.48
33	225.84
34	223.49
35	245.82
36	263.4
37	250.52
38	271.76
39	218.74
40	237.18
41	242.91
42	237.06
43	282.05
44	276.65
45	236.14
46	223.61
47	267.73
48	206.73
49	215.53
50	291.38
51	242.49
52	206.97
53	272.55
54	258.01
55	272.17
56	189.65
57	200.62
58	260.93
59	291.79
60	270.22
61	215.2
62	182.04
63	278.04
64	174.30
65	278.66
66	251.56
67	198.67
68	265.19
69	181.1
70	207.19
71	209.73
72	181.37
73	280.81
74	211.48
75	229.81
76	212.42
77	290.84
78	218.55
79	278.14
80	213.73
81	283.77
82	256.01
83	261.69
84	265.75
85	184.29
86	256.98
87	252.01
88	279.99
89	271.54
90	253.36
91	256.15
92	259.06
93	253.43
94	204.01
95	178.06
96	235.34
97	246.96
98	243.09
99	244.43
100	270.27
101	213.21
