1 -6.99
2 -6.99
3 -8.04
4 -8.04
5 -16.25
6 -16.25
7 -19.15
8 -19.15
9 -16.51
10 -16.51
11 -10.16
12 -10.16
13 -15.62
14 -15.62
15 8.40
16 8.40
17 -19.19
18 -19.19
19 -19.76
20 -19.76
21 -30.17
22 -30.17
23 -9.30
24 -9.30
25 3.81
26 3.81
27 -6.64
28 -6.64
29 -20.64
30 -20.64
31 -14.57
32 -14.57
33 11.94
34 11.94
35 -13.14
36 -13.14
37 -1.86
38 -1.86
39 6.75
40 6.75
41 -21.65
42 -21.65
43 7.95
44 7.95
45 -2.27
46 -2.27
47 2.97
48 2.97
49 -10.61
50 -10.61
51 -1.98
52 -1.98
53 -7.24
54 -7.24
55 -10.69
56 -10.69
57 -16.43
58 -16.43
59 -6.45
60 -6.45
61 5.03
62 5.03
63 -0.36
64 -0.36
65 15.15
66 15.15
67 -6.91
68 -6.91
69 -13.94
70 -13.94
71 -8.42
72 -8.42
73 4.46
74 4.46
75 -8.74
76 -8.74
77 -9.10
78 -9.10
79 -9.56
80 -9.56
81 -27.70
82 -27.70
83 -7.37
84 -7.37
85 -14.07
86 -14.07
87 0.00
88 0.00
89 -23.18
90 -23.18
91 -9.82
92 -9.82
93 -1.46
94 -1.46
95 -7.81
96 -7.81
97 -7.96
98 -7.96
99 -21.64
100 -21.64
101 4.51
102 4.51
103 -9.03
104 -9.03
105 -19.07
106 -19.07
107 -1.18
108 -1.18
109 -4.85
110 -4.85
111 8.03
112 8.03
113 1.10
114 1.10
115 -5.24
116 -5.24
117 -3.46
118 -3.46
119 -19.19
120 -19.19
121 -14.60
122 -14.60
123 -3.76
124 -3.76
125 -17.19
126 -17.19
127 -4.09
128 -4.09
129 -18.29
130 -18.29
131 -13.16
132 -13.16
133 7.99
134 7.99
135 -12.55
136 -12.55
137 -5.49
138 -5.49
139 -6.47
140 -6.47
141 -14.76
142 -14.76
143 12.02
144 12.02
145 -23.40
146 -23.40
147 11.78
148 11.78
149 -3.47
150 -3.47
151 1.43
152 1.43
153 3.14
154 3.14
155 -3.27
156 -3.27
157 -10.89
158 -10.89
159 -10.60
160 -10.60
161 -6.92
162 -6.92
163 0.85
164 0.85
165 -8.98
166 -8.98
167 -7.36
168 -7.36
169 -10.56
170 -10.56
171 -6.37
172 -6.37
173 -21.74
174 -21.74
175 -7.16
176 -7.16
177 -18.08
178 -18.08
179 -9.19
180 -9.19
181 1.64
182 1.64
183 -9.36
184 -9.36
185 -10.49
186 -10.49
187 -11.21
188 -11.21
189 -3.64
190 -3.64
191 1.17
192 1.17
193 -16.12
194 -16.12
195 -2.28
196 -2.28
197 -3.42
198 -3.42
199 2.20
200 2.20
201 -9.22
202 -9.22
