1 0.43
2 0.43
3 0.46
4 0.46
5 0.43
6 0.43
7 0.47
8 0.47
9 0.44
10 0.44
11 0.43
12 0.43
13 0.45
14 0.45
15 0.44
16 0.44
17 0.46
18 0.46
19 0.45
20 0.45
21 0.44
22 0.44
23 0.44
24 0.44
25 0.43
26 0.43
27 0.47
28 0.47
29 0.43
30 0.43
31 0.46
32 0.46
33 0.45
34 0.45
35 0.47
36 0.47
37 0.45
38 0.45
39 0.47
40 0.47
41 0.44
42 0.44
43 0.44
44 0.44
45 0.45
46 0.45
47 0.43
48 0.43
49 0.41
50 0.41
51 0.46
52 0.46
53 0.42
54 0.42
55 0.44
56 0.44
57 0.46
58 0.46
59 0.45
60 0.45
61 0.42
62 0.42
63 0.44
64 0.44
65 0.43
66 0.43
67 0.43
68 0.43
69 0.41
70 0.41
71 0.45
72 0.45
73 0.44
74 0.44
75 0.44
76 0.44
77 0.45
78 0.45
79 0.44
80 0.44
81 0.43
82 0.43
83 0.42
84 0.42
85 0.46
86 0.46
87 0.45
88 0.45
89 0.45
90 0.45
91 0.46
92 0.46
93 0.45
94 0.45
95 0.42
96 0.42
97 0.44
98 0.44
99 0.42
100 0.42
101 0.45
102 0.45
