1 2.56
2 2.56
3 1.86
4 1.86
5 2.40
6 2.40
7 2.25
8 2.25
9 2.21
10 2.21
11 1.80
12 1.80
13 1.85
14 1.85
15 1.64
16 1.64
17 1.49
18 1.49
19 2.25
20 2.25
21 2.04
22 2.04
23 2.56
24 2.56
25 2.07
26 2.07
27 1.40
28 1.40
29 1.90
30 1.90
31 1.45
32 1.45
33 2.05
34 2.05
35 2.23
36 2.23
37 1.90
38 1.90
39 2.53
40 2.53
41 2.47
42 2.47
43 1.58
44 1.58
45 2.65
46 2.65
47 1.10
48 1.10
49 2.05
50 2.05
51 2.07
52 2.07
53 2.18
54 2.18
55 2.12
56 2.12
57 1.76
58 1.76
59 1.73
60 1.73
61 1.30
62 1.30
63 2.75
64 2.75
65 1.68
66 1.68
67 1.70
68 1.70
69 1.84
70 1.84
71 1.97
72 1.97
73 1.57
74 1.57
75 2.27
76 2.27
77 2.13
78 2.13
79 2.32
80 2.32
81 2.43
82 2.43
83 1.95
84 1.95
85 1.47
86 1.47
87 2.36
88 2.36
89 2.96
90 2.96
91 1.45
92 1.45
93 2.12
94 2.12
95 2.35
96 2.35
97 2.28
98 2.28
99 2.62
100 2.62
101 2.95
102 2.95
