1	153.63
2	133.90
3	135.81
4	131.61
5	150.02
6	140.85
7	131.53
8	131.42
9	139.90
10	140.34
11	149.25
12	152.27
13	154.96
14	141.85
15	141.39
16	130.48
17	139.88
18	150.97
19	149.42
20	148.19
21	151.93
22	135.93
23	178.39
24	116.98
25	143.30
26	137.46
27	161.67
28	134.80
29	134.51
30	135.16
31	167.21
32	136.92
33	115.54
34	148.09
35	129.52
36	140.94
37	106.73
38	133.93
39	144.52
40	111.67
41	145.09
42	127.10
43	135.47
44	163.80
45	146.22
46	157.04
47	139.99
48	142.79
49	159.12
50	146.72
51	137.60
