1	181.38
2	167.08
3	166.03
4	165.36
5	189.33
6	184.23
7	174.78
8	170.30
9	175.20
10	173.55
11	183.33
12	181.65
13	167.27
14	158.38
15	169.40
16	165.64
17	184.72
18	176.27
19	180.3
20	174.54
21	175.55
22	170.66
23	171.46
24	180.88
25	165.82
26	163.73
27	179.30
28	170.79
29	171.13
30	170.67
31	194.53
32	171.21
33	164.66
34	169.20
35	178.79
36	180.17
37	173.51
38	171.27
39	176.28
40	176.32
41	173.55
42	171.92
43	206.85
44	172.83
45	167.80
46	170.01
47	162.42
48	167.71
49	173.49
50	220.56
51	168.35
52	167.96
53	162.99
54	167.24
55	188.72
56	171.09
57	175.01
58	174.68
59	173.68
60	182.65
61	169.38
62	168.69
63	177.38
64	170.06
65	165.09
66	179.82
67	164.82
68	173.77
69	165.09
70	170.19
71	177.75
72	168.50
73	175.11
74	229.36
75	153.88
76	167.10
77	180.56
78	184.33
79	181.91
80	190.38
81	183.39
82	157.63
83	155.84
84	175.57
85	179.72
86	160.66
87	173.77
88	175.65
89	164.44
90	172.96
91	174.29
92	173.13
93	160.42
94	169.47
95	174.89
96	224.57
97	175.63
98	170.53
99	183
100	187.34
101	169.09
