1	152.72
2	156.28
3	153.39
4	158.67
5	150.36
6	153.61
7	144.62
8	158.49
9	163.40
10	140.98
11	134.68
12	152.67
13	157.26
14	152.31
15	146.50
16	154.27
17	153.01
18	153.57
19	147.80
20	141.65
21	162.24
22	162.31
23	155.45
24	144.52
25	160.04
26	154.22
27	156.57
28	150.82
29	133.46
30	142.05
31	137.42
32	132.60
33	159.65
34	143.76
35	159.51
36	138.32
37	131.90
38	149.81
39	146.95
40	148.62
41	148.21
42	152.24
43	151.84
44	157.52
45	164.87
46	149.22
47	156.28
48	152.75
49	143.57
50	157.07
51	148.13
