1	-48.32
2	-65.17
3	-76.59
4	-27.5
5	-57.48
6	-64.66
7	-127.76
8	-89.65
9	-45.45
10	-70.12
11	-57.33
12	-3.98999999999998
13	-87.72
14	-100.43
15	-73.35
16	-61.74
17	-8.81
18	-44.01
19	-102.14
20	-3.69000000000003
21	-70.36
22	-79.82
23	-1.98999999999998
24	-87.76
25	-122.53
26	-37.51
27	-25.46
28	17.37
29	-133.24
30	3.37
31	-67.58
32	-117.96
33	-14.6
34	-91.13
35	-163.85
36	-59.45
37	-112.21
38	28.79
39	-30.06
40	-44.77
41	-23.68
42	-49.41
43	-72.86
44	-89.98
45	-134.77
46	-60.31
47	-100.71
48	-44.29
49	-155.33
50	-40.25
51	-60.9
