1	168.41
2	166.25
3	178.30
4	164.68
5	172.47
6	170.90
7	177.45
8	177.45
9	179.37
10	176.29
11	166.15
12	163.05
13	163.57
14	165.16
15	182.82
16	169.02
17	178.62
18	165.17
19	176.51
20	181.65
21	169.06
22	181.05
23	159.82
24	176.79
25	167.77
26	177.87
27	164.73
28	168.82
29	181.58
30	153.99
31	158.48
32	180.02
33	169.25
34	178.80
35	175.53
36	176.99
37	169.97
38	167.93
39	165.32
40	165.30
41	174.19
42	176.12
43	160.75
44	176.32
45	181.34
46	173.95
47	171.71
48	165.20
49	178.85
50	170.58
51	178.38
52	172.47
53	175.82
54	177.62
55	190.2
56	175.71
57	186.04
58	163.90
59	181.62
60	179.41
61	179.07
62	165.98
63	170.25
64	170.07
65	178.59
66	170.54
67	179.66
68	174.51
69	162.82
70	173.58
71	167.31
72	171.36
73	171.55
74	157.11
75	167.74
76	159.76
77	167.97
78	178.37
79	160.56
80	176.42
81	169.79
82	178.25
83	161.40
84	157.52
85	175.52
86	159.93
87	174.18
88	165.39
89	171.23
90	165.63
91	171.25
92	171.67
93	163.43
94	167.84
95	181.64
96	173.84
97	173.46
98	160.51
99	179.81
100	169.85
101	162.86
