1 -2.43
2 -2.43
3 -11.00
4 -11.00
5 -10.84
6 -10.84
7 -6.63
8 -6.63
9 -10.79
10 -10.79
11 -4.95
12 -4.95
13 -11.75
14 -11.75
15 -11.52
16 -11.52
17 -2.32
18 -2.32
19 -4.35
20 -4.35
21 -8.44
22 -8.44
23 1.60
24 1.60
25 -2.85
26 -2.85
27 1.48
28 1.48
29 11.11
30 11.11
31 10.16
32 10.16
33 -11.83
34 -11.83
35 -7.27
36 -7.27
37 16.16
38 16.16
39 17.27
40 17.27
41 8.80
42 8.80
43 -15.00
44 -15.00
45 5.17
46 5.17
47 16.88
48 16.88
49 0.97
50 0.97
51 13.51
52 13.51
53 1.46
54 1.46
55 1.84
56 1.84
57 -0.27
58 -0.27
59 1.98
60 1.98
61 -22.17
62 -22.17
63 -8.03
64 -8.03
65 -6.95
66 -6.95
67 -6.05
68 -6.05
69 -11.48
70 -11.48
71 3.09
72 3.09
73 12.98
74 12.98
75 -14.89
76 -14.89
77 -5.12
78 -5.12
79 -3.99
80 -3.99
81 3.08
82 3.08
83 -1.96
84 -1.96
85 -9.45
86 -9.45
87 -2.69
88 -2.69
89 -17.53
90 -17.53
91 -10.16
92 -10.16
93 -9.62
94 -9.62
95 -10.35
96 -10.35
97 -5.38
98 -5.38
99 -1.95
100 -1.95
101 7.72
102 7.72
103 -2.31
104 -2.31
105 -6.01
106 -6.01
107 -1.59
108 -1.59
109 -1.12
110 -1.12
111 16.24
112 16.24
113 -4.42
114 -4.42
115 11.29
116 11.29
117 0.18
118 0.18
119 6.98
120 6.98
121 13.47
122 13.47
123 26.12
124 26.12
125 0.44
126 0.44
127 -0.30
128 -0.30
129 8.06
130 8.06
131 -1.39
132 -1.39
133 -1.58
134 -1.58
135 -4.57
136 -4.57
137 -14.05
138 -14.05
139 -8.51
140 -8.51
141 7.03
142 7.03
143 8.27
144 8.27
145 4.57
146 4.57
147 -14.96
148 -14.96
149 12.15
150 12.15
151 19.63
152 19.63
153 7.35
154 7.35
155 8.25
156 8.25
157 2.80
158 2.80
159 -5.97
160 -5.97
161 -6.20
162 -6.20
163 -8.95
164 -8.95
165 4.29
166 4.29
167 0.74
168 0.74
169 -11.81
170 -11.81
171 3.24
172 3.24
173 7.50
174 7.50
175 -5.11
176 -5.11
177 0.03
178 0.03
179 -16.73
180 -16.73
181 -7.47
182 -7.47
183 0.44
184 0.44
185 -15.62
186 -15.62
187 22.80
188 22.80
189 15.44
190 15.44
191 8.93
192 8.93
193 -0.14
194 -0.14
195 -0.92
196 -0.92
197 7.21
198 7.21
199 -9.92
200 -9.92
201 17.81
202 17.81
