1	1.37
2	4.12
3	3.85
4	3.20
5	5.34
6	0.00
7	12.13
8	10.91
9	7.82
10	5.95
11	1.99
12	5.27
13	-2.03
14	7.55
15	-0.54
16	3.40
17	7.01
18	7.34
19	-0.71
20	8.81
21	6.27
22	7.17
23	-5.69
24	6.70
25	1.69
26	3.40
27	3.88
28	0.43
29	8.94
30	3.45
31	13.82
32	11.15
33	8.46
34	-3.12
35	3.62
36	6.42
37	2.74
38	-3.17
39	3.65
40	8.02
41	6.80
42	0.64
43	12.09
44	8.07
45	11.97
46	-1.24
47	3.00
48	2.87
49	10.90
50	1.85
51	4.04
52	8.48
53	1.83
54	9.37
55	5.72
56	2.29
57	-1.17
58	1.02
59	-0.03
60	8.02
61	3.84
62	3.73
63	6.69
64	0.54
65	2.02
66	-4.31
67	8.65
68	1.09
69	0.96
70	3.06
71	12.60
72	7.67
73	-1.99
74	0.10
75	9.26
76	2.43
77	14.71
78	14.36
79	6.78
80	4.84
81	7.98
82	3.80
83	5.87
84	5.17
85	13.91
86	7.25
87	1.09
88	14.78
89	8.96
90	11.44
91	1.77
92	8.53
93	2.57
94	0.80
95	1.52
96	5.86
97	1.84
98	10.89
99	-0.20
100	2.53
101	4.03
