1	-0.26
2	-0.20
3	-0.01
4	-0.30
5	-0.24
6	-0.06
7	0.08
8	0.09
9	-0.35
10	-0.38
11	-0.33
12	-0.11
13	-0.25
14	-0.08
15	-0.20
16	-0.29
17	-0.35
18	-0.25
19	-0.36
20	-0.15
21	0.00
22	-0.25
23	-0.26
24	-0.16
25	-0.26
26	-0.14
27	-0.25
28	-0.11
29	0.03
30	-0.08
31	-0.09
32	0.00
33	0.03
34	-0.15
35	-0.12
36	0.13
37	-0.09
38	-0.44
39	-0.28
40	-0.24
41	-0.11
42	-0.15
43	-0.18
44	-0.15
45	0.02
46	-0.39
47	-0.30
48	-0.34
49	-0.15
50	-0.35
51	-0.17
52	-0.18
53	-0.36
54	0.03
55	-0.47
56	-0.14
57	-0.05
58	-0.22
59	-0.35
60	-0.16
61	-0.15
62	-0.23
63	-0.24
64	-0.29
65	-0.18
66	-0.38
67	-0.25
68	-0.42
69	-0.29
70	-0.29
71	-0.01
72	-0.24
73	-0.38
74	-0.33
75	-0.21
76	-0.20
77	0.01
78	-0.11
79	-0.19
80	-0.10
81	-0.07
82	-0.14
83	-0.30
84	0.03
85	-0.14
86	-0.25
87	-0.38
88	-0.27
89	-0.09
90	-0.11
91	-0.12
92	-0.13
93	0.08
94	-0.20
95	-0.29
96	-0.27
97	-0.26
98	0.02
99	-0.30
100	-0.07
101	-0.30
