1 3.15
2 3.15
3 2.19
4 2.19
5 3.17
6 3.17
7 4.16
8 4.16
9 2.36
10 2.36
11 2.15
12 2.15
13 3.44
14 3.44
15 1.81
16 1.81
17 2.85
18 2.85
19 2.28
20 2.28
21 3.38
22 3.38
23 2.71
24 2.71
25 2.41
26 2.41
27 2.59
28 2.59
29 1.67
30 1.67
31 2.32
32 2.32
33 3.53
34 3.53
35 2.87
36 2.87
37 2.54
38 2.54
39 3.69
40 3.69
41 2.85
42 2.85
43 1.83
44 1.83
45 2.25
46 2.25
47 1.66
48 1.66
49 3.31
50 3.31
51 2.60
52 2.60
53 1.91
54 1.91
55 2.60
56 2.60
57 1.65
58 1.65
59 2.71
60 2.71
61 3.05
62 3.05
63 2.74
64 2.74
65 3.31
66 3.31
67 3.22
68 3.22
69 3.43
70 3.43
71 3.27
72 3.27
73 3.43
74 3.43
75 3.83
76 3.83
77 3.37
78 3.37
79 2.44
80 2.44
81 3.00
82 3.00
83 2.22
84 2.22
85 3.09
86 3.09
87 3.72
88 3.72
89 3.56
90 3.56
91 3.90
92 3.90
93 3.47
94 3.47
95 2.86
96 2.86
97 2.56
98 2.56
99 2.36
100 2.36
101 3.27
102 3.27
