1	6.01
2	5.38
3	6.79
4	5.56
5	3.13
6	5.62
7	3.96
8	4.71
9	5.67
10	5.22
11	5.84
12	5.76
13	4.77
14	5.52
15	6.33
16	5.18
17	5.83
18	5.53
19	5.66
20	4.96
21	5.69
22	5.72
23	4.64
24	2.86
25	5.16
26	4.66
27	5.82
28	5.82
29	5.01
30	4.70
31	5.82
32	5.43
33	5.07
34	3.32
35	5.52
36	5.66
37	4.71
38	5.91
39	5.13
40	5.45
41	4.70
42	2.62
43	4.38
44	4.09
45	5.02
46	4.23
47	3.60
48	4.02
49	4.41
50	4.80
51	4.83
52	4.32
53	3.38
54	4.67
55	4.95
56	4.98
57	4.75
58	5.18
59	4.84
60	4.21
61	4.41
62	3.83
63	5.10
64	5.12
65	5.84
66	6.35
67	5.15
68	4.92
69	5.72
70	5.32
71	5.01
72	5.79
73	6.09
74	5.51
75	4.73
76	5.94
77	4.64
78	5.11
79	4.48
80	5.78
81	6.55
82	5.67
83	5.79
84	3.96
85	5.69
86	5.61
87	4.72
88	5.27
89	5.47
90	5.39
91	4.43
92	5.17
93	4.05
94	5.65
95	4.23
96	5.39
97	4.69
98	4.45
99	5.65
100	5.26
101	4.14
