1	4.83
2	4.46
3	5.38
4	6.70
5	9.09
6	6.23
7	8.03
8	4.64
9	7.36
10	7.90
11	5.24
12	5.83
13	9.23
14	5.03
15	5.80
16	6.83
17	6.44
18	5.85
19	6.41
20	6.62
21	5.86
22	4.86
23	7.40
24	9.84
25	5.05
26	6.50
27	5.38
28	5.43
29	7.20
30	7.12
31	4.82
32	4.43
33	4.82
34	8.48
35	8.24
36	4.01
37	6.61
38	5.53
39	6.28
40	5.78
41	7.11
42	9.99
43	7.23
44	8.46
45	4.63
46	6.71
47	8.96
48	8.26
49	6.03
50	7.88
51	7.49
52	7.41
53	8.49
54	5.59
55	5.64
56	6.32
57	7.84
58	7.65
59	5.44
60	7.74
61	6.37
62	6.97
63	6.08
64	6.28
65	4.54
66	7.40
67	4.85
68	6.05
69	5.42
70	6.22
71	5.90
72	4.91
73	6.14
74	5.20
75	7.17
76	5.16
77	6.70
78	6.70
79	7.06
80	5.89
81	5.34
82	4.27
83	7.68
84	8.65
85	5.64
86	6.08
87	7.10
88	6.07
89	6.37
90	5.98
91	7.47
92	7.85
93	7.99
94	5.68
95	6.78
96	4.73
97	8.09
98	7.57
99	6.17
100	7.21
101	8.25
