1	13.20
2	11.31
3	11.99
4	13.13
5	12.42
6	9.64
7	9.78
8	9.37
9	11.24
10	11.16
11	11.67
12	11.62
13	12.13
14	12.09
15	11.24
16	12.89
17	11.27
18	13.67
19	10.10
20	10.35
21	11.96
22	12.03
23	13.20
24	NaN
25	13.13
26	8.47
27	11.28
28	12.40
29	11.52
30	14.19
31	11.95
32	10.59
33	11.89
34	13.83
35	13.66
36	11.77
37	11.53
38	12.90
39	10.91
40	8.97
41	8.97
42	12.42
43	13.03
44	12.83
45	13.11
46	10.67
47	11.26
48	12.31
49	8.42
50	9.49
51	9.02
52	12.31
53	11.65
54	10.36
55	12.00
56	12.38
57	12.73
58	9.45
59	11.14
60	13.62
61	12.72
62	13.27
63	12.79
64	11.03
65	13.03
66	11.80
67	11.78
68	11.57
69	13.01
70	10.84
71	12.80
72	11.74
73	12.00
74	11.67
75	11.71
76	7.93
77	12.74
78	9.59
79	10.43
80	14.86
81	13.10
82	9.62
83	12.83
84	12.49
85	13.65
86	9.80
87	11.40
88	12.50
89	13.77
90	13.59
91	8.81
92	12.24
93	13.79
94	11.36
95	10.36
96	9.30
97	12.01
98	10.98
99	11.91
100	11.71
101	15.37
