1	5.16
2	8.47
3	6.45
4	9.35
5	5.97
6	5.94
7	6.11
8	8.01
9	7.05
10	6.67
11	6.45
12	6.74
13	6.25
14	5.41
15	5.35
16	5.93
17	3.23
18	4.43
19	6.38
20	6.72
21	6.39
22	5.84
23	4.80
24	6.34
25	6.44
26	4.67
27	6.86
28	4.36
29	4.72
30	4.73
31	5.04
32	6.78
33	4.93
34	4.10
35	7.85
36	4.35
37	5.77
38	4.41
39	6.56
40	6.82
41	7.06
42	7.92
43	7.65
44	6.85
45	6.37
46	6.74
47	4.53
48	4.35
49	6.76
50	5.30
51	7.34
52	5.43
53	6.51
54	5.56
55	4.31
56	6.65
57	6.69
58	3.90
59	3.96
60	4.22
61	6.42
62	5.94
63	6.07
64	8.11
65	5.80
66	6.42
67	6.96
68	4.97
69	6.12
70	5.93
71	7.73
72	8.15
73	6.86
74	8.06
75	6.92
76	4.66
77	5.45
78	7.35
79	5.47
80	6.63
81	9.49
82	5.59
83	6.87
84	7.27
85	7.06
86	4.56
87	6.70
88	9.24
89	5.85
90	5.54
91	6.03
92	7.15
93	6.60
94	5.96
95	8.23
96	7.20
97	7.28
98	5.90
99	6.39
100	3.34
101	8.02
