1	168.57
2	135.32
3	184.33
4	159.09
5	143.89
6	152.15
7	161.89
8	137.32
9	158.25
10	165.87
11	174.91
12	143.31
13	141.03
14	166.97
15	160.33
16	166.73
17	130.06
18	167.26
19	177.25
20	159.19
21	153.09
22	172.57
23	160.80
24	149.46
25	128.78
26	162.75
27	147.95
28	141.96
29	169.02
30	146.07
31	170.34
32	160.41
33	154.87
34	159.61
35	164.45
36	166.00
37	151.58
38	167.79
39	162.57
40	162.78
41	143.57
42	161.40
43	172.20
44	149.80
45	149.03
46	167.31
47	174.14
48	143.37
49	155.71
50	164.30
51	166.38
