1	152.47
2	156.89
3	177.34
4	166.37
5	159.18
6	184.88
7	180.62
8	164.56
9	171.07
10	181.66
11	171.44
12	169.05
13	162.87
14	174.33
15	170.01
16	173.69
17	150.95
18	176.96
19	162.16
20	155.82
21	174.93
22	184.98
23	158.92
24	168.31
25	149.89
26	174.18
27	179.52
28	176.87
29	165.48
30	165.47
31	172.63
32	173.07
33	171.71
34	161.65
35	175.69
36	161.60
37	178.30
38	152.63
39	167.99
40	177.84
41	166.20
42	170.75
43	161.00
44	176.80
45	153.43
46	168.55
47	174.55
48	136.60
49	162.63
50	176.87
51	178.12
