1 -0.90
2 -0.90
3 -0.90
4 -0.90
5 -0.93
6 -0.93
7 -0.86
8 -0.86
9 -0.91
10 -0.91
11 -0.95
12 -0.95
13 -0.92
14 -0.92
15 -0.89
16 -0.89
17 -0.92
18 -0.92
19 -0.88
20 -0.88
21 -0.86
22 -0.86
23 -0.90
24 -0.90
25 -0.90
26 -0.90
27 -0.90
28 -0.90
29 -0.91
30 -0.91
31 -0.94
32 -0.94
33 -0.90
34 -0.90
35 -0.92
36 -0.92
37 -0.89
38 -0.89
39 -0.87
40 -0.87
41 -0.91
42 -0.91
43 -0.89
44 -0.89
45 -0.93
46 -0.93
47 -0.93
48 -0.93
49 -0.94
50 -0.94
51 -0.90
52 -0.90
53 -0.87
54 -0.87
55 -0.94
56 -0.94
57 -0.90
58 -0.90
59 -0.86
60 -0.86
61 -0.84
62 -0.84
63 -0.85
64 -0.85
65 -0.87
66 -0.87
67 -0.92
68 -0.92
69 -0.90
70 -0.90
71 -0.90
72 -0.90
73 -0.88
74 -0.88
75 -0.92
76 -0.92
77 -0.94
78 -0.94
79 -0.87
80 -0.87
81 -0.93
82 -0.93
83 -0.90
84 -0.90
85 -0.92
86 -0.92
87 -0.89
88 -0.89
89 -0.90
90 -0.90
91 -0.90
92 -0.90
93 -0.84
94 -0.84
95 -0.94
96 -0.94
97 -0.89
98 -0.89
99 -0.92
100 -0.92
101 -0.91
102 -0.91
