1	-71.76
2	-82.05
3	-104.23
4	-13.07
5	-44.19
6	-89.12
7	63.81
8	-80.26
9	-0.150000000000006
10	69.48
11	-118.6
12	-96.27
13	47.77
14	-94.33
15	-88.57
16	92.19
17	0.0300000000000011
18	19.4
19	-63.38
20	-92.94
21	-139.59
22	-162.45
23	-110.05
24	-56.49
25	-14.17
26	-125.75
27	-111.54
28	20.61
29	-111.48
30	-38.05
31	-121.09
32	-97.97
33	-14.58
34	40.45
35	-56.31
36	-87.44
37	-156.52
38	-101.65
39	-116.31
40	-83.01
41	-92.87
42	43.37
43	-121.29
44	-90.8
45	-56.18
46	-37.44
47	-101.74
48	-83.4
49	-72.83
50	-72.32
51	-81.3
