1	168.43
2	163.33
3	164.34
4	153.33
5	168.18
6	159.90
7	163.71
8	162.38
9	154.62
10	155.41
11	174.98
12	175.35
13	158.39
14	161.53
15	170.60
16	159.61
17	164.87
18	164.01
19	161.37
20	178.11
21	181.03
22	160.01
23	159.37
24	167.63
25	167.69
26	173.61
27	177.39
28	145.18
29	157.11
30	159.36
31	181.54
32	160.90
33	156.91
34	167.57
35	177.71
36	175.82
37	170.83
38	173.03
39	179.51
40	167.41
41	150.47
42	165.59
43	164.59
44	150.12
45	164.51
46	166.15
47	163.95
48	150.39
49	170.23
50	155.67
51	161.32
