1 37.39
2 37.39
3 40.21
4 40.21
5 30.89
6 30.89
7 37.27
8 37.27
9 36.25
10 36.25
11 27.90
12 27.90
13 35.80
14 35.80
15 29.86
16 29.86
17 35.49
18 35.49
19 31.57
20 31.57
21 37.00
22 37.00
23 27.95
24 27.95
25 36.00
26 36.00
27 43.17
28 43.17
29 40.64
30 40.64
31 36.86
32 36.86
33 35.91
34 35.91
35 31.90
36 31.90
37 36.06
38 36.06
39 36.57
40 36.57
41 34.73
42 34.73
43 41.80
44 41.80
45 26.20
46 26.20
47 33.45
48 33.45
49 34.61
50 34.61
51 36.85
52 36.85
53 31.53
54 31.53
55 40.69
56 40.69
57 30.36
58 30.36
59 45.65
60 45.65
61 27.80
62 27.80
63 39.37
64 39.37
65 29.55
66 29.55
67 39.68
68 39.68
69 40.86
70 40.86
71 33.45
72 33.45
73 35.15
74 35.15
75 32.87
76 32.87
77 31.51
78 31.51
79 40.58
80 40.58
81 35.03
82 35.03
83 26.83
84 26.83
85 33.50
86 33.50
87 37.39
88 37.39
89 37.53
90 37.53
91 36.03
92 36.03
93 33.45
94 33.45
95 30.74
96 30.74
97 39.24
98 39.24
99 33.50
100 33.50
101 40.46
102 40.46
