1	146.84
2	149.94
3	152.77
4	158.74
5	153.72
6	144.41
7	150.08
8	148.61
9	152.16
10	147.09
11	164.17
12	146.98
13	148.83
14	148.93
15	150.19
16	149.31
17	150.05
18	156.02
19	148.98
20	146.92
21	149.58
22	149.99
23	154.11
24	146.07
25	155.02
26	149.45
27	147.55
28	143.19
29	149.43
30	154.67
31	152.70
32	156.55
33	150.08
34	149.15
35	150.10
36	151.31
37	155.45
38	158.10
39	147.07
40	144.24
41	152.64
42	152.10
43	154.65
44	149.47
45	150.18
46	144.91
47	153.54
48	145.28
49	147.40
50	149.69
51	155.80
