1	246.64
2	262.44
3	276.62
4	266.7
5	293.06
6	270.21
7	235.73
8	301.27
9	288.12
10	316.42
11	271.75
12	279.72
13	289.97
14	280.69
15	321.35
16	269.74
17	302.46
18	260.45
19	283.69
20	274.33
21	276.11
22	184.69
23	285.5
24	263.7
25	225.02
26	281.21
27	270.86
28	252.95
29	302.17
30	253.95
31	306
32	250.44
33	287.35
34	292.11
35	299.67
36	265.88
37	214.43
38	245.08
39	249.2
40	278.76
41	282.97
42	278.66
43	242.99
44	289.55
45	274.34
46	220.38
47	248.12
48	280.41
49	284.23
50	257.63
51	250.7
52	268.52
53	246.39
54	285.51
55	244.1
56	306.15
57	292.77
58	253.05
59	257.72
60	229.68
61	262.45
62	302.67
63	249.61
64	307.86
65	273.41
66	261.89
67	302.61
68	211.44
69	300.67
70	314.19
71	276.16
72	314.88
73	225.76
74	273.99
75	269.57
76	298.29
77	258.38
78	289.19
79	284.99
80	268.44
81	272.05
82	248.24
83	267.48
84	283.26
85	310.84
86	271.82
87	273.76
88	207.39
89	221.67
90	256.6
91	204.92
92	267.2
93	266.75
94	289.65
95	314.63
96	291.49
97	289.43
98	276.18
99	259.94
100	263.65
101	291.35
