1 -0.13
2 -0.13
3 -0.03
4 -0.03
5 -0.10
6 -0.10
7 -0.44
8 -0.44
9 -0.26
10 -0.26
11 -0.61
12 -0.61
13 -0.56
14 -0.56
15 -0.06
16 -0.06
17 -0.56
18 -0.56
19 -0.47
20 -0.47
21 -0.25
22 -0.25
23 -0.04
24 -0.04
25 -0.51
26 -0.51
27 -0.77
28 -0.77
29 -0.54
30 -0.54
31 -0.25
32 -0.25
33 -0.08
34 -0.08
35 -0.24
36 -0.24
37 -0.39
38 -0.39
39 -0.26
40 -0.26
41 -0.13
42 -0.13
43 -0.38
44 -0.38
45 -0.60
46 -0.60
47 -0.50
48 -0.50
49 -0.52
50 -0.52
51 -0.23
52 -0.23
53 -0.65
54 -0.65
55 -0.42
56 -0.42
57 -0.21
58 -0.21
59 -0.05
60 -0.05
61 -0.53
62 -0.53
63 -0.22
64 -0.22
65 -0.82
66 -0.82
67 -0.86
68 -0.86
69 -0.52
70 -0.52
71 -0.07
72 -0.07
73 -0.24
74 -0.24
75 -0.46
76 -0.46
77 -0.23
78 -0.23
79 -0.20
80 -0.20
81 -0.07
82 -0.07
83 -0.49
84 -0.49
85 -0.41
86 -0.41
87 -0.57
88 -0.57
89 -0.63
90 -0.63
91 -0.50
92 -0.50
93 -0.44
94 -0.44
95 -0.15
96 -0.15
97 -0.34
98 -0.34
99 -0.17
100 -0.17
101 -0.19
102 -0.19
