1 34.78
2 34.78
3 33.96
4 33.96
5 26.72
6 26.72
7 35.16
8 35.16
9 29.20
10 29.20
11 30.38
12 30.38
13 37.75
14 37.75
15 37.09
16 37.09
17 35.94
18 35.94
19 31.17
20 31.17
21 28.55
22 28.55
23 31.52
24 31.52
25 26.54
26 26.54
27 27.29
28 27.29
29 26.15
30 26.15
31 25.69
32 25.69
33 37.61
34 37.61
35 24.97
36 24.97
37 32.93
38 32.93
39 30.83
40 30.83
41 31.26
42 31.26
43 32.05
44 32.05
45 24.44
46 24.44
47 26.93
48 26.93
49 32.64
50 32.64
51 22.60
52 22.60
53 27.47
54 27.47
55 39.34
56 39.34
57 22.71
58 22.71
59 32.77
60 32.77
61 30.68
62 30.68
63 28.61
64 28.61
65 34.45
66 34.45
67 33.45
68 33.45
69 32.88
70 32.88
71 24.89
72 24.89
73 26.28
74 26.28
75 27.79
76 27.79
77 28.62
78 28.62
79 30.50
80 30.50
81 32.90
82 32.90
83 25.35
84 25.35
85 27.87
86 27.87
87 33.00
88 33.00
89 35.71
90 35.71
91 34.37
92 34.37
93 37.25
94 37.25
95 25.60
96 25.60
97 34.08
98 34.08
99 29.32
100 29.32
101 31.00
102 31.00
