1	-11.19
2	-12.53
3	-11.87
4	-11.47
5	-11.78
6	-12.31
7	-12.93
8	-12.18
9	-12.95
10	-12.06
11	-12.30
12	-12.50
13	-12.61
14	-12.31
15	-11.70
16	-13.18
17	-13.40
18	-12.10
19	-13.06
20	-12.25
21	-13.30
22	-14.13
23	-12.62
24	-13.35
25	-13.10
26	-13.15
27	-12.18
28	-12.30
29	-11.67
30	-11.82
31	-12.31
32	-12.05
33	-12.47
34	-11.90
35	-12.74
36	-12.82
37	-12.72
38	-11.10
39	-12.02
40	-11.41
41	-11.47
42	-12.52
43	-12.74
44	-12.45
45	-11.71
46	-11.94
47	-13.32
48	-10.98
49	-12.38
50	-12.01
51	-12.70
