1	57.64
2	50.43
3	57.39
4	53.12
5	46.69
6	51.21
7	51.36
8	47.27
9	51.12
10	48.14
11	65.10
12	62.45
13	54.51
14	48.84
15	58.90
16	51.77
17	86.01
18	56.06
19	54.29
20	60.15
21	52.58
22	80.99
23	67.49
24	64.33
25	45.82
26	57.45
27	58.81
28	58.89
29	46.80
30	56.04
31	47.67
32	62.72
33	48.99
34	58.54
35	61.49
36	58.90
37	49.13
38	55.54
39	52.27
40	58.25
41	50.08
42	59.65
43	68.47
44	55.57
45	52.04
46	51.81
47	50.22
48	50.42
49	59.73
50	49.72
51	55.44
52	50.66
53	44.35
54	47.65
55	64.05
56	62.12
57	50.96
58	47.47
59	57.47
60	56.75
61	55.13
62	54.67
63	49.69
64	42.38
65	53.58
66	57.33
67	52.53
68	51.72
69	54.85
70	49.25
71	42.80
72	48.14
73	60.84
74	56.07
75	60.67
76	53.63
77	53.62
78	64.18
79	50.41
80	52.00
81	51.67
82	48.24
83	51.27
84	58.68
85	51.15
86	51.59
87	57.53
88	53.62
89	57.13
90	59.63
91	51.79
92	67.35
93	49.16
94	54.26
95	41.09
96	63.14
97	49.13
98	59.23
99	54.08
100	64.89
101	52.77
