1 -2.85
2 -2.85
3 -17.08
4 -17.08
5 10.86
6 10.86
7 -8.08
8 -8.08
9 21.65
10 21.65
11 -2.58
12 -2.58
13 2.10
14 2.10
15 18.91
16 18.91
17 10.54
18 10.54
19 -18.49
20 -18.49
21 -3.49
22 -3.49
23 -12.49
24 -12.49
25 16.73
26 16.73
27 21.64
28 21.64
29 22.24
30 22.24
31 18.44
32 18.44
33 27.32
34 27.32
35 -14.78
36 -14.78
37 14.64
38 14.64
39 22.03
40 22.03
41 12.70
42 12.70
43 -14.87
44 -14.87
45 7.31
46 7.31
47 -20.41
48 -20.41
49 6.74
50 6.74
51 1.41
52 1.41
53 5.20
54 5.20
55 9.85
56 9.85
57 13.06
58 13.06
59 10.83
60 10.83
61 -4.63
62 -4.63
63 -2.83
64 -2.83
65 12.03
66 12.03
67 -5.94
68 -5.94
69 -16.81
70 -16.81
71 25.36
72 25.36
73 -16.07
74 -16.07
75 -7.81
76 -7.81
77 2.10
78 2.10
79 -7.73
80 -7.73
81 -2.92
82 -2.92
83 9.31
84 9.31
85 27.59
86 27.59
87 -5.10
88 -5.10
89 10.69
90 10.69
91 -18.29
92 -18.29
93 -2.98
94 -2.98
95 -16.11
96 -16.11
97 1.47
98 1.47
99 1.99
100 1.99
101 3.03
102 3.03
