1 -0.44
2 -0.44
3 2.87
4 2.87
5 -3.22
6 -3.22
7 1.48
8 1.48
9 2.76
10 2.76
11 0.35
12 0.35
13 -0.35
14 -0.35
15 2.27
16 2.27
17 0.60
18 0.60
19 0.50
20 0.50
21 -0.84
22 -0.84
23 1.08
24 1.08
25 -0.25
26 -0.25
27 0.79
28 0.79
29 1.14
30 1.14
31 -1.82
32 -1.82
33 0.40
34 0.40
35 1.58
36 1.58
37 -0.07
38 -0.07
39 0.80
40 0.80
41 0.19
42 0.19
43 -0.01
44 -0.01
45 1.24
46 1.24
47 1.50
48 1.50
49 1.87
50 1.87
51 0.26
52 0.26
53 2.55
54 2.55
55 0.27
56 0.27
57 0.69
58 0.69
59 1.16
60 1.16
61 3.87
62 3.87
63 0.67
64 0.67
65 -0.21
66 -0.21
67 0.92
68 0.92
69 2.05
70 2.05
71 -1.02
72 -1.02
73 2.17
74 2.17
75 -0.29
76 -0.29
77 2.09
78 2.09
79 0.96
80 0.96
81 -2.98
82 -2.98
83 0.66
84 0.66
85 -0.94
86 -0.94
87 -0.09
88 -0.09
89 -0.70
90 -0.70
91 0.98
92 0.98
93 1.37
94 1.37
95 1.66
96 1.66
97 -1.09
98 -1.09
99 -1.18
100 -1.18
101 1.82
102 1.82
