1 0.11
2 0.11
3 1.03
4 1.03
5 1.45
6 1.45
7 0.78
8 0.78
9 0.46
10 0.46
11 -1.57
12 -1.57
13 -1.80
14 -1.80
15 -1.79
16 -1.79
17 -1.89
18 -1.89
19 0.58
20 0.58
21 -2.86
22 -2.86
23 -3.79
24 -3.79
25 -4.79
26 -4.79
27 -0.52
28 -0.52
29 0.36
30 0.36
31 -1.06
32 -1.06
33 -5.78
34 -5.78
35 -0.92
36 -0.92
37 0.39
38 0.39
39 0.41
40 0.41
41 0.59
42 0.59
43 2.67
44 2.67
45 2.98
46 2.98
47 0.90
48 0.90
49 2.87
50 2.87
51 1.41
52 1.41
53 -1.11
54 -1.11
55 0.09
56 0.09
57 -3.48
58 -3.48
59 -3.92
60 -3.92
61 -0.49
62 -0.49
63 -2.93
64 -2.93
65 -2.50
66 -2.50
67 -7.33
68 -7.33
69 -2.42
70 -2.42
71 -4.55
72 -4.55
73 -0.18
74 -0.18
75 -2.24
76 -2.24
77 -1.27
78 -1.27
79 -5.10
80 -5.10
81 -4.12
82 -4.12
83 0.61
84 0.61
85 4.24
86 4.24
87 -1.13
88 -1.13
89 1.71
90 1.71
91 -2.13
92 -2.13
93 2.38
94 2.38
95 -1.53
96 -1.53
97 -5.11
98 -5.11
99 -1.70
100 -1.70
101 -1.41
102 -1.41
103 2.93
104 2.93
105 -3.68
106 -3.68
107 -2.17
108 -2.17
109 0.51
110 0.51
111 1.63
112 1.63
113 -2.58
114 -2.58
115 -4.30
116 -4.30
117 -0.63
118 -0.63
119 -2.58
120 -2.58
121 1.83
122 1.83
123 1.30
124 1.30
125 -3.79
126 -3.79
127 -2.68
128 -2.68
129 -3.50
130 -3.50
131 1.71
132 1.71
133 -3.99
134 -3.99
135 -3.02
136 -3.02
137 0.08
138 0.08
139 -4.97
140 -4.97
141 1.87
142 1.87
143 0.88
144 0.88
145 -3.01
146 -3.01
147 2.79
148 2.79
149 -0.09
150 -0.09
151 -5.51
152 -5.51
153 -0.94
154 -0.94
155 -0.67
156 -0.67
157 -3.19
158 -3.19
159 -2.50
160 -2.50
161 0.78
162 0.78
163 0.13
164 0.13
165 -5.17
166 -5.17
167 -5.50
168 -5.50
169 -3.53
170 -3.53
171 0.08
172 0.08
173 0.02
174 0.02
175 -0.54
176 -0.54
177 -0.08
178 -0.08
179 -4.88
180 -4.88
181 0.32
182 0.32
183 1.70
184 1.70
185 -4.26
186 -4.26
187 2.71
188 2.71
189 2.45
190 2.45
191 0.63
192 0.63
193 -2.85
194 -2.85
195 3.38
196 3.38
197 -0.91
198 -0.91
199 -0.72
200 -0.72
201 1.04
202 1.04
