1	0.20
2	0.33
3	0.66
4	0.39
5	0.58
6	0.86
7	1.47
8	0.46
9	0.30
10	0.96
11	0.67
12	-0.39
13	0.73
14	1.43
15	1.01
16	0.31
17	0.65
18	1.06
19	1.10
20	0.95
21	1.78
22	0.76
23	0.40
24	0.63
25	0.17
26	0.00
27	0.81
28	0.40
29	0.75
30	1.13
31	0.84
32	0.91
33	1.10
34	1.08
35	0.28
36	0.72
37	0.78
38	0.06
39	0.34
40	0.44
41	0.05
42	0.38
43	0.61
44	0.61
45	0.88
46	0.99
47	0.56
48	0.77
49	0.68
50	0.73
51	0.63
52	1.04
53	0.25
54	0.49
55	1.30
56	0.17
57	0.94
58	0.20
59	0.85
60	0.93
61	0.93
62	0.07
63	0.38
64	1.14
65	1.90
66	0.92
67	0.34
68	0.81
69	1.44
70	0.11
71	0.87
72	0.24
73	0.86
74	1.16
75	1.37
76	0.60
77	0.68
78	0.55
79	0.54
80	1.09
81	1.18
82	1.52
83	0.60
84	0.37
85	0.71
86	0.24
87	1.05
88	0.83
89	1.02
90	1.34
91	0.32
92	1.54
93	1.61
94	0.60
95	0.41
96	-0.07
97	1.32
98	0.80
99	1.10
100	0.90
101	1.38
