1	-0.30
2	-0.69
3	-0.61
4	-0.40
5	-1.16
6	-0.53
7	0.10
8	-0.74
9	-1.11
10	-0.66
11	-0.71
12	-0.53
13	-0.57
14	-1.05
15	-0.66
16	-0.85
17	-0.58
18	-0.63
19	-0.59
20	-0.35
21	-1.07
22	-0.84
23	-1.08
24	-0.57
25	-0.85
26	-0.83
27	-0.33
28	-0.46
29	-0.67
30	-0.62
31	-0.89
32	-0.84
33	-1.03
34	-0.41
35	-0.85
36	-0.78
37	-0.47
38	-1.05
39	-1.00
40	-0.52
41	-0.71
42	-1.06
43	-1.08
44	-0.78
45	-0.58
46	-0.63
47	-1.00
48	-0.79
49	-0.99
50	-0.68
51	-1.04
52	-1.16
53	-1.68
54	-0.37
55	-0.70
56	-0.64
57	-0.53
58	-0.64
59	-1.07
60	-0.58
61	-0.87
62	-0.82
63	-0.88
64	-1.04
65	-1.18
66	-0.19
67	-0.37
68	-0.73
69	-0.72
70	-0.66
71	-1.27
72	-0.69
73	-0.77
74	-1.09
75	-1.02
76	-0.85
77	-0.52
78	-0.91
79	-0.48
80	-0.71
81	-1.14
82	-1.08
83	-0.63
84	-0.62
85	-1.02
86	-0.94
87	-0.36
88	-0.56
89	-0.61
90	-1.26
91	-0.42
92	-1.22
93	-1.51
94	-1.00
95	-0.35
96	-0.87
97	-0.81
98	-0.30
99	-0.64
100	-0.21
101	-0.24
