1	-0.92
2	-1.97
3	-1.01
4	0.10
5	0.14
6	3.30
7	1.97
8	-1.29
9	-0.23
10	-0.30
11	-1.43
12	-0.05
13	-1.19
14	-2.99
15	0.88
16	-0.80
17	-1.79
18	-4.72
19	-0.48
20	0.93
21	-0.77
22	-1.31
23	-3.80
24	-1.35
25	0.09
26	1.85
27	1.92
28	-0.83
29	-1.87
30	-1.65
31	-4.22
32	0.17
33	-3.38
34	-0.58
35	0.77
36	-0.80
37	0.92
38	0.00
39	-2.05
40	-1.45
41	-1.85
42	-2.11
43	-0.90
44	-4.66
45	-0.71
46	0.31
47	-2.33
48	1.07
49	-0.77
50	-1.12
51	0.56
52	2.40
53	-4.11
54	0.26
55	-7.68
56	1.70
57	6.02
58	-0.51
59	0.14
60	-1.07
61	-2.33
62	0.63
63	-0.10
64	2.19
65	-1.32
66	-5.14
67	-1.77
68	2.72
69	0.87
70	-1.48
71	-0.07
72	-0.29
73	2.16
74	-3.48
75	-2.41
76	-1.26
77	-1.19
78	-4.45
79	-0.98
80	-0.54
81	-0.99
82	-2.89
83	0.66
84	-0.60
85	-0.67
86	-3.98
87	-2.54
88	-3.20
89	0.09
90	-4.13
91	-0.34
92	-1.70
93	-1.19
94	-5.92
95	-0.56
96	0.64
97	-1.66
98	-0.81
99	0.12
100	-1.11
101	1.23
