1	12.80
2	10.71
3	NaN
4	13.25
5	15.42
6	15.09
7	13.25
8	14.13
9	16.45
10	14.48
11	13.05
12	14.12
13	13.78
14	13.96
15	16.80
16	15.12
17	13.77
18	13.22
19	14.00
20	11.63
21	12.76
22	13.20
23	12.84
24	13.84
25	11.56
26	15.16
27	13.20
28	14.88
29	14.35
30	10.33
31	12.50
32	12.93
33	10.62
34	13.97
35	15.11
36	14.47
37	9.59
38	12.23
39	11.12
40	12.18
41	15.48
42	12.59
43	11.63
44	11.43
45	10.89
46	12.55
47	9.64
48	10.40
49	12.14
50	11.61
51	11.45
52	8.95
53	9.80
54	8.58
55	9.92
56	11.77
57	12.38
58	10.82
59	8.97
60	10.06
61	9.36
62	8.89
63	13.85
64	11.13
65	13.43
66	13.86
67	12.56
68	10.69
69	12.64
70	13.90
71	10.12
72	12.90
73	13.51
74	11.77
75	13.51
76	13.50
77	16.19
78	13.07
79	13.04
80	15.58
81	13.92
82	13.54
83	12.16
84	14.65
85	13.09
86	15.42
87	12.78
88	11.21
89	12.63
90	13.52
91	11.84
92	NaN
93	10.79
94	13.82
95	13.25
96	12.01
97	NaN
98	12.99
99	12.57
100	13.59
101	11.39
