1	4.27
2	5.65
3	2.65
4	4.95
5	3.66
6	4.37
7	4.63
8	3.72
9	6.11
10	4.34
11	5.96
12	5.30
13	5.30
14	5.20
15	4.94
16	5.05
17	4.03
18	6.99
19	5.54
20	6.62
21	4.20
22	6.22
23	4.12
24	5.93
25	7.56
26	4.80
27	4.57
28	5.36
29	4.72
30	6.64
31	2.89
32	3.29
33	3.99
34	4.12
35	6.06
36	5.21
37	6.05
38	3.37
39	2.64
40	3.59
41	6.00
42	4.43
43	5.59
44	3.55
45	4.11
46	7.21
47	5.07
48	3.25
49	2.60
50	5.35
51	5.83
52	5.41
53	5.20
54	4.36
55	4.93
56	5.76
57	6.74
58	8.12
59	4.57
60	6.66
61	4.53
62	5.48
63	7.15
64	8.06
65	5.54
66	5.65
67	3.39
68	4.11
69	2.39
70	4.42
71	4.27
72	3.27
73	6.83
74	5.70
75	4.83
76	5.60
77	5.86
78	7.45
79	4.07
80	6.92
81	4.39
82	5.10
83	4.44
84	3.77
85	4.35
86	4.67
87	6.13
88	7.45
89	7.47
90	4.36
91	3.97
92	3.59
93	4.34
94	6.65
95	5.54
96	5.45
97	4.42
98	4.94
99	3.90
100	4.32
101	4.22
