1 2.94
2 2.94
3 2.81
4 2.81
5 2.88
6 2.88
7 2.96
8 2.96
9 2.82
10 2.82
11 2.84
12 2.84
13 2.93
14 2.93
15 2.97
16 2.97
17 2.93
18 2.93
19 3.02
20 3.02
21 2.75
22 2.75
23 2.89
24 2.89
25 2.72
26 2.72
27 2.91
28 2.91
29 2.79
30 2.79
31 2.76
32 2.76
33 2.80
34 2.80
35 2.85
36 2.85
37 2.95
38 2.95
39 2.99
40 2.99
41 2.83
42 2.83
43 2.81
44 2.81
45 2.86
46 2.86
47 2.87
48 2.87
49 2.94
50 2.94
51 2.90
52 2.90
53 2.85
54 2.85
55 2.96
56 2.96
57 2.81
58 2.81
59 2.93
60 2.93
61 2.75
62 2.75
63 2.81
64 2.81
65 2.83
66 2.83
67 2.73
68 2.73
69 2.72
70 2.72
71 2.75
72 2.75
73 2.89
74 2.89
75 2.84
76 2.84
77 2.91
78 2.91
79 2.87
80 2.87
81 2.85
82 2.85
83 2.84
84 2.84
85 2.79
86 2.79
87 2.92
88 2.92
89 2.82
90 2.82
91 2.92
92 2.92
93 2.91
94 2.91
95 2.87
96 2.87
97 2.89
98 2.89
99 2.76
100 2.76
101 2.76
102 2.76
