1	248.54
2	246.92
3	245.97
4	249.21
5	250.55
6	266.6
7	258.17
8	252.56
9	233.91
10	245.71
11	248.41
12	233.55
13	241.53
14	249.7
15	253.63
16	259.75
17	242.83
18	246.1
19	248.61
20	241
21	260.86
22	248.57
23	259.15
24	239.33
25	244.12
26	240.84
27	261.81
28	257.26
29	241.52
30	253.83
31	265.16
32	256.38
33	254.2
34	241.95
35	249.38
36	256.41
37	255.87
38	251.94
39	258.64
40	259.47
41	236.82
42	243.42
43	248.19
44	246.07
45	265.62
46	242.56
47	260.87
48	253.62
49	249.88
50	245.11
51	247.36
52	250.59
53	228.51
54	252.84
55	246.02
56	250.99
57	250
58	249.38
59	247.65
60	256.67
61	245.57
62	256.83
63	248.63
64	234.36
65	257.77
66	229.43
67	248.43
68	265.2
69	260.5
70	254.67
71	259.51
72	227.68
73	248.37
74	253.37
75	249.97
76	244.4
77	239.54
78	241.31
79	262.89
80	252.73
81	252.29
82	253.67
83	242.96
84	260.63
85	239.59
86	258.83
87	241.39
88	246.43
89	246.8
90	258.96
91	225.07
92	250.07
93	263.21
94	245.85
95	242.18
96	253.58
97	248.62
98	254.14
99	249.54
100	253.71
101	265.12
