1	204.18
2	201.33
3	202.69
4	248.55
5	208.04
6	209.85
7	207.17
8	210.26
9	225.48
10	244.64
11	217.68
12	207.2
13	267.64
14	206.69
15	215.06
16	231.38
17	228.27
18	207.26
19	232.77
20	196.33
21	212.82
22	242.29
23	220.36
24	201.78
25	195.86
26	213.98
27	224.38
28	216.88
29	192.75
30	204.73
31	211.04
32	250.25
33	199.78
34	213.66
35	218.44
36	225.59
37	216.77
38	242.82
39	213.01
40	220.17
41	198.93
42	218.06
43	234.14
44	228.38
45	204.64
46	199.29
47	215.13
48	220.75
49	223.05
50	236.71
51	270.26
52	241.64
53	210.01
54	218.49
55	236.23
56	219.67
57	191.8
58	216.32
59	225.35
60	213.99
61	226.81
62	219.92
63	227.27
64	199.89
65	225.7
66	212.03
67	238.69
68	227.71
69	228.06
70	202.25
71	215.43
72	174.88
73	232.6
74	242.65
75	216.59
76	235.43
77	203.77
78	224.7
79	212.12
80	195.4
81	204.37
82	200.86
83	268.32
84	211.74
85	199.55
86	220.19
87	218.86
88	223.64
89	203.12
90	246.09
91	194.73
92	213.63
93	192.44
94	239.19
95	196.34
96	223.24
97	206.58
98	211.92
99	256.49
100	196.39
101	221.71
