1	242.84
2	222.05
3	246.42
4	187.18
5	189.56
6	196.34
7	198.32
8	203.46
9	204.2
10	207.83
11	194.03
12	220.21
13	171.04
14	212.54
15	193.46
16	182.97
17	179.19
18	191.69
19	187.77
20	233.17
21	197.95
22	181.44
23	188.24
24	217.73
25	208.42
26	202.15
27	177.11
28	194.2
29	198.61
30	208.79
31	180.97
32	158.71
33	240.55
34	200.1
35	201.23
36	191.12
37	202.71
38	171.37
39	194.35
40	184.71
41	227.07
42	205.79
43	199.63
44	184.55
45	186.33
46	213.6
47	186.48
48	183.05
49	165.10
50	173.69
51	160.21
52	176.02
53	207.98
54	202.63
55	172.51
56	224.5
57	220.55
58	197.36
59	193.22
60	187.4
61	208.82
62	182.08
63	197.34
64	240.41
65	184
66	229.86
67	189.55
68	172.19
69	182.15
70	203.5
71	193.61
72	281.55
73	194.22
74	180.31
75	206.91
76	186.72
77	206.21
78	203.61
79	191.1
80	203.77
81	236.94
82	223.75
83	162.85
84	188.04
85	214.27
86	190.82
87	213.75
88	183.56
89	220.97
90	176.75
91	249.98
92	202.49
93	202.02
94	192.37
95	258.87
96	191.34
97	218.83
98	172.61
99	183.41
100	214.31
101	200.07
