1	0.18
2	0.14
3	-0.05
4	0.28
5	0.04
6	-0.02
7	0.40
8	0.42
9	0.00
10	-0.08
11	0.15
12	0.17
13	0.08
14	0.00
15	0.21
16	0.22
17	0.20
18	0.17
19	0.44
20	0.22
21	0.10
22	0.16
23	0.09
24	0.14
25	0.09
26	0.23
27	0.30
28	0.06
29	0.26
30	0.16
31	-0.02
32	0.22
33	0.16
34	0.08
35	0.06
36	-0.01
37	0.13
38	0.07
39	0.01
40	0.03
41	0.15
42	0.12
43	0.17
44	0.22
45	0.24
46	0.18
47	-0.03
48	-0.01
49	0.02
50	0.29
51	0.17
52	0.21
53	0.26
54	0.09
55	0.12
56	0.06
57	0.21
58	0.12
59	0.21
60	0.31
61	0.03
62	0.21
63	0.19
64	0.36
65	0.10
66	0.10
67	0.25
68	-0.04
69	0.12
70	0.14
71	0.16
72	0.09
73	0.14
74	-0.05
75	0.05
76	0.00
77	0.29
78	0.21
79	0.18
80	0.14
81	0.60
82	0.16
83	0.31
84	0.26
85	0.11
86	0.22
87	0.14
88	0.18
89	0.07
90	-0.08
91	0.20
92	0.30
93	0.18
94	0.22
95	0.14
96	0.17
97	0.10
98	0.01
99	0.16
100	0.19
101	0.24
