1	0.01
2	-0.02
3	-0.04
4	-0.01
5	0.00
6	-0.08
7	0.09
8	0.24
9	-0.02
10	-0.08
11	-0.03
12	0.11
13	0.00
14	0.05
15	-0.04
16	0.06
17	0.01
18	0.02
19	0.07
20	-0.02
21	-0.01
22	0.02
23	0.00
24	-0.03
25	0.02
26	0.04
27	0.08
28	-0.01
29	0.01
30	0.03
31	0.01
32	0.09
33	-0.03
34	0.00
35	0.00
36	0.00
37	-0.03
38	-0.07
39	-0.01
40	-0.09
41	0.08
42	0.01
43	-0.03
44	0.00
45	0.04
46	-0.04
47	-0.06
48	-0.04
49	-0.08
50	0.07
51	-0.02
52	0.03
53	0.06
54	0.03
55	0.13
56	0.01
57	-0.01
58	-0.03
59	0.05
60	0.04
61	-0.05
62	0.10
63	-0.04
64	0.12
65	-0.03
66	0.01
67	0.04
68	0.04
69	0.07
70	0.06
71	-0.05
72	0.01
73	0.17
74	-0.07
75	-0.08
76	-0.03
77	-0.06
78	0.06
79	-0.04
80	-0.03
81	0.23
82	-0.03
83	0.12
84	0.13
85	-0.08
86	0.02
87	-0.05
88	0.05
89	0.00
90	0.31
91	-0.06
92	-0.04
93	0.04
94	0.10
95	-0.07
96	0.16
97	0.01
98	-0.06
99	-0.02
100	0.01
101	0.05
