DG-1   127.81 175.72 -47.91
DA-2   114.51 171.86 -57.35
DT-3   100.80 185.78 -84.98
DT-4    91.32 185.78 -94.46
DA-5    80.44 171.86 -91.42
DC-6    83.62 176.41 -92.79
DA-7    88.66 171.86 -83.2
DT-8   100.95 185.78 -84.83
DA-9   104.73 171.86 -67.13
DC-10   104.64 176.41 -71.77
DA-11   100.39 171.86 -71.47
DT-12    76.99 185.78 -108.79
DA-13   104.44 171.86 -67.42
DC-14   106.80 176.41 -69.61
DA-15   105.93 171.86 -65.93
DG-16   106.29 175.72 -69.43
DA-17   102.38 171.86 -69.48
DT-18    99.32 185.78 -86.46
DT-19   111.47 185.78 -74.31
DA-20   111.25 171.86 -60.61
DC-21   108.61 176.41 -67.8
DA-22   110.14 171.86 -61.72
DT-23   108.05 185.78 -77.73
DA-24   103.77 171.86 -68.09
DC-25   104.53 176.41 -71.88
DA-26   107.06 171.86 -64.8
DT-27   111.40 185.78 -74.38
DA-28   112.73 171.86 -59.13
DC-29   111.80 176.41 -64.61
DA-30   109.32 171.86 -62.54
DG-31    81.12 175.72 -94.6
DA-32    60.42 171.86 -111.44
DT-33    62.93 185.78 -122.85
DT-34    62.58 185.78 -123.2
DA-35    59.88 171.86 -111.98
DC-36    90.51 176.41 -85.9
DA-37    91.72 171.86 -80.14
DT-38   104.86 185.78 -80.92
DA-39   104.89 171.86 -66.97
DC-40   109.52 176.41 -66.89
DA-41   113.55 171.86 -58.31
DT-42   109.80 185.78 -75.98
DA-43   104.10 171.86 -67.76
DC-44    99.31 176.41 -77.1
DA-45   105.85 171.86 -66.01
DG-46   110.13 175.72 -65.59
DA-47   112.57 171.86 -59.29
DT-48   110.23 185.78 -75.55
DT-49   106.69 185.78 -79.09
DA-50    97.66 171.86 -74.2
DC-51   102.17 176.41 -74.24
DA-52   107.71 171.86 -64.15
DT-53   105.91 185.78 -79.87
DA-54   100.07 171.86 -71.79
DC-55   101.98 176.41 -74.43
DA-56   108.53 171.86 -63.33
DT-57   105.92 185.78 -79.86
DA-58   102.75 171.86 -69.11
DC-59   102.97 176.41 -73.44
DA-60    96.51 171.86 -75.35
DG-61    90.75 175.72 -84.97
DA-62    99.25 171.86 -72.61
DT-63   102.06 185.78 -83.72
DT-64   102.28 185.78 -83.5
DA-65    99.64 171.86 -72.22
DC-66   100.05 176.41 -76.36
DA-67    99.33 171.86 -72.53
DT-68    97.71 185.78 -88.07
DA-69    96.59 171.86 -75.27
DC-70    98.60 176.41 -77.81
DA-71   102.60 171.86 -69.26
DT-72    98.98 185.78 -86.8
DA-73   103.41 171.86 -68.45
DC-74   101.39 176.41 -75.02
DA-75    96.54 171.86 -75.32
DG-76   100.00 175.72 -75.72
DA-77   100.76 171.86 -71.1
DT-78    94.68 185.78 -91.1
DT-79    95.52 185.78 -90.26
DA-80   100.41 171.86 -71.45
DC-81    97.95 176.41 -78.46
DA-82    78.02 171.86 -93.84
DT-83    67.69 185.78 -118.09
DA-84    64.16 171.86 -107.7
DC-85    60.46 176.41 -115.95
DA-86    69.59 171.86 -102.27
DT-87    98.87 185.78 -86.91
DA-88   100.47 171.86 -71.39
DC-89   100.15 176.41 -76.26
DA-90   115.10 171.86 -56.76
DT-91   111.18 185.78 -74.6
DG-92   102.06 175.72 -73.66
DT-93   110.81 185.78 -74.97
DA-94   102.31 171.86 -69.55
DT-95    97.10 185.78 -88.68
DG-96    99.71 175.72 -76.01
DT-97    70.53 185.78 -115.25
DA-98    59.42 171.86 -112.44
DT-99    70.08 185.78 -115.7
DG-100    78.35 175.72 -97.37
DT-101    93.53 185.78 -92.25
DA-102   101.95 171.86 -69.91
DA-103   103.39 171.86 -68.47
DT-104   101.02 185.78 -84.76
DC-105   104.52 176.41 -71.89
DT-106   107.12 185.78 -78.66
DG-107   113.86 175.72 -61.86
DT-108   114.52 185.78 -71.26
DA-109   106.73 171.86 -65.13
DT-110    98.42 185.78 -87.36
DG-111    97.89 175.72 -77.83
DT-112   110.73 185.78 -75.05
DA-113   110.05 171.86 -61.81
DT-114    82.62 185.78 -103.16
DG-115    77.48 175.72 -98.24
DT-116    84.39 185.78 -101.39
DA-117   102.26 171.86 -69.6
DA-118    96.27 171.86 -75.59
DT-119    91.52 185.78 -94.26
DC-120    99.48 176.41 -76.93
DT-121   106.16 185.78 -79.62
DG-122   109.16 175.72 -66.56
DT-123   107.50 185.78 -78.28
DA-124   102.28 171.86 -69.58
DT-125   104.78 185.78 -81
DG-126   103.45 175.72 -72.27
DT-127   101.28 185.78 -84.5
DA-128   100.11 171.86 -71.75
DT-129    94.55 185.78 -91.23
DG-130   106.73 175.72 -68.99
DT-131   108.30 185.78 -77.48
DA-132   103.75 171.86 -68.11
DA-133   108.35 171.86 -63.51
DT-134   102.98 185.78 -82.8
DC-135   104.94 176.41 -71.47
DT-136   104.31 185.78 -81.47
DG-137    98.15 175.72 -77.57
DT-138    98.42 185.78 -87.36
DA-139   100.22 171.86 -71.64
DT-140    94.67 185.78 -91.11
DG-141   103.84 175.72 -71.88
DT-142   117.70 185.78 -68.08
DA-143   111.08 171.86 -60.78
DT-144    99.10 185.78 -86.68
DG-145   101.65 175.72 -74.07
DT-146   101.76 185.78 -84.02
DA-147    94.01 171.86 -77.85
DA-148    67.54 171.86 -104.32
DT-149    66.42 185.78 -119.36
DC-150    71.27 176.41 -105.14
DT-151    88.95 185.78 -96.83
DG-152    90.01 175.72 -85.71
DT-153   104.27 185.78 -81.51
DA-154   101.55 171.86 -70.31
DT-155    97.98 185.78 -87.8
DG-156   105.83 175.72 -69.89
DT-157   111.75 185.78 -74.03
DA-158   109.33 171.86 -62.53
DT-159    98.11 185.78 -87.67
DG-160   104.74 175.72 -70.98
DT-161   104.02 185.78 -81.76
DA-162    99.44 171.86 -72.42
DA-163   109.69 171.86 -62.17
DT-164   103.52 185.78 -82.26
DC-165    96.00 176.41 -80.41
DT-166    98.61 185.78 -87.17
DG-167   104.23 175.72 -71.49
DT-168   101.99 185.78 -83.79
DA-169   104.68 171.86 -67.18
DT-170    75.17 185.78 -110.61
DG-171    72.04 175.72 -103.68
DT-172    89.52 185.78 -96.26
DA-173   104.63 171.86 -67.23
DT-174   104.22 185.78 -81.56
DG-175   102.02 175.72 -73.7
DT-176   101.50 185.78 -84.28
DA-177   102.24 171.86 -69.62
DA-178    95.12 171.86 -76.74
DT-179    94.87 185.78 -90.91
DC-180   115.56 176.41 -60.85
