DG-1   114.92 175.72 -60.8
DA-2   109.45 171.86 -62.41
DT-3   108.36 185.78 -77.42
DT-4    91.14 185.78 -94.64
DA-5    80.28 171.86 -91.58
DC-6    84.69 176.41 -91.72
DA-7    89.08 171.86 -82.78
DT-8   100.70 185.78 -85.08
DA-9   104.74 171.86 -67.12
DC-10   105.30 176.41 -71.11
DA-11   101.26 171.86 -70.6
DT-12    76.20 185.78 -109.58
DA-13   103.90 171.86 -67.96
DC-14   106.85 176.41 -69.56
DA-15   101.64 171.86 -70.22
DG-16   101.99 175.72 -73.73
DA-17   105.46 171.86 -66.4
DT-18    99.51 185.78 -86.27
DT-19   105.11 185.78 -80.67
DA-20   108.23 171.86 -63.63
DC-21   113.08 176.41 -63.33
DA-22   108.28 171.86 -63.58
DT-23    99.13 185.78 -86.65
DA-24   101.37 171.86 -70.49
DC-25   105.10 176.41 -71.31
DA-26   106.36 171.86 -65.5
DT-27   100.00 185.78 -85.78
DA-28   100.85 171.86 -71.01
DC-29   104.52 176.41 -71.89
DA-30   102.59 171.86 -69.27
DG-31    80.51 175.72 -95.21
DA-32    59.97 171.86 -111.89
DT-33    61.75 185.78 -124.03
DT-34    61.93 185.78 -123.85
DA-35    60.10 171.86 -111.76
DC-36    90.28 176.41 -86.13
DA-37    92.46 171.86 -79.4
DT-38   104.47 185.78 -81.31
DA-39    99.56 171.86 -72.3
DC-40    97.53 176.41 -78.88
DA-41   103.33 171.86 -68.53
DT-42   105.26 185.78 -80.52
DA-43   107.02 171.86 -64.84
DC-44   110.56 176.41 -65.85
DA-45   107.46 171.86 -64.4
DG-46   103.92 175.72 -71.8
DA-47   105.41 171.86 -66.45
DT-48   103.81 185.78 -81.97
DT-49   112.30 185.78 -73.48
DA-50   111.13 171.86 -60.73
DC-51   103.53 176.41 -72.88
DA-52   102.62 171.86 -69.24
DT-53   105.58 185.78 -80.2
DA-54   100.46 171.86 -71.4
DC-55   104.67 176.41 -71.74
DA-56   107.37 171.86 -64.49
DT-57   107.00 185.78 -78.78
DA-58   106.68 171.86 -65.18
DC-59    99.15 176.41 -77.26
DA-60    92.43 171.86 -79.43
DG-61    90.79 175.72 -84.93
DA-62    99.96 171.86 -71.9
DT-63   102.51 185.78 -83.27
DT-64   102.62 185.78 -83.16
DA-65   100.35 171.86 -71.51
DC-66   100.32 176.41 -76.09
DA-67    98.76 171.86 -73.1
DT-68   103.51 185.78 -82.27
DA-69   106.27 171.86 -65.59
DC-70   105.27 176.41 -71.14
DA-71   104.32 171.86 -67.54
DT-72   102.71 185.78 -83.07
DA-73   101.03 171.86 -70.83
DC-74   105.84 176.41 -70.57
DA-75   104.92 171.86 -66.94
DG-76    92.61 175.72 -83.11
DA-77    96.72 171.86 -75.14
DT-78    98.00 185.78 -87.78
DT-79   106.69 185.78 -79.09
DA-80   107.97 171.86 -63.89
DC-81    97.95 176.41 -78.46
DA-82    78.06 171.86 -93.8
DT-83    67.52 185.78 -118.26
DA-84    64.02 171.86 -107.84
DC-85    60.28 176.41 -116.13
DA-86    70.36 171.86 -101.5
DT-87    91.56 185.78 -94.22
DA-88    92.87 171.86 -78.99
DC-89   106.36 176.41 -70.05
DA-90   121.67 171.86 -50.19
DT-91   114.91 185.78 -70.87
DG-92   107.04 175.72 -68.68
DT-93   111.94 185.78 -73.84
DA-94   102.71 171.86 -69.15
DT-95    96.88 185.78 -88.9
DG-96    98.88 175.72 -76.84
DT-97    69.49 185.78 -116.29
DA-98    58.84 171.86 -113.02
DT-99    70.16 185.78 -115.62
DG-100    78.17 175.72 -97.55
DT-101    91.05 185.78 -94.73
DA-102    91.22 171.86 -80.64
DA-103   104.68 171.86 -67.18
DT-104   113.06 185.78 -72.72
DC-105   109.09 176.41 -67.32
DT-106   107.46 185.78 -78.32
DG-107   106.18 175.72 -69.54
DT-108   111.50 185.78 -74.28
DA-109   103.18 171.86 -68.68
DT-110    99.77 185.78 -86.01
DG-111   102.56 175.72 -73.16
DT-112   103.52 185.78 -82.26
DA-113   106.21 171.86 -65.65
DT-114    83.38 185.78 -102.4
DG-115    78.31 175.72 -97.41
DT-116    84.93 185.78 -100.85
DA-117   103.09 171.86 -68.77
DA-118    96.47 171.86 -75.39
DT-119    91.77 185.78 -94.01
DC-120    99.40 176.41 -77.01
DT-121   109.11 185.78 -76.67
DG-122   117.49 175.72 -58.23
DT-123   113.34 185.78 -72.44
DA-124    94.74 171.86 -77.12
DT-125    91.55 185.78 -94.23
DG-126   100.65 175.72 -75.07
DT-127   112.05 185.78 -73.73
DA-128   108.78 171.86 -63.08
DT-129    99.01 185.78 -86.77
DG-130   106.32 175.72 -69.4
DT-131   103.85 185.78 -81.93
DA-132    90.99 171.86 -80.87
DA-133    90.49 171.86 -81.37
DT-134   103.80 185.78 -81.98
DC-135   105.41 176.41 -71
DT-136   102.64 185.78 -83.14
DG-137   108.51 175.72 -67.21
DT-138   112.23 185.78 -73.55
DA-139   113.11 171.86 -58.75
DT-140   104.40 185.78 -81.38
DG-141   103.07 175.72 -72.65
DT-142   111.45 185.78 -74.33
DA-143   109.60 171.86 -62.26
DT-144    99.98 185.78 -85.8
DG-145   102.08 175.72 -73.64
DT-146   101.47 185.78 -84.31
DA-147    93.94 171.86 -77.92
DA-148    67.88 171.86 -103.98
DT-149    66.79 185.78 -118.99
DC-150    71.30 176.41 -105.11
DT-151    87.91 185.78 -97.87
DG-152   100.22 175.72 -75.5
DT-153   115.00 185.78 -70.78
DA-154   105.98 171.86 -65.88
DT-155    90.64 185.78 -95.14
DG-156   100.47 175.72 -75.25
DT-157   114.06 185.78 -71.72
DA-158   107.29 171.86 -64.57
DT-159   100.40 185.78 -85.38
DG-160   102.19 175.72 -73.53
DT-161    96.91 185.78 -88.87
DA-162    99.71 171.86 -72.15
DA-163   101.21 171.86 -70.65
DT-164    97.39 185.78 -88.39
DC-165   101.23 176.41 -75.18
DT-166   103.13 185.78 -82.65
DG-167   104.57 175.72 -71.15
DT-168   102.86 185.78 -82.92
DA-169   104.54 171.86 -67.32
DT-170    74.55 185.78 -111.23
DG-171    71.77 175.72 -103.95
DT-172    88.95 185.78 -96.83
DA-173   104.92 171.86 -66.94
DT-174   104.82 185.78 -80.96
DG-175   102.65 175.72 -73.07
DT-176   101.92 185.78 -83.86
DA-177   102.38 171.86 -69.48
DA-178   103.35 171.86 -68.51
DT-179   100.76 185.78 -85.02
DC-180   113.29 176.41 -63.12
