DG-1   117.00 175.72 -58.72
DA-2   108.30 171.86 -63.56
DT-3   105.27 185.78 -80.51
DT-4    90.62 185.78 -95.16
DA-5    79.67 171.86 -92.19
DC-6    83.65 176.41 -92.76
DA-7    88.95 171.86 -82.91
DT-8   100.70 185.78 -85.08
DA-9   104.51 171.86 -67.35
DC-10   104.55 176.41 -71.86
DA-11   100.52 171.86 -71.34
DT-12    76.64 185.78 -109.14
DA-13   104.23 171.86 -67.63
DC-14   107.03 176.41 -69.38
DA-15   107.54 171.86 -64.32
DG-16   110.04 175.72 -65.68
DA-17   104.57 171.86 -67.29
DT-18    95.40 185.78 -90.38
DT-19   107.98 185.78 -77.8
DA-20   112.64 171.86 -59.22
DC-21   108.39 176.41 -68.02
DA-22   106.64 171.86 -65.22
DT-23   101.89 185.78 -83.89
DA-24   100.65 171.86 -71.21
DC-25   107.87 176.41 -68.54
DA-26   108.65 171.86 -63.21
DT-27   106.30 185.78 -79.48
DA-28   101.91 171.86 -69.95
DC-29    99.45 176.41 -76.96
DA-30   104.07 171.86 -67.79
DG-31    81.53 175.72 -94.19
DA-32    60.25 171.86 -111.61
DT-33    62.78 185.78 -123
DT-34    62.35 185.78 -123.43
DA-35    60.34 171.86 -111.52
DC-36    91.17 176.41 -85.24
DA-37    91.37 171.86 -80.49
DT-38   100.37 185.78 -85.41
DA-39    98.09 171.86 -73.77
DC-40   106.15 176.41 -70.26
DA-41   112.07 171.86 -59.79
DT-42   103.23 185.78 -82.55
DA-43   103.48 171.86 -68.38
DC-44   106.78 176.41 -69.63
DA-45   102.35 171.86 -69.51
DG-46   103.48 175.72 -72.24
DA-47   103.41 171.86 -68.45
DT-48    99.97 185.78 -85.81
DT-49   106.97 185.78 -78.81
DA-50    97.44 171.86 -74.42
DC-51    98.30 176.41 -78.11
DA-52   109.95 171.86 -61.91
DT-53   105.29 185.78 -80.49
DA-54    97.96 171.86 -73.9
DC-55   104.21 176.41 -72.2
DA-56   108.77 171.86 -63.09
DT-57   101.53 185.78 -84.25
DA-58    97.17 171.86 -74.69
DC-59   105.73 176.41 -70.68
DA-60    99.67 171.86 -72.19
DG-61    90.72 175.72 -85
DA-62    99.70 171.86 -72.16
DT-63   102.47 185.78 -83.31
DT-64   102.26 185.78 -83.52
DA-65    99.94 171.86 -71.92
DC-66   100.43 176.41 -75.98
DA-67    98.89 171.86 -72.97
DT-68   101.54 185.78 -84.24
DA-69   104.46 171.86 -67.4
DC-70   109.11 176.41 -67.3
DA-71   113.69 171.86 -58.17
DT-72   113.99 185.78 -71.79
DA-73   109.33 171.86 -62.53
DC-74   101.71 176.41 -74.7
DA-75    93.76 171.86 -78.1
DG-76    98.26 175.72 -77.46
DA-77   106.92 171.86 -64.94
DT-78   101.86 185.78 -83.92
DT-79   114.12 185.78 -71.66
DA-80   112.59 171.86 -59.27
DC-81    98.83 176.41 -77.58
DA-82    78.56 171.86 -93.3
DT-83    67.75 185.78 -118.03
DA-84    64.34 171.86 -107.52
DC-85    61.01 176.41 -115.4
DA-86    70.05 171.86 -101.81
DT-87   103.37 185.78 -82.41
DA-88   104.03 171.86 -67.83
DC-89   110.23 176.41 -66.18
DA-90   125.68 171.86 -46.18
DT-91   108.19 185.78 -77.59
DG-92    99.76 175.72 -75.96
DT-93   110.02 185.78 -75.76
DA-94   100.93 171.86 -70.93
DT-95    96.72 185.78 -89.06
DG-96    99.54 175.72 -76.18
DT-97    70.35 185.78 -115.43
DA-98    58.88 171.86 -112.98
DT-99    70.20 185.78 -115.58
DG-100    78.28 175.72 -97.44
DT-101    93.66 185.78 -92.12
DA-102    99.79 171.86 -72.07
DA-103   102.84 171.86 -69.02
DT-104   104.93 185.78 -80.85
DC-105   111.04 176.41 -65.37
DT-106   103.07 185.78 -82.71
DG-107    97.59 175.72 -78.13
DT-108   103.53 185.78 -82.25
DA-109   104.14 171.86 -67.72
DT-110    96.38 185.78 -89.4
DG-111    95.36 175.72 -80.36
DT-112   110.37 185.78 -75.41
DA-113   110.29 171.86 -61.57
DT-114    83.01 185.78 -102.77
DG-115    77.98 175.72 -97.74
DT-116    85.02 185.78 -100.76
DA-117   103.31 171.86 -68.55
DA-118    96.63 171.86 -75.23
DT-119    92.26 185.78 -93.52
DC-120    99.65 176.41 -76.76
DT-121   103.85 185.78 -81.93
DG-122    98.62 175.72 -77.1
DT-123    98.82 185.78 -86.96
DA-124   100.08 171.86 -71.78
DT-125    96.94 185.78 -88.84
DG-126   103.18 175.72 -72.54
DT-127   109.59 185.78 -76.19
DA-128   111.42 171.86 -60.44
DT-129   109.21 185.78 -76.57
DG-130   109.12 175.72 -66.6
DT-131   110.02 185.78 -75.76
DA-132   111.37 171.86 -60.49
DA-133   112.36 171.86 -59.5
DT-134   105.74 185.78 -80.04
DC-135    98.04 176.41 -78.37
DT-136    89.16 185.78 -96.62
DG-137    89.32 175.72 -86.4
DT-138   103.16 185.78 -82.62
DA-139   109.93 171.86 -61.93
DT-140   107.36 185.78 -78.42
DG-141   105.39 175.72 -70.33
DT-142   111.98 185.78 -73.8
DA-143   113.49 171.86 -58.37
DT-144   100.04 185.78 -85.74
DG-145   101.71 175.72 -74.01
DT-146   101.62 185.78 -84.16
DA-147    94.17 171.86 -77.69
DA-148    67.57 171.86 -104.29
DT-149    67.00 185.78 -118.78
DC-150    71.39 176.41 -105.02
DT-151    87.24 185.78 -98.54
DG-152    79.84 175.72 -95.88
DT-153   112.51 185.78 -73.27
DA-154   101.96 171.86 -69.9
DT-155    98.35 185.78 -87.43
DG-156   115.11 175.72 -60.61
DT-157   114.79 185.78 -70.99
DA-158   100.31 171.86 -71.55
DT-159    99.15 185.78 -86.63
DG-160   106.34 175.72 -69.38
DT-161   103.78 185.78 -82
DA-162   105.73 171.86 -66.13
DA-163   109.20 171.86 -62.66
DT-164   105.66 185.78 -80.12
DC-165   107.17 176.41 -69.24
DT-166   106.95 185.78 -78.83
DG-167   104.36 175.72 -71.36
DT-168   101.88 185.78 -83.9
DA-169   104.18 171.86 -67.68
DT-170    74.96 185.78 -110.82
DG-171    72.28 175.72 -103.44
DT-172    89.95 185.78 -95.83
DA-173   104.68 171.86 -67.18
DT-174   104.41 185.78 -81.37
DG-175   101.97 175.72 -73.75
DT-176   101.28 185.78 -84.5
DA-177   102.26 171.86 -69.6
DA-178   106.58 171.86 -65.28
DT-179   102.91 185.78 -82.87
DC-180   112.24 176.41 -64.17
