1	4.20
2	6.19
3	6.48
4	7.04
5	9.78
6	6.75
7	5.64
8	2.52
9	5.47
10	7.96
11	7.22
12	7.46
13	7.75
14	5.98
15	6.19
16	4.73
17	5.53
18	4.53
19	5.69
20	6.03
21	5.23
22	5.23
23	5.10
24	6.14
25	8.13
26	4.99
27	6.51
28	6.62
29	5.69
30	6.59
31	5.67
32	5.84
33	6.33
34	5.81
35	5.77
36	NaN
37	6.73
38	6.78
39	4.70
40	6.76
41	6.31
42	6.38
43	6.39
44	4.04
45	6.07
46	7.02
47	7.38
48	6.52
49	4.27
50	1.98
51	4.70
52	6.84
53	6.99
54	6.50
55	5.95
56	4.92
57	5.70
58	4.91
59	4.61
60	7.00
61	6.13
62	5.18
63	5.18
64	5.37
65	3.40
66	5.08
67	5.88
68	5.19
69	5.71
70	6.99
71	6.76
72	7.34
73	5.63
74	6.73
75	7.38
76	5.90
77	6.13
78	6.33
79	5.20
80	6.11
81	9.52
82	7.99
83	6.92
84	6.39
85	7.93
86	6.92
87	5.63
88	6.09
89	5.80
90	5.95
91	5.97
92	7.91
93	7.11
94	6.06
95	7.99
96	8.47
97	7.09
98	8.14
99	7.12
100	6.16
101	7.50
