1	5.52
2	4.62
3	4.22
4	3.70
5	3.18
6	3.97
7	4.63
8	4.82
9	4.71
10	4.42
11	3.75
12	4.12
13	4.00
14	4.64
15	3.86
16	3.55
17	4.39
18	4.08
19	4.19
20	4.23
21	4.95
22	4.21
23	4.42
24	3.84
25	3.93
26	4.00
27	3.63
28	4.29
29	4.94
30	4.55
31	4.43
32	4.28
33	4.22
34	5.60
35	5.10
36	5.09
37	4.25
38	4.62
39	5.43
40	3.56
41	4.57
42	4.37
43	3.63
44	4.00
45	4.44
46	4.55
47	4.37
48	4.40
49	5.28
50	3.91
51	3.11
52	4.55
53	4.44
54	3.67
55	4.35
56	5.66
57	3.38
58	5.27
59	4.36
60	3.36
61	4.04
62	5.07
63	3.70
64	4.34
65	6.09
66	4.63
67	4.28
68	4.26
69	4.89
70	3.26
71	4.15
72	4.22
73	5.28
74	4.18
75	3.98
76	3.58
77	3.99
78	5.14
79	5.22
80	4.40
81	2.86
82	3.93
83	4.33
84	3.57
85	3.25
86	4.60
87	4.74
88	4.53
89	4.31
90	4.47
91	4.18
92	3.28
93	3.64
94	4.34
95	3.79
96	3.21
97	5.06
98	4.28
99	4.15
100	4.39
101	3.56
