1	147.11
2	141.94
3	147.33
4	151.55
5	143.72
6	163.55
7	163.05
8	136.35
9	118.96
10	154.37
11	147.25
12	148.55
13	144.65
14	144.93
15	152.16
16	138.09
17	141.62
18	149.67
19	157.30
20	136.51
21	147.14
22	142.89
23	146.82
24	150.91
25	146.95
26	128.19
27	155.93
28	122.81
29	172.74
30	126.57
31	155.15
32	136.78
33	147.00
34	145.25
35	114.76
36	132.39
37	141.15
38	160.78
39	142.76
40	124.83
41	144.54
42	127.95
43	155.00
44	157.19
45	152.55
46	150.73
47	130.11
48	143.67
49	148.98
50	173.28
51	150.49
