1 -5.05
2 -5.05
3 -16.98
4 -16.98
5 -4.90
6 -4.90
7 -1.79
8 -1.79
9 34.18
10 34.18
11 -9.58
12 -9.58
13 3.92
14 3.92
15 -48.81
16 -48.81
17 -7.18
18 -7.18
19 -6.07
20 -6.07
21 -8.22
22 -8.22
23 -13.49
24 -13.49
25 -4.32
26 -4.32
27 2.20
28 2.20
29 32.89
30 32.89
31 -3.14
32 -3.14
33 1.59
34 1.59
35 3.29
36 3.29
37 -0.13
38 -0.13
39 2.45
40 2.45
41 -22.70
42 -22.70
43 -2.28
44 -2.28
45 -3.95
46 -3.95
47 -1.53
48 -1.53
49 23.82
50 23.82
51 -1.18
52 -1.18
53 9.11
54 9.11
55 -1.98
56 -1.98
57 25.55
58 25.55
59 1.71
60 1.71
61 -27.29
62 -27.29
63 -2.85
64 -2.85
65 -2.48
66 -2.48
67 6.22
68 6.22
69 6.00
70 6.00
71 1.89
72 1.89
73 -2.74
74 -2.74
75 5.89
76 5.89
77 4.28
78 4.28
79 11.36
80 11.36
81 9.79
82 9.79
83 -12.99
84 -12.99
85 -14.55
86 -14.55
87 4.08
88 4.08
89 2.19
90 2.19
91 -28.42
92 -28.42
93 18.93
94 18.93
95 -3.20
96 -3.20
97 -14.69
98 -14.69
99 4.62
100 4.62
101 13.81
102 13.81
103 -7.74
104 -7.74
105 -13.61
106 -13.61
107 7.91
108 7.91
109 -0.02
110 -0.02
111 25.16
112 25.16
113 7.30
114 7.30
115 -20.92
116 -20.92
117 -18.98
118 -18.98
119 12.96
120 12.96
121 4.15
122 4.15
123 0.62
124 0.62
125 -8.09
126 -8.09
127 -11.53
128 -11.53
129 -11.05
130 -11.05
131 26.58
132 26.58
133 -14.39
134 -14.39
135 2.60
136 2.60
137 -15.14
138 -15.14
139 32.98
140 32.98
141 -15.04
142 -15.04
143 -0.19
144 -0.19
145 -5.67
146 -5.67
147 15.67
148 15.67
149 2.87
150 2.87
151 11.58
152 11.58
153 8.54
154 8.54
155 -8.65
156 -8.65
157 -20.02
158 -20.02
159 8.30
160 8.30
161 43.39
162 43.39
163 31.81
164 31.81
165 24.95
166 24.95
167 -1.91
168 -1.91
169 18.43
170 18.43
171 0.70
172 0.70
173 19.66
174 19.66
175 33.79
176 33.79
177 19.22
178 19.22
179 -12.36
180 -12.36
181 20.50
182 20.50
183 9.97
184 9.97
185 31.93
186 31.93
187 7.76
188 7.76
189 -17.99
190 -17.99
191 -5.61
192 -5.61
193 1.09
194 1.09
195 7.50
196 7.50
197 22.53
198 22.53
199 -2.11
200 -2.11
201 42.93
202 42.93
