1 -0.53
2 -0.53
3 -0.59
4 -0.59
5 -1.00
6 -1.00
7 -1.27
8 -1.27
9 -1.21
10 -1.21
11 -1.57
12 -1.57
13 -0.71
14 -0.71
15 -1.14
16 -1.14
17 -1.10
18 -1.10
19 -0.94
20 -0.94
21 -1.43
22 -1.43
23 -1.49
24 -1.49
25 -1.80
26 -1.80
27 -0.98
28 -0.98
29 -1.33
30 -1.33
31 -1.00
32 -1.00
33 -1.17
34 -1.17
35 -1.16
36 -1.16
37 -1.04
38 -1.04
39 -0.82
40 -0.82
41 -1.39
42 -1.39
43 -1.57
44 -1.57
45 -1.09
46 -1.09
47 -0.74
48 -0.74
49 -1.39
50 -1.39
51 -1.29
52 -1.29
53 -0.78
54 -0.78
55 -1.21
56 -1.21
57 -0.94
58 -0.94
59 -1.49
60 -1.49
61 -1.06
62 -1.06
63 -1.34
64 -1.34
65 -0.89
66 -0.89
67 -1.33
68 -1.33
69 -0.67
70 -0.67
71 -0.82
72 -0.82
73 -1.14
74 -1.14
75 -0.87
76 -0.87
77 -0.74
78 -0.74
79 -0.93
80 -0.93
81 -0.97
82 -0.97
83 -1.40
84 -1.40
85 -1.34
86 -1.34
87 -1.04
88 -1.04
89 -1.36
90 -1.36
91 -1.08
92 -1.08
93 -1.02
94 -1.02
95 -0.81
96 -0.81
97 -0.96
98 -0.96
99 -0.91
100 -0.91
101 -0.54
102 -0.54
103 -1.23
104 -1.23
105 -1.59
106 -1.59
107 -1.42
108 -1.42
109 -1.73
110 -1.73
111 -1.10
112 -1.10
113 -1.23
114 -1.23
115 -0.93
116 -0.93
117 -1.00
118 -1.00
119 -1.19
120 -1.19
121 -0.76
122 -0.76
123 -1.19
124 -1.19
125 -0.98
126 -0.98
127 -1.63
128 -1.63
129 -1.02
130 -1.02
131 -1.05
132 -1.05
133 -1.61
134 -1.61
135 -0.98
136 -0.98
137 -1.38
138 -1.38
139 -0.94
140 -0.94
141 -1.31
142 -1.31
143 -1.76
144 -1.76
145 -1.46
146 -1.46
147 -1.29
148 -1.29
149 -1.24
150 -1.24
151 -0.75
152 -0.75
153 -1.18
154 -1.18
155 -1.41
156 -1.41
157 -0.90
158 -0.90
159 -1.03
160 -1.03
161 -1.12
162 -1.12
163 -1.42
164 -1.42
165 -1.36
166 -1.36
167 -0.73
168 -0.73
169 -0.88
170 -0.88
171 -1.29
172 -1.29
173 -0.83
174 -0.83
175 -0.68
176 -0.68
177 -0.52
178 -0.52
179 -1.57
180 -1.57
181 -1.10
182 -1.10
183 -1.48
184 -1.48
185 -0.65
186 -0.65
187 -0.70
188 -0.70
189 -1.47
190 -1.47
191 -0.79
192 -0.79
193 -1.02
194 -1.02
195 -0.86
196 -0.86
197 -0.66
198 -0.66
199 -1.01
200 -1.01
201 -0.75
202 -0.75
