1	-16.17
2	12.03
3	-10.64
4	6.67000000000002
5	9.44999999999999
6	-114.23
7	-8.28999999999999
8	-45.98
9	10.07
10	-13.59
11	-29.88
12	-2.22999999999999
13	66.18
14	33.97
15	-5.55000000000001
16	-67.37
17	-25.32
18	-21.74
19	5.57999999999998
20	15.53
21	-42.26
22	-3.98000000000002
23	26.45
24	32
25	-46.66
26	-3.91999999999999
27	-39.33
28	-71.5
29	-1.82000000000002
30	4.72
31	-62.36
32	-19.37
33	38.64
34	-59.79
35	-25.68
36	-84.22
37	-4.78
38	-31.74
39	-52.05
40	16.13
41	-31.31
42	-36.66
43	-33.83
44	-107.19
45	-32.91
46	6.99000000000001
47	17.34
48	-44.53
49	-13.86
50	-40.85
51	-28.58
52	-40.82
53	-60.72
54	29.92
55	13.46
56	33.61
57	-3.60999999999999
58	24.88
59	-16.37
60	3.28999999999999
61	4.89000000000001
62	-27.95
63	7.05000000000001
64	-79.42
65	-67.78
66	1.46000000000001
67	9.63000000000002
68	-54.54
69	-11.41
70	-8.60999999999999
71	-34.31
72	-24.35
73	28.73
74	21.68
75	8.44
76	-19.69
77	42.06
78	-68.9
79	-6.60000000000002
80	61.11
81	-0.0300000000000011
82	19.21
83	19.72
84	-41.66
85	-57.15
86	-9.59999999999999
87	26.14
88	24.43
89	-9.63999999999999
90	-35.68
91	17.24
92	18.56
93	-118.84
94	53.27
95	4.86000000000001
96	-21.8
97	-10.2
98	6.63999999999999
99	-9.21000000000001
100	-15.85
101	-56.49
