1	167.41
2	168.49
3	169.05
4	166.70
5	170.64
6	169.32
7	167.42
8	168.72
9	166.63
10	167.21
11	169.91
12	170.00
13	171.62
14	168.46
15	171.28
16	168.38
17	166.75
18	168.45
19	168.85
20	167.34
21	168.32
22	166.72
23	166.55
24	164.26
25	168.22
26	167.94
27	168.89
28	168.07
29	169.03
30	169.50
31	171.57
32	169.80
33	167.82
34	169.68
35	167.87
36	169.83
37	167.22
38	168.74
39	170.37
40	167.59
41	165.76
42	165.49
43	169.33
44	168.32
45	171.14
46	170.88
47	167.44
48	165.81
49	168.73
50	169.09
51	168.60
