1	217.69
2	191.99
3	183.97
4	206.3
5	208.51
6	188.62
7	211.81
8	187.6
9	182.85
10	198.22
11	186.53
12	200.4
13	195.15
14	210.24
15	209.65
16	208.61
17	188.23
18	211.1
19	208.44
20	200.26
21	222.94
22	190.53
23	186.63
24	196.91
25	194.66
26	221.67
27	185.46
28	196.3
29	200.3
30	205.96
31	181.74
32	189.27
33	207.42
34	209.74
35	187.08
36	234.7
37	190.95
38	196.71
39	204.94
40	226.1
41	206.09
42	202.17
43	198.07
44	215.87
45	190.22
46	189.57
47	192.59
48	191.55
49	198.87
50	206.37
51	209.12
52	195.22
53	189.95
54	214.94
55	194.96
56	204.45
57	196.61
58	204.83
59	191.64
60	202.61
61	208.84
62	207.28
63	209.8
64	213.09
65	188.53
66	197.35
67	189.84
68	197.67
69	207.85
70	203.58
71	205.45
72	193.71
73	195.23
74	195.66
75	190.28
76	220.49
77	208.06
78	204.16
79	206.61
80	188.86
81	197.29
82	200.95
83	178.97
84	204
85	205.52
86	195.75
87	214.98
88	183.4
89	198.82
90	218.69
91	193.23
92	201.37
93	188.38
94	224.49
95	208.22
96	182.48
97	185.69
98	197
99	193.36
100	199.79
101	208.02
