1	1.80
2	14.45
3	4.66
4	-1.18
5	11.33
6	3.04
7	7.22
8	4.12
9	4.93
10	0.93
11	6.71
12	3.53
13	4.86
14	1.83
15	1.68
16	-2.23
17	-0.30
18	3.33
19	4.12
20	2.43
21	5.82
22	3.02
23	3.33
24	12.91
25	5.95
26	5.58
27	14.10
28	5.95
29	12.34
30	1.84
31	5.27
32	10.71
33	7.88
34	13.96
35	-3.00
36	1.20
37	5.22
38	0.37
39	3.57
40	5.87
41	6.36
42	3.21
43	3.96
44	3.27
45	5.70
46	4.83
47	-5.01
48	4.91
49	7.14
50	10.24
51	10.28
52	9.77
53	11.71
54	4.74
55	1.81
56	-3.51
57	5.30
58	0.64
59	2.00
60	-5.49
61	8.36
62	3.48
63	2.89
64	-4.12
65	14.10
66	4.03
67	13.95
68	13.56
69	5.80
70	8.30
71	0.22
72	9.80
73	-2.20
74	5.68
75	5.40
76	4.36
77	4.63
78	1.78
79	-0.03
80	5.32
81	5.92
82	-1.94
83	5.64
84	3.86
85	8.80
86	8.34
87	12.85
88	16.79
89	0.55
90	0.50
91	6.55
92	4.36
93	11.02
94	2.80
95	3.60
96	4.26
97	8.61
98	7.00
99	-4.65
100	5.68
101	0.87
