1	-23.18
2	-18.3
3	-9.39000000000001
4	-13.86
5	-14.23
6	-19.21
7	-14.33
8	-18.04
9	-15.99
10	-11.55
11	-19.25
12	-14.89
13	-19
14	-14.93
15	-14.31
16	-15.37
17	-16.99
18	-17.88
19	-18.06
20	-17.29
21	-17.07
22	-12.2
23	-13.57
24	-16.35
25	-17.46
26	-14.2
27	-18.09
28	-16.93
29	-19.91
30	-14.45
31	-17.68
32	-20.4
33	-18.44
34	-18.49
35	-14.26
36	-14.72
37	-17.18
38	-13.43
39	-18
40	-15.82
41	-12.31
42	-9.18000000000001
43	-17.7
44	-18.98
45	-23.18
46	-16.87
47	-13.85
48	-9.94999999999999
49	-19.75
50	-18.9
51	-22.85
