1 0.31
2 0.31
3 0.43
4 0.43
5 0.39
6 0.39
7 0.34
8 0.34
9 0.48
10 0.48
11 0.37
12 0.37
13 0.41
14 0.41
15 0.37
16 0.37
17 0.42
18 0.42
19 0.37
20 0.37
21 0.55
22 0.55
23 0.35
24 0.35
25 0.42
26 0.42
27 0.43
28 0.43
29 0.47
30 0.47
31 0.44
32 0.44
33 0.44
34 0.44
35 0.49
36 0.49
37 0.41
38 0.41
39 0.40
40 0.40
41 0.37
42 0.37
43 0.43
44 0.43
45 0.42
46 0.42
47 0.35
48 0.35
49 0.44
50 0.44
51 0.41
52 0.41
53 0.45
54 0.45
55 0.21
56 0.21
57 0.35
58 0.35
59 0.43
60 0.43
61 0.50
62 0.50
63 0.47
64 0.47
65 0.43
66 0.43
67 0.33
68 0.33
69 0.35
70 0.35
71 0.39
72 0.39
73 0.43
74 0.43
75 0.49
76 0.49
77 0.33
78 0.33
79 0.37
80 0.37
81 0.37
82 0.37
83 0.40
84 0.40
85 0.42
86 0.42
87 0.37
88 0.37
89 0.39
90 0.39
91 0.39
92 0.39
93 0.38
94 0.38
95 0.37
96 0.37
97 0.36
98 0.36
99 0.45
100 0.45
101 0.43
102 0.43
