1	-57.75
2	-60.21
3	5.64000000000001
4	3.51999999999998
5	-0.830000000000013
6	-53.14
7	-23.73
8	-7.61000000000001
9	-29.65
10	-87.27
11	-67.35
12	30.93
13	-20.09
14	3.16
15	-10.35
16	18.86
17	8.18000000000001
18	-56.46
19	-16.45
20	-45.3
21	51.98
22	-25.44
23	12.12
24	-70.98
25	-9.65000000000001
26	-18.34
27	-78.73
28	-27.13
29	-50.47
30	-29.23
31	-8.44
32	51.15
33	-68.68
34	-104.47
35	-57.49
36	-7.46000000000001
37	-51.26
38	-82.1
39	-74.88
40	-58.88
41	-97.44
42	-64.4
43	-42.74
44	12.47
45	19.1
46	-67.78
47	-8.91999999999999
48	5.28
49	-27.63
50	59.38
51	-2.45000000000002
52	-56.56
53	19.13
54	-61.83
55	-51.09
56	-21.15
57	15.05
58	-55.89
59	21.6
60	-38
61	-34.73
62	-104.35
63	-23.89
64	2.13999999999999
65	-25.16
66	-39.72
67	-11.26
68	-6.26000000000002
69	5.11999999999998
70	-84.69
71	-43.44
72	-22.51
73	-2.66
74	-48.56
75	-8.15000000000001
76	-63.01
77	-42.53
78	-76.35
79	-55.01
80	-34.14
81	-48.6
82	-74.09
83	16.76
84	-5.41
85	-86.92
86	-39.8
87	-83.25
88	22.78
89	-38.67
90	-38.39
91	-26.68
92	15.88
93	-24.21
94	-37.21
95	-0.840000000000003
96	-75.08
97	-66.51
98	-106.59
99	-47.31
100	-47.87
101	45.98
