1	250.5
2	243.15
3	212.73
4	199.02
5	217
6	241.72
7	218.87
8	208.08
9	230.12
10	264.35
11	259.31
12	197.02
13	210.7
14	217.24
15	213.09
16	185.39
17	205.62
18	242.63
19	211.75
20	242.27
21	189.82
22	228.86
23	201.31
24	253.77
25	207.55
26	227.67
27	263.71
28	235.37
29	243.88
30	230.41
31	213.25
32	190.99
33	251.99
34	283.66
35	245.02
36	213.24
37	242.75
38	261.52
39	260.59
40	246.69
41	282.65
42	265.11
43	235.89
44	201.37
45	199.47
46	271.42
47	208.19
48	204.13
49	221.32
50	177.04
51	203.05
52	243.99
53	191.44
54	261.24
55	255.09
56	229.27
57	188.38
58	243.71
59	202.95
60	228.19
61	230
62	288.97
63	220.59
64	208.08
65	216.47
66	238.63
67	222.65
68	210.58
69	207.55
70	283.95
71	233.4
72	230.61
73	208.13
74	247.65
75	213.06
76	251.41
77	230.57
78	255.95
79	245.48
80	230.73
81	242.01
82	262.6
83	195.37
84	204.79
85	266.84
86	229.39
87	266.67
88	218.08
89	235.88
90	256.45
91	227.46
92	197.6
93	222.58
94	230.11
95	203.79
96	281.4
97	258.23
98	283
99	232.07
100	240.37
101	189.51
