1	146.96
2	163.41
3	154.74
4	148.18
5	124.23
6	129.60
7	151.37
8	167.36
9	149.67
10	136.60
11	133.11
12	153.93
13	121.82
14	138.76
15	146.54
16	153.26
17	144.03
18	138.47
19	126.87
20	140.84
21	141.41
22	155.31
23	119.87
24	155.54
25	155.73
26	138.88
27	112.90
28	144.56
29	159.73
30	157.00
31	130.29
32	144.56
33	152.69
34	130.94
35	166.16
36	137.21
37	147.74
38	141.07
39	152.73
40	151.81
41	142.36
42	156.63
43	160.96
44	134.35
45	141.32
46	131.14
47	154.17
48	150.92
49	118.89
50	132.59
51	140.81
