1	173.71
2	172.83
3	176.67
4	175.77
5	171.96
6	172.13
7	167.57
8	172.97
9	174.78
10	173.40
11	170.91
12	172.68
13	173.80
14	171.91
15	175.44
16	171.95
17	174.00
18	173.90
19	170.92
20	171.23
21	171.30
22	172.84
23	172.74
24	172.97
25	172.39
26	173.13
27	173.38
28	174.27
29	171.54
30	173.28
31	171.30
32	172.78
33	177.53
34	174.67
35	173.42
36	172.04
37	171.62
38	174.15
39	171.22
40	171.77
41	173.93
42	176.47
43	175.98
44	171.90
45	174.96
46	171.67
47	175.85
48	174.06
49	176.97
50	174.20
51	172.50
