1 0.04
2 0.04
3 0.15
4 0.15
5 0.23
6 0.23
7 0.32
8 0.32
9 0.03
10 0.03
11 -0.27
12 -0.27
13 -0.03
14 -0.03
15 0.46
16 0.46
17 0.67
18 0.67
19 0.28
20 0.28
21 -0.02
22 -0.02
23 -0.64
24 -0.64
25 -0.23
26 -0.23
27 0.04
28 0.04
29 0.26
30 0.26
31 -0.13
32 -0.13
33 0.10
34 0.10
35 -0.06
36 -0.06
37 -0.08
38 -0.08
39 0.14
40 0.14
41 0.88
42 0.88
43 -0.37
44 -0.37
45 0.07
46 0.07
47 0.28
48 0.28
49 0.28
50 0.28
51 0.18
52 0.18
53 0.11
54 0.11
55 0.43
56 0.43
57 0.28
58 0.28
59 0.88
60 0.88
61 0.14
62 0.14
63 0.07
64 0.07
65 0.27
66 0.27
67 -0.11
68 -0.11
69 -0.11
70 -0.11
71 1.00
72 1.00
73 0.13
74 0.13
75 0.62
76 0.62
77 0.29
78 0.29
79 0.16
80 0.16
81 0.04
82 0.04
83 0.49
84 0.49
85 0.30
86 0.30
87 0.00
88 0.00
89 0.33
90 0.33
91 0.61
92 0.61
93 0.22
94 0.22
95 0.87
96 0.87
97 -0.11
98 -0.11
99 0.04
100 0.04
101 0.59
102 0.59
