1	-44.03
2	-69.76
3	-48.83
4	-58.71
5	-84.51
6	-78.71
7	-149.45
8	-92.56
9	-41.05
10	-84.69
11	-132.7
12	-68.72
13	-13.2
14	-57.81
15	-80.27
16	-64.13
17	-117.57
18	-19.9
19	-137.26
20	-145.91
21	-54.47
22	-52.85
23	-61.52
24	-29.26
25	-135.13
26	-87.21
27	-61.5
28	-66.91
29	-50.03
30	-40.66
31	-71.37
32	-87.07
33	-89.26
34	-77
35	-67.21
36	-102.18
37	-80.71
38	-43.07
39	-61.13
40	-69.6
41	-74.74
42	NaN
43	-51.11
44	-61.27
45	-97.72
46	-56.66
47	-31.94
48	-83.39
49	-114.55
50	-49.74
51	-66.4
52	-112.39
53	-82.4
54	-109.08
55	-94.64
56	-64.77
57	-99.38
58	-58.08
59	-26.24
60	-41.02
61	-22.74
62	-115.69
63	-77.12
64	-100.86
65	-91.93
66	-50.85
67	-57.58
68	-81.2
69	-47.14
70	-100.48
71	-85.96
72	-50.75
73	-102.32
74	-64.07
75	-36.48
76	-51.61
77	-93.34
78	-82.83
79	-58.75
80	-87.11
81	-62.98
82	-74.43
83	-78.09
84	-60.61
85	-51.01
86	-56.95
87	-83.08
88	-45
89	-62.06
90	-114.71
91	-80.17
92	-38.58
93	-125.89
94	-47.4
95	-62.89
96	-86.89
97	-92.19
98	-77.55
99	-47.17
100	-91.05
101	-60.9
