1 0.00
2 0.00
3 0.29
4 0.29
5 -0.12
6 -0.12
7 -0.47
8 -0.47
9 -0.32
10 -0.32
11 0.23
12 0.23
13 -0.38
14 -0.38
15 0.23
16 0.23
17 0.19
18 0.19
19 0.07
20 0.07
21 0.76
22 0.76
23 0.08
24 0.08
25 0.07
26 0.07
27 -0.31
28 -0.31
29 0.22
30 0.22
31 -0.10
32 -0.10
33 -0.13
34 -0.13
35 -1.07
36 -1.07
37 0.16
38 0.16
39 -0.91
40 -0.91
41 -0.22
42 -0.22
43 0.70
44 0.70
45 -0.17
46 -0.17
47 0.36
48 0.36
49 0.13
50 0.13
51 -0.45
52 -0.45
53 0.21
54 0.21
55 0.42
56 0.42
57 0.23
58 0.23
59 -0.36
60 -0.36
61 -0.34
62 -0.34
63 -0.31
64 -0.31
65 0.19
66 0.19
67 -0.11
68 -0.11
69 0.30
70 0.30
71 0.26
72 0.26
73 0.46
74 0.46
75 -0.66
76 -0.66
77 0.08
78 0.08
79 0.00
80 0.00
81 0.03
82 0.03
83 -0.18
84 -0.18
85 0.25
86 0.25
87 -0.27
88 -0.27
89 -0.09
90 -0.09
91 0.08
92 0.08
93 -0.39
94 -0.39
95 -0.01
96 -0.01
97 0.05
98 0.05
99 -0.48
100 -0.48
101 0.08
102 0.08
