1 -0.43
2 -0.43
3 -0.88
4 -0.88
5 -1.30
6 -1.30
7 -1.23
8 -1.23
9 -1.06
10 -1.06
11 -1.29
12 -1.29
13 -0.89
14 -0.89
15 -1.04
16 -1.04
17 -0.51
18 -0.51
19 -0.40
20 -0.40
21 -0.30
22 -0.30
23 -0.86
24 -0.86
25 -0.98
26 -0.98
27 -0.64
28 -0.64
29 -0.96
30 -0.96
31 -0.77
32 -0.77
33 -0.86
34 -0.86
35 -0.93
36 -0.93
37 -0.88
38 -0.88
39 -0.67
40 -0.67
41 -1.20
42 -1.20
43 -0.91
44 -0.91
45 -0.86
46 -0.86
47 -1.29
48 -1.29
49 -1.04
50 -1.04
51 -1.26
52 -1.26
53 -0.93
54 -0.93
55 -1.48
56 -1.48
57 -1.30
58 -1.30
59 -1.32
60 -1.32
61 -1.36
62 -1.36
63 -0.94
64 -0.94
65 -1.09
66 -1.09
67 -1.00
68 -1.00
69 -1.36
70 -1.36
71 -1.29
72 -1.29
73 -1.05
74 -1.05
75 -1.38
76 -1.38
77 -1.30
78 -1.30
79 -0.94
80 -0.94
81 -1.35
82 -1.35
83 -0.67
84 -0.67
85 -1.27
86 -1.27
87 -0.56
88 -0.56
89 -1.30
90 -1.30
91 -1.05
92 -1.05
93 -0.55
94 -0.55
95 -0.88
96 -0.88
97 -0.93
98 -0.93
99 -0.42
100 -0.42
101 -0.63
102 -0.63
