1	151.44
2	149.82
3	163.93
4	144.31
5	121.81
6	130.55
7	143.33
8	135.17
9	141.77
10	149.65
11	153.41
12	163.58
13	146.73
14	156.53
15	152.52
16	146.51
17	129.31
18	146.56
19	137.78
20	147.03
21	146.78
22	124.54
23	159.20
24	167.82
25	140.31
26	123.93
27	160.49
28	160.61
29	146.42
30	162.86
31	160.19
32	166.91
33	138.04
34	166.10
35	166.18
36	144.72
37	122.88
38	166.32
39	160.20
40	167.60
41	159.41
42	155.21
43	130.26
44	153.41
45	160.49
46	153.30
47	140.03
48	149.55
49	164.70
50	136.56
51	169.90
