1	-8.27
2	-6.13
3	-8.28
4	-0.44
5	1.82
6	-9.90
7	-5.98
8	-3.44
9	-6.35
10	-9.44
11	-0.68
12	-0.02
13	-8.93
14	-4.16
15	2.07
16	-17.74
17	-9.19
18	-1.06
19	1.27
20	-4.28
21	-3.12
22	-4.67
23	-2.73
24	-4.70
25	-7.67
26	-19.05
27	5.91
28	-1.97
29	-4.87
30	-14.87
31	-4.67
32	-1.18
33	-9.77
34	-8.06
35	-0.82
36	-5.70
37	-1.30
38	-6.35
39	-1.99
40	-2.65
41	1.86
42	-4.29
43	-16.10
44	0.87
45	-5.61
46	-0.26
47	-11.64
48	-7.09
49	-4.57
50	-7.84
51	-9.38
52	-9.59
53	-7.85
54	-10.44
55	-9.31
56	-5.54
57	-3.63
58	-10.02
59	-4.08
60	-9.15
61	-5.92
62	-3.47
63	-3.36
64	-9.40
65	-5.87
66	1.42
67	-11.29
68	-1.07
69	-7.20
70	-3.11
71	-17.66
72	-6.83
73	-16.75
74	-2.56
75	-7.14
76	1.73
77	-2.99
78	1.03
79	-9.97
80	0.81
81	-12.40
82	-8.99
83	-3.15
84	-3.96
85	-11.66
86	-0.53
87	7.14
88	-4.51
89	-4.39
90	-2.05
91	-7.86
92	-1.49
93	-5.07
94	-10.52
95	1.02
96	-9.89
97	-5.50
98	0.84
99	5.86
100	4.75
101	2.51
