1	1.95
2	-11.45
3	-1.28
4	-0.41
5	-2.13
6	-2.82
7	-9.49
8	-5.27
9	1.88
10	-0.44
11	1.46
12	3.56
13	-0.98
14	7.97
15	-11.93
16	4.05
17	-11.01
18	-7.44
19	-9.86
20	-3.99
21	-1.40
22	-7.16
23	2.34
24	-5.59
25	-2.43
26	-2.96
27	3.45
28	-4.80
29	4.59
30	-10.43
31	-6.46
32	3.13
33	-9.93
34	-1.13
35	0.35
36	6.17
37	-5.47
38	-7.19
39	1.26
40	2.29
41	-10.29
42	-2.94
43	-1.98
44	1.03
45	7.01
46	-1.88
47	0.24
48	-3.87
49	0.09
50	10.70
51	-3.89
52	-2.50
53	-5.58
54	-3.57
55	-6.26
56	3.77
57	-10.93
58	-2.05
59	-10.76
60	-15.30
61	-14.52
62	-2.01
63	3.21
64	-3.53
65	7.71
66	-6.43
67	-13.10
68	0.78
69	-1.54
70	-16.44
71	3.01
72	-4.96
73	3.31
74	-1.61
75	-0.03
76	-2.93
77	-6.90
78	-0.68
79	-0.62
80	-1.68
81	-2.08
82	-14.39
83	1.77
84	-3.84
85	-0.73
86	0.07
87	-13.14
88	-3.23
89	-2.10
90	-5.40
91	-0.23
92	-1.87
93	5.43
94	-7.49
95	5.66
96	-5.62
97	-5.26
98	0.13
99	7.00
100	-3.75
101	-1.27
