1	1.25
2	-1.55
3	0.21
4	3.61
5	3.89
6	-0.27
7	5.04
8	3.22
9	-2.53
10	-2.15
11	8.44
12	-0.28
13	4.58
14	0.99
15	9.17
16	7.58
17	0.81
18	2.61
19	3.63
20	7.34
21	1.82
22	0.03
23	5.83
24	-10.07
25	7.97
26	6.83
27	2.43
28	2.93
29	-1.78
30	8.52
31	9.37
32	0.31
33	-1.50
34	-1.64
35	1.73
36	4.01
37	9.71
38	1.82
39	1.66
40	-7.99
41	2.28
42	-2.93
43	10.39
44	4.49
45	2.94
46	0.39
47	3.44
48	4.20
49	0.25
50	1.12
51	1.15
52	7.24
53	8.82
54	10.18
55	1.34
56	-1.37
57	3.33
58	-1.66
59	7.64
60	8.64
61	9.78
62	5.04
63	-7.06
64	-3.63
65	-4.24
66	7.77
67	9.23
68	9.16
69	7.77
70	3.98
71	-1.02
72	-1.55
73	4.30
74	-0.29
75	1.04
76	7.04
77	3.99
78	-2.10
79	-3.14
80	9.79
81	6.77
82	2.99
83	-7.27
84	-7.71
85	-2.66
86	2.56
87	11.41
88	5.62
89	1.60
90	9.55
91	2.38
92	3.61
93	-3.03
94	1.01
95	7.29
96	-3.93
97	-4.08
98	7.56
99	4.86
100	-0.13
101	1.35
