1	-11.38
2	-8.49
3	-8.04
4	-9.89
5	-5.11
6	-14.49
7	-13.07
8	2.11
9	-3.93
10	-5.19
11	-8.41
12	-6.35
13	4.63
14	-9.07
15	-0.46
16	-8.04
17	-8.31
18	-10.72
19	-8.83
20	-11.72
21	-1.60
22	-10.90
23	-12.04
24	-13.51
25	-15.17
26	-17.22
27	-4.42
28	-14.21
29	-2.48
30	-6.33
31	-1.23
32	-5.07
33	-14.88
34	-6.33
35	-15.65
36	-2.17
37	-12.37
38	-10.28
39	-4.93
40	0.04
41	-7.05
42	-3.10
43	-25.25
44	-7.67
45	-8.43
46	-12.42
47	-9.08
48	-7.45
49	-0.70
50	-7.91
51	-10.07
52	-14.54
53	-13.05
54	-8.55
55	-9.39
56	-15.28
57	-10.90
58	-7.46
59	-8.40
60	-14.27
61	-13.97
62	-9.39
63	-3.78
64	-8.10
65	-5.00
66	-10.03
67	-12.18
68	-9.34
69	-9.42
70	-3.58
71	-8.63
72	-7.80
73	1.09
74	-11.50
75	-14.96
76	1.89
77	-4.47
78	-14.87
79	-2.47
80	-4.24
81	-11.62
82	-0.33
83	-1.19
84	-1.35
85	-6.61
86	-3.94
87	-7.72
88	-3.32
89	-0.76
90	-2.98
91	-10.98
92	-2.66
93	-0.61
94	-12.24
95	-12.03
96	-1.98
97	-3.28
98	-14.35
99	-1.69
100	-11.27
101	-11.02
