1	0.10
2	0.15
3	0.16
4	0.15
5	0.07
6	0.06
7	0.22
8	0.02
9	-0.08
10	-0.08
11	0.10
12	-0.03
13	0.00
14	0.01
15	0.16
16	0.07
17	0.06
18	0.07
19	0.19
20	0.25
21	0.07
22	0.14
23	-0.04
24	-0.07
25	0.32
26	0.27
27	-0.13
28	0.04
29	0.03
30	0.18
31	0.17
32	-0.08
33	0.04
34	-0.16
35	0.00
36	0.17
37	0.17
38	0.07
39	0.04
40	-0.19
41	0.14
42	-0.10
43	0.37
44	0.00
45	0.08
46	-0.05
47	0.29
48	0.10
49	0.04
50	0.05
51	0.10
52	0.29
53	0.13
54	0.35
55	0.32
56	0.03
57	0.10
58	0.01
59	0.25
60	0.27
61	0.30
62	0.15
63	-0.20
64	0.02
65	-0.14
66	0.25
67	0.09
68	0.10
69	0.10
70	0.11
71	0.04
72	-0.10
73	-0.04
74	0.08
75	0.11
76	0.03
77	0.37
78	-0.11
79	-0.05
80	0.18
81	0.05
82	0.16
83	-0.19
84	-0.08
85	-0.03
86	-0.04
87	0.25
88	-0.04
89	0.17
90	-0.07
91	0.09
92	0.08
93	-0.20
94	0.02
95	0.10
96	0.07
97	-0.04
98	0.13
99	-0.07
100	0.19
101	0.14
