1 3.62
2 3.62
3 3.92
4 3.92
5 3.47
6 3.47
7 3.91
8 3.91
9 4.48
10 4.48
11 3.85
12 3.85
13 4.37
14 4.37
15 3.64
16 3.64
17 3.83
18 3.83
19 3.69
20 3.69
21 3.71
22 3.71
23 3.98
24 3.98
25 2.81
26 2.81
27 4.48
28 4.48
29 3.52
30 3.52
31 4.09
32 4.09
33 3.62
34 3.62
35 2.93
36 2.93
37 3.57
38 3.57
39 3.62
40 3.62
41 4.50
42 4.50
43 3.43
44 3.43
45 3.91
46 3.91
47 4.38
48 4.38
49 3.84
50 3.84
51 4.36
52 4.36
53 3.43
54 3.43
55 3.65
56 3.65
57 3.80
58 3.80
59 3.63
60 3.63
61 4.01
62 4.01
63 3.37
64 3.37
65 3.57
66 3.57
67 3.54
68 3.54
69 3.23
70 3.23
71 3.52
72 3.52
73 3.60
74 3.60
75 3.23
76 3.23
77 3.07
78 3.07
79 2.82
80 2.82
81 3.77
82 3.77
83 3.59
84 3.59
85 3.95
86 3.95
87 4.40
88 4.40
89 2.97
90 2.97
91 3.73
92 3.73
93 4.54
94 4.54
95 4.07
96 4.07
97 4.14
98 4.14
99 3.34
100 3.34
101 5.14
102 5.14
