1 -4.79
2 -4.79
3 -9.29
4 -9.29
5 -13.68
6 -13.68
7 -9.74
8 -9.74
9 -22.42
10 -22.42
11 1.84
12 1.84
13 -14.37
14 -14.37
15 13.12
16 13.12
17 -5.67
18 -5.67
19 19.57
20 19.57
21 2.14
22 2.14
23 -3.09
24 -3.09
25 19.80
26 19.80
27 -20.65
28 -20.65
29 9.82
30 9.82
31 0.02
32 0.02
33 12.78
34 12.78
35 25.09
36 25.09
37 -1.83
38 -1.83
39 5.14
40 5.14
41 -6.48
42 -6.48
43 21.40
44 21.40
45 1.06
46 1.06
47 -20.45
48 -20.45
49 17.48
50 17.48
51 -14.54
52 -14.54
53 11.42
54 11.42
55 13.25
56 13.25
57 0.22
58 0.22
59 6.58
60 6.58
61 0.38
62 0.38
63 2.60
64 2.60
65 11.95
66 11.95
67 2.77
68 2.77
69 2.63
70 2.63
71 2.80
72 2.80
73 0.70
74 0.70
75 14.37
76 14.37
77 11.25
78 11.25
79 21.43
80 21.43
81 -13.59
82 -13.59
83 5.16
84 5.16
85 -2.92
86 -2.92
87 -39.48
88 -39.48
89 8.68
90 8.68
91 -2.57
92 -2.57
93 -30.17
94 -30.17
95 -2.52
96 -2.52
97 -15.31
98 -15.31
99 -3.21
100 -3.21
101 -36.21
102 -36.21
