1 -0.02
2 -0.02
3 -0.65
4 -0.65
5 -0.83
6 -0.83
7 -0.34
8 -0.34
9 -0.15
10 -0.15
11 0.84
12 0.84
13 0.83
14 0.83
15 0.10
16 0.10
17 -0.53
18 -0.53
19 0.21
20 0.21
21 0.23
22 0.23
23 0.74
24 0.74
25 0.23
26 0.23
27 0.56
28 0.56
29 0.36
30 0.36
31 0.50
32 0.50
33 0.35
34 0.35
35 -0.14
36 -0.14
37 -0.08
38 -0.08
39 0.39
40 0.39
41 0.01
42 0.01
43 -0.02
44 -0.02
45 0.15
46 0.15
47 0.21
48 0.21
49 0.18
50 0.18
51 0.53
52 0.53
53 0.34
54 0.34
55 0.17
56 0.17
57 0.36
58 0.36
59 0.06
60 0.06
61 0.07
62 0.07
63 0.20
64 0.20
65 -0.33
66 -0.33
67 -0.33
68 -0.33
69 0.34
70 0.34
71 1.32
72 1.32
73 -0.15
74 -0.15
75 0.12
76 0.12
77 -0.22
78 -0.22
79 0.08
80 0.08
81 0.38
82 0.38
83 0.16
84 0.16
85 0.32
86 0.32
87 0.33
88 0.33
89 0.90
90 0.90
91 0.07
92 0.07
93 -0.01
94 -0.01
95 0.11
96 0.11
97 0.31
98 0.31
99 0.50
100 0.50
101 0.10
102 0.10
