1	300.88
2	299.01
3	297.61
4	280.53
5	294.85
6	279.27
7	282.64
8	289.5
9	288.73
10	282.95
11	292.87
12	296.86
13	293.29
14	308.43
15	277.23
16	284.22
17	273.82
18	309.32
19	299.17
20	286.22
21	299.5
22	274.77
23	303.08
24	285.92
25	289.93
26	299.16
27	285.27
28	314.42
29	251.86
30	294.22
31	285.04
32	287.47
33	293.88
34	274.1
35	268.55
36	286.8
37	276.59
38	284.8
39	280.86
40	295.76
41	276.92
42	302.35
43	281.29
44	287.65
45	286.14
46	297.5
47	297.63
48	298.67
49	293.25
50	301.19
51	262.54
52	292.32
53	310.66
54	282.43
55	262.64
56	313.66
57	270.27
58	284.12
59	281.67
60	268.37
61	285.98
62	290.04
63	290.07
64	284.11
65	276.1
66	281.13
67	273.91
68	287.08
69	300.78
70	286.36
71	290.85
72	308.9
73	257.73
74	301.89
75	302.58
76	286.48
77	289.42
78	313.99
79	280.51
80	295.54
81	292.3
82	301.78
83	299.52
84	278.11
85	295.65
86	305.55
87	275.42
88	303.75
89	277.47
90	279.52
91	286.24
92	293.47
93	289.45
94	282.97
95	311.29
96	313.16
97	307.83
98	317.6
99	306.77
100	282.69
101	312.97
