1	-18.02
2	-27.18
3	-23.32
4	7.78
5	-65.1
6	13.96
7	32.27
8	-62.42
9	14.74
10	-21.8
11	8.51000000000002
12	-27.3
13	15.26
14	-15.97
15	23.35
16	-20.47
17	41.75
18	-44.02
19	-26.83
20	26.27
21	1.03999999999999
22	41.24
23	-27.13
24	22.66
25	-81.26
26	-7.38
27	31.93
28	-23.36
29	24.08
30	-17.63
31	-9.80000000000001
32	11.59
33	-59.51
34	22.59
35	-1.84999999999999
36	0.109999999999985
37	39.77
38	-1.28
39	13.1
40	-40.47
41	0.97999999999999
42	1.72999999999999
43	17.8
44	53.05
45	8.98999999999998
46	-51.67
47	-25.08
48	-20.46
49	-56.66
50	12.52
51	-18.01
52	-31.78
53	-80.64
54	29.74
55	34.52
56	-8.69999999999999
57	10.87
58	35.27
59	15.49
60	52.52
61	-9.92999999999998
62	34.48
63	17.34
64	32.27
65	26.74
66	6.97999999999999
67	35.5
68	24.62
69	-17.73
70	-10.49
71	-3.07999999999998
72	-2.36999999999998
73	63.11
74	-42.54
75	-39.15
76	9.09
77	1.71000000000001
78	-50.37
79	13.32
80	-17.32
81	-31.51
82	-48.53
83	-2.95000000000002
84	0.419999999999987
85	-65.58
86	-54.79
87	4.85000000000002
88	12.35
89	-4.66999999999999
90	16.86
91	0.990000000000009
92	3.47999999999999
93	-20.94
94	-35.31
95	-83.77
96	-9.52000000000001
97	-33.63
98	-49.71
99	-68.05
100	42.63
101	-38.81
