1	214.79
2	201.91
3	200.83
4	224.04
5	187.95
6	205.6
7	227.36
8	211.33
9	218.32
10	203.21
11	203.68
12	198.51
13	217.32
14	193.47
15	213.65
16	217.47
17	220.23
18	197.19
19	209.02
20	228.73
21	206.19
22	233.02
23	203.88
24	220.45
25	186.8
26	205.35
27	230.57
28	197.4
29	220.33
30	206.63
31	208.01
32	208.81
33	199.03
34	212.95
35	203.66
36	209.91
37	225.53
38	199.22
39	210.62
40	189.29
41	208.32
42	212.63
43	222.74
44	239.48
45	202.39
46	192.05
47	202.26
48	197.73
49	192.07
50	223.17
51	220.98
52	196.87
53	185.68
54	218.58
55	223.09
56	194.21
57	220.6
58	219.23
59	217.46
60	246.67
61	205.21
62	211.38
63	209.26
64	219.46
65	218.91
66	217.29
67	224.45
68	219.51
69	202.97
70	194.3
71	202.33
72	190.05
73	239.79
74	185.6
75	206.35
76	211.05
77	224.87
78	200.61
79	213.62
80	210.03
81	206.97
82	195.17
83	216.64
84	213.22
85	183.34
86	198.25
87	206.08
88	196.3
89	214.43
90	209.01
91	209.74
92	216.56
93	216.79
94	202.39
95	181.14
96	204.57
97	191.02
98	185.2
99	185.96
100	225.27
101	186.72
