1	153.69
2	144.65
3	144.27
4	149.48
5	128.25
6	138.67
7	150.38
8	112.65
9	140.34
10	142.15
11	157.32
12	145.97
13	163.11
14	138.71
15	141.43
16	147.94
17	137.94
18	140.96
19	153.37
20	142.90
21	150.98
22	130.37
23	142.34
24	142.84
25	122.09
26	145.59
27	133.33
28	167.09
29	128.94
30	149.49
31	152.86
32	140.13
33	126.13
34	139.74
35	136.64
36	146.61
37	132.33
38	152.04
39	140.23
40	146.44
41	143.29
42	143.12
43	146.17
44	140.79
45	143.49
46	148.69
47	155.16
48	156.25
49	134.93
50	132.59
51	127.29
52	132.38
53	158.04
54	143.03
55	144.97
56	152.70
57	139.66
58	146.95
59	150.80
60	131.54
61	134.42
62	127.85
63	156.78
64	147.01
65	136.15
66	127.77
67	130.38
68	138.02
69	160.05
70	159.06
71	141.57
72	164.96
73	133.38
74	158.06
75	133.97
76	142.89
77	142.16
78	159.50
79	151.69
80	144.40
81	109.73
82	152.37
83	158.94
84	142.32
85	151.48
86	147.66
87	130.97
88	139.29
89	136.26
90	149.79
91	139.74
92	153.04
93	130.47
94	129.40
95	148.17
96	162.56
97	145.94
98	159.97
99	158.98
100	140.05
101	156.44
