1	232.81
2	229.09
3	224.15
4	216.26
5	253.05
6	191.64
7	195.09
8	273.75
9	203.58
10	225.01
11	195.17
12	225.81
13	202.06
14	209.44
15	190.3
16	237.94
17	178.48
18	241.21
19	235.85
20	202.46
21	205.15
22	191.78
23	231.01
24	197.79
25	268.06
26	212.73
27	198.64
28	220.76
29	196.25
30	224.26
31	217.81
32	197.22
33	258.54
34	190.36
35	205.51
36	209.8
37	185.76
38	200.5
39	197.52
40	229.76
41	207.34
42	210.9
43	204.94
44	186.43
45	193.4
46	243.72
47	227.34
48	218.19
49	248.73
50	210.65
51	238.99
52	228.65
53	266.32
54	188.84
55	188.57
56	202.91
57	209.73
58	183.96
59	201.97
60	194.15
61	215.14
62	176.90
63	191.92
64	187.19
65	192.17
66	210.31
67	188.95
68	194.89
69	220.7
70	204.79
71	205.41
72	192.42
73	176.68
74	228.14
75	245.5
76	201.96
77	223.16
78	250.98
79	200.3
80	227.35
81	238.48
82	243.7
83	219.59
84	212.8
85	248.92
86	253.04
87	201.23
88	183.95
89	219.1
90	192.15
91	208.75
92	213.08
93	237.73
94	237.7
95	264.91
96	214.09
97	224.65
98	234.91
99	254.01
100	182.64
101	225.53
