1	153.11
2	157.13
3	154.23
4	157.19
5	154.15
6	155.86
7	154.45
8	157.48
9	156.09
10	148.55
11	152.62
12	152.71
13	155.39
14	153.69
15	154.14
16	157.21
17	154.57
18	156.68
19	155.43
20	154.46
21	154.98
22	158.88
23	157.65
24	156.35
25	156.14
26	154.84
27	158.42
28	153.55
29	152.72
30	157.50
31	153.62
32	157.80
33	154.93
34	156.75
35	156.67
36	155.33
37	155.15
38	154.52
39	154.34
40	155.66
41	160.08
42	157.41
43	157.13
44	159.13
45	154.66
46	155.26
47	157.83
48	155.86
49	156.05
50	156.14
51	153.87
