1	191.93
2	175.83
3	204.13
4	182.53
5	189.57
6	179.97
7	180.53
8	187.23
9	180.68
10	206.79
11	175.48
12	176.45
13	179.68
14	180.44
15	179.86
16	219.89
17	177.15
18	182.92
19	172.79
20	198.76
21	180.2
22	212.02
23	190.09
24	177.18
25	190.37
26	188.72
27	196.41
28	193.21
29	173.13
30	183.68
31	174.58
32	170.88
33	184.48
34	183.52
35	179.14
36	192.15
37	207.88
38	182.67
39	185.37
40	183.82
41	189.93
42	184
43	186.03
44	184.81
45	177.75
46	189.45
47	190.74
48	175.86
49	182.29
50	187.99
51	190.2
52	177.87
53	171.59
54	189.67
55	194.8
56	187.45
57	194.19
58	184.81
59	187.24
60	208.78
61	175.36
62	210.91
63	173.63
64	192.25
65	164.82
66	176.41
67	183.16
68	174.59
69	179.64
70	181.14
71	185
72	175.50
73	182.57
74	179.27
75	181
76	183.73
77	181.27
78	207.49
79	178.12
80	192.86
81	195.41
82	190.46
83	179.30
84	181.78
85	181.44
86	183.26
87	177.18
88	184.16
89	200.51
90	174.34
91	175.90
92	179.71
93	182.32
94	193.41
95	177.72
96	195.74
97	183.14
98	185.56
99	187.56
100	190.28
101	187.01
