1	244.46
2	251.74
3	225.99
4	277.51
5	249.5
6	286.35
7	270.43
8	256.6
9	279.39
10	250.65
11	269.27
12	266.06
13	262.34
14	255.46
15	284.11
16	221.25
17	287.17
18	234.66
19	259.36
20	251.4
21	265.94
22	259.84
23	238.96
24	265.97
25	260.39
26	235.51
27	260.94
28	221.7
29	300.88
30	254.45
31	280.6
32	278.55
33	247.82
34	282.64
35	288.33
36	281.59
37	256.68
38	273.5
39	265.72
40	253.86
41	262.94
42	272.59
43	265.41
44	274.02
45	271.07
46	243.5
47	239.82
48	270.23
49	272.01
50	275.05
51	284.47
52	267.96
53	243.56
54	265.42
55	276.9
56	244.95
57	271.61
58	271.09
59	278.14
60	263.07
61	280.14
62	259.98
63	278.69
64	262.23
65	295.81
66	294.18
67	275.01
68	275.59
69	252.43
70	259.89
71	271.76
72	250.19
73	285.56
74	257.81
75	256.41
76	276.15
77	261.71
78	195.87
79	272.54
80	243.53
81	244.62
82	240.27
83	252.25
84	287.38
85	259.06
86	242.56
87	278.55
88	265.2
89	261.09
90	273.2
91	278.48
92	266.35
93	268.76
94	251.39
95	245.02
96	218.18
97	255.17
98	222.04
99	236.8
100	279.18
101	226.98
