1 3.70
2 3.70
3 3.53
4 3.53
5 2.87
6 2.87
7 2.61
8 2.61
9 3.31
10 3.31
11 3.46
12 3.46
13 3.47
14 3.47
15 3.76
16 3.76
17 3.14
18 3.14
19 2.68
20 2.68
21 3.88
22 3.88
23 4.08
24 4.08
25 3.04
26 3.04
27 3.44
28 3.44
29 3.26
30 3.26
31 3.38
32 3.38
33 3.16
34 3.16
35 3.39
36 3.39
37 3.60
38 3.60
39 4.91
40 4.91
41 3.72
42 3.72
43 3.42
44 3.42
45 3.28
46 3.28
47 4.03
48 4.03
49 3.69
50 3.69
51 2.67
52 2.67
53 3.48
54 3.48
55 2.74
56 2.74
57 3.47
58 3.47
59 2.94
60 2.94
61 3.07
62 3.07
63 3.70
64 3.70
65 3.18
66 3.18
67 3.52
68 3.52
69 3.39
70 3.39
71 3.36
72 3.36
73 3.31
74 3.31
75 3.00
76 3.00
77 3.46
78 3.46
79 4.44
80 4.44
81 3.17
82 3.17
83 4.40
84 4.40
85 2.89
86 2.89
87 2.79
88 2.79
89 3.42
90 3.42
91 3.17
92 3.17
93 3.21
94 3.21
95 4.34
96 4.34
97 3.30
98 3.30
99 3.54
100 3.54
101 3.03
102 3.03
