1	-3.22
2	8.37
3	1.26
4	1.90
5	3.81
6	3.44
7	6.75
8	-1.82
9	3.53
10	6.68
11	2.96
12	11.05
13	1.23
14	3.85
15	4.74
16	-0.24
17	-2.77
18	7.00
19	2.72
20	0.97
21	-0.40
22	0.81
23	3.08
24	6.13
25	4.60
26	4.23
27	5.96
28	5.97
29	4.61
30	4.70
31	7.31
32	3.95
33	3.14
34	1.66
35	4.17
36	5.45
37	9.08
38	-2.01
39	-4.11
40	4.85
41	5.87
42	3.97
43	10.25
44	4.27
45	6.69
46	7.56
47	4.46
48	3.77
49	8.48
50	8.40
51	10.75
52	6.16
53	8.90
54	4.52
55	7.59
56	11.49
57	9.03
58	10.20
59	9.03
60	12.35
61	8.53
62	17.22
63	10.65
64	8.59
65	12.83
66	5.64
67	7.80
68	0.77
69	-4.54
70	1.37
71	9.51
72	8.84
73	6.50
74	8.15
75	8.06
76	7.49
77	5.92
78	5.07
79	1.57
80	6.52
81	0.58
82	5.80
83	10.01
84	9.60
85	3.08
86	3.45
87	0.58
88	5.99
89	-3.16
90	-0.62
91	3.44
92	-0.15
93	9.20
94	9.04
95	10.33
96	7.71
97	9.06
98	5.47
99	5.05
100	1.78
101	3.43
