1	166.44
2	170.99
3	185.91
4	167.75
5	168.33
6	170.59
7	176.32
8	149.51
9	163.77
10	171.06
11	186.08
12	161.38
13	167.32
14	173.37
15	162.01
16	167.81
17	167.26
18	163.00
19	170.01
20	156.07
21	158.20
22	184.19
23	169.56
24	184.68
25	178.16
26	165.03
27	154.56
28	164.94
29	160.24
30	167.11
31	167.59
32	179.60
33	169.99
34	171.94
35	175.20
36	157.78
37	134.61
38	154.79
39	146.37
40	164.64
41	172.74
42	147.40
43	169.58
44	169.52
45	173.96
46	175.87
47	158.39
48	171.53
49	170.16
50	167.84
51	164.43
