1	0.14
2	0.09
3	0.10
4	0.17
5	0.22
6	0.12
7	0.04
8	0.04
9	-0.06
10	0.06
11	0.22
12	0.29
13	0.01
14	0.13
15	0.06
16	0.28
17	0.15
18	-0.16
19	0.04
20	0.15
21	-0.09
22	0.10
23	0.10
24	0.20
25	0.00
26	0.26
27	0.19
28	0.25
29	0.03
30	0.26
31	0.01
32	0.11
33	0.13
34	0.24
35	0.14
36	-0.01
37	0.20
38	0.12
39	0.12
40	0.21
41	0.13
42	0.13
43	0.12
44	0.22
45	-0.09
46	0.17
47	0.16
48	0.00
49	0.30
50	0.31
51	-0.24
52	0.08
53	0.11
54	0.19
55	0.16
56	0.01
57	-0.05
58	0.13
59	0.07
60	0.03
61	0.28
62	-0.06
63	0.14
64	0.30
65	0.10
66	0.14
67	0.10
68	-0.04
69	0.04
70	-0.10
71	0.09
72	0.11
73	0.39
74	0.26
75	0.09
76	0.00
77	0.17
78	0.07
79	0.13
80	0.28
81	0.04
82	-0.07
83	0.02
84	0.27
85	0.14
86	0.09
87	0.10
88	0.12
89	0.08
90	0.19
91	-0.02
92	0.07
93	-0.61
94	0.10
95	0.05
96	0.40
97	0.09
98	0.01
99	0.15
100	0.13
101	-0.11
