1	0.05
2	0.26
3	0.01
4	-0.14
5	0.04
6	0.13
7	-0.13
8	-0.04
9	0.26
10	0.16
11	0.20
12	0.01
13	0.00
14	0.36
15	0.02
16	-0.12
17	0.22
18	0.17
19	0.19
20	-0.10
21	0.09
22	0.13
23	0.11
24	0.01
25	0.19
26	-0.05
27	-0.01
28	0.25
29	0.05
30	0.05
31	0.10
32	0.13
33	0.17
34	0.24
35	0.12
36	0.11
37	-0.04
38	-0.17
39	0.19
40	0.20
41	0.04
42	0.14
43	0.08
44	0.07
45	0.07
46	0.10
47	0.04
48	0.16
49	0.18
50	0.24
51	0.29
52	0.12
53	0.24
54	0.17
55	0.07
56	0.35
57	0.07
58	0.08
59	0.28
60	0.31
61	0.03
62	0.22
63	0.12
64	0.12
65	0.05
66	0.38
67	0.02
68	0.01
69	0.06
70	0.20
71	-0.06
72	0.10
73	0.05
74	0.18
75	0.15
76	0.03
77	0.25
78	0.17
79	-0.04
80	0.17
81	-0.12
82	0.09
83	0.13
84	0.13
85	0.16
86	-0.03
87	-0.07
88	0.04
89	0.08
90	0.32
91	-0.05
92	0.06
93	0.46
94	0.00
95	0.10
96	0.18
97	0.00
98	0.09
99	-0.02
100	0.16
101	0.26
