1	0.01
2	-0.02
3	-0.03
4	-0.01
5	0.14
6	-0.03
7	0.04
8	0.03
9	-0.04
10	-0.04
11	0.00
12	0.05
13	0.02
14	-0.02
15	0.06
16	0.10
17	-0.07
18	-0.10
19	-0.01
20	0.04
21	0.05
22	-0.11
23	-0.03
24	0.04
25	0.02
26	0.14
27	0.01
28	0.03
29	0.01
30	0.00
31	0.00
32	-0.01
33	0.06
34	-0.04
35	0.00
36	-0.08
37	0.04
38	0.11
39	-0.01
40	-0.01
41	0.03
42	-0.08
43	-0.04
44	0.05
45	-0.02
46	0.05
47	0.00
48	-0.02
49	0.03
50	0.03
51	0.16
52	0.00
53	0.00
54	0.03
55	0.04
56	-0.09
57	0.03
58	0.05
59	0.00
60	-0.03
61	0.01
62	0.02
63	0.02
64	0.07
65	0.04
66	-0.06
67	0.02
68	0.14
69	0.04
70	0.00
71	0.07
72	-0.05
73	0.09
74	0.04
75	-0.04
76	-0.04
77	-0.04
78	-0.01
79	0.11
80	0.06
81	0.00
82	-0.05
83	0.01
84	-0.02
85	-0.01
86	0.10
87	0.00
88	-0.01
89	-0.02
90	-0.01
91	-0.02
92	-0.02
93	0.12
94	0.04
95	0.04
96	0.05
97	0.08
98	-0.05
99	0.04
100	-0.04
101	-0.08
