1 3.67
2 3.67
3 4.48
4 4.48
5 3.77
6 3.77
7 3.21
8 3.21
9 2.36
10 2.36
11 3.78
12 3.78
13 3.84
14 3.84
15 5.20
16 5.20
17 4.49
18 4.49
19 3.14
20 3.14
21 2.67
22 2.67
23 4.19
24 4.19
25 4.04
26 4.04
27 3.46
28 3.46
29 3.35
30 3.35
31 4.57
32 4.57
33 2.95
34 2.95
35 3.82
36 3.82
37 3.88
38 3.88
39 4.13
40 4.13
41 4.48
42 4.48
43 4.19
44 4.19
45 3.64
46 3.64
47 3.38
48 3.38
49 2.98
50 2.98
51 4.65
52 4.65
53 3.15
54 3.15
55 2.92
56 2.92
57 3.63
58 3.63
59 3.02
60 3.02
61 4.25
62 4.25
63 3.12
64 3.12
65 3.20
66 3.20
67 4.28
68 4.28
69 3.31
70 3.31
71 4.39
72 4.39
73 3.19
74 3.19
75 2.62
76 2.62
77 3.54
78 3.54
79 3.25
80 3.25
81 3.09
82 3.09
83 2.60
84 2.60
85 4.76
86 4.76
87 3.53
88 3.53
89 2.73
90 2.73
91 3.39
92 3.39
93 3.35
94 3.35
95 4.14
96 4.14
97 4.49
98 4.49
99 3.80
100 3.80
101 3.52
102 3.52
103 3.74
104 3.74
105 3.99
106 3.99
107 3.46
108 3.46
109 3.84
110 3.84
111 3.93
112 3.93
113 3.62
114 3.62
115 3.30
116 3.30
117 4.24
118 4.24
119 2.92
120 2.92
121 3.11
122 3.11
123 4.17
124 4.17
125 4.20
126 4.20
127 4.70
128 4.70
129 3.99
130 3.99
131 3.52
132 3.52
133 4.46
134 4.46
135 3.90
136 3.90
137 4.03
138 4.03
139 2.88
140 2.88
141 4.35
142 4.35
143 2.14
144 2.14
145 3.85
146 3.85
147 2.94
148 2.94
149 2.96
150 2.96
151 3.38
152 3.38
153 3.68
154 3.68
155 3.04
156 3.04
157 4.88
158 4.88
159 3.62
160 3.62
161 2.34
162 2.34
163 2.28
164 2.28
165 2.86
166 2.86
167 3.10
168 3.10
169 3.61
170 3.61
171 3.67
172 3.67
173 3.21
174 3.21
175 2.87
176 2.87
177 3.38
178 3.38
179 3.29
180 3.29
181 3.92
182 3.92
183 3.51
184 3.51
185 3.14
186 3.14
187 3.65
188 3.65
189 3.78
190 3.78
191 3.39
192 3.39
193 4.19
194 4.19
195 3.07
196 3.07
197 4.53
198 4.53
199 3.30
200 3.30
201 2.80
202 2.80
