1 -0.08
2 -0.08
3 -0.41
4 -0.41
5 2.98
6 2.98
7 3.52
8 3.52
9 0.05
10 0.05
11 0.14
12 0.14
13 2.87
14 2.87
15 -0.48
16 -0.48
17 1.89
18 1.89
19 -1.29
20 -1.29
21 0.88
22 0.88
23 3.66
24 3.66
25 0.03
26 0.03
27 2.89
28 2.89
29 3.68
30 3.68
31 4.79
32 4.79
33 2.75
34 2.75
35 2.94
36 2.94
37 4.10
38 4.10
39 -1.44
40 -1.44
41 3.04
42 3.04
43 1.65
44 1.65
45 0.43
46 0.43
47 -0.86
48 -0.86
49 0.40
50 0.40
51 0.63
52 0.63
53 0.40
54 0.40
55 -0.17
56 -0.17
57 1.83
58 1.83
59 2.22
60 2.22
61 3.50
62 3.50
63 -2.01
64 -2.01
65 -0.39
66 -0.39
67 0.20
68 0.20
69 -0.75
70 -0.75
71 3.76
72 3.76
73 2.40
74 2.40
75 0.92
76 0.92
77 1.06
78 1.06
79 1.99
80 1.99
81 -0.31
82 -0.31
83 0.89
84 0.89
85 -4.20
86 -4.20
87 4.83
88 4.83
89 2.99
90 2.99
91 1.51
92 1.51
93 2.95
94 2.95
95 0.08
96 0.08
97 3.66
98 3.66
99 0.45
100 0.45
101 0.71
102 0.71
103 2.00
104 2.00
105 3.74
106 3.74
107 3.53
108 3.53
109 1.76
110 1.76
111 3.25
112 3.25
113 5.34
114 5.34
115 1.06
116 1.06
117 3.89
118 3.89
119 2.25
120 2.25
121 3.24
122 3.24
123 0.27
124 0.27
125 2.51
126 2.51
127 0.62
128 0.62
129 1.81
130 1.81
131 2.36
132 2.36
133 -0.05
134 -0.05
135 2.56
136 2.56
137 1.86
138 1.86
139 3.05
140 3.05
141 2.12
142 2.12
143 -0.78
144 -0.78
145 2.07
146 2.07
147 2.54
148 2.54
149 0.67
150 0.67
151 2.36
152 2.36
153 1.77
154 1.77
155 -1.77
156 -1.77
157 1.32
158 1.32
159 0.34
160 0.34
161 2.53
162 2.53
163 -0.13
164 -0.13
165 0.22
166 0.22
167 2.11
168 2.11
169 0.45
170 0.45
171 2.56
172 2.56
173 2.01
174 2.01
175 1.63
176 1.63
177 0.49
178 0.49
179 4.72
180 4.72
181 0.26
182 0.26
183 2.65
184 2.65
185 0.41
186 0.41
187 2.03
188 2.03
189 1.16
190 1.16
191 5.08
192 5.08
193 1.60
194 1.60
195 -1.15
196 -1.15
197 1.44
198 1.44
199 0.75
200 0.75
201 3.39
202 3.39
