1	1.96
2	5.39
3	-0.31
4	-3.94
5	7.68
6	0.16
7	5.64
8	4.86
9	8.86
10	0.69
11	5.43
12	-0.75
13	-0.01
14	-2.83
15	9.10
16	9.78
17	6.71
18	1.69
19	8.18
20	1.36
21	-1.06
22	1.36
23	1.41
24	-8.37
25	2.51
26	20.54
27	-4.65
28	6.00
29	-2.69
30	3.61
31	5.16
32	6.54
33	4.84
34	-1.22
35	-8.40
36	-0.41
37	0.34
38	3.51
39	0.14
40	4.75
41	-5.80
42	0.06
43	-0.62
44	9.66
45	8.75
46	-4.19
47	-0.04
48	2.77
49	5.81
50	2.95
51	-3.32
52	-6.19
53	2.16
54	7.19
55	11.48
56	-3.12
57	17.61
58	6.22
59	5.14
60	6.41
61	3.57
62	6.51
63	5.17
64	1.11
65	-5.66
66	5.95
67	13.45
68	2.37
69	4.59
70	7.28
71	2.42
72	3.11
73	1.77
74	0.86
75	1.20
76	0.40
77	3.15
78	-5.53
79	-4.24
80	-9.93
81	3.22
82	2.15
83	-2.61
84	3.38
85	2.35
86	8.05
87	5.00
88	-1.16
89	-2.44
90	3.97
91	0.63
92	5.13
93	0.91
94	-4.92
95	14.59
96	4.10
97	-1.06
98	2.16
99	8.81
100	0.32
101	4.03
