1 0.73
2 0.73
3 0.98
4 0.98
5 0.26
6 0.26
7 1.18
8 1.18
9 0.40
10 0.40
11 0.84
12 0.84
13 0.84
14 0.84
15 -0.11
16 -0.11
17 0.12
18 0.12
19 0.93
20 0.93
21 1.18
22 1.18
23 0.08
24 0.08
25 -0.10
26 -0.10
27 0.22
28 0.22
29 -0.08
30 -0.08
31 -0.24
32 -0.24
33 0.32
34 0.32
35 0.65
36 0.65
37 0.15
38 0.15
39 -0.15
40 -0.15
41 0.30
42 0.30
43 0.32
44 0.32
45 0.33
46 0.33
47 0.68
48 0.68
49 0.69
50 0.69
51 0.78
52 0.78
53 0.18
54 0.18
55 1.29
56 1.29
57 0.91
58 0.91
59 -0.11
60 -0.11
61 -0.05
62 -0.05
63 -0.40
64 -0.40
65 0.07
66 0.07
67 -0.40
68 -0.40
69 1.38
70 1.38
71 -0.19
72 -0.19
73 0.90
74 0.90
75 0.32
76 0.32
77 0.17
78 0.17
79 0.38
80 0.38
81 0.28
82 0.28
83 0.41
84 0.41
85 0.23
86 0.23
87 0.54
88 0.54
89 0.35
90 0.35
91 0.47
92 0.47
93 -0.22
94 -0.22
95 0.78
96 0.78
97 -0.18
98 -0.18
99 0.30
100 0.30
101 0.48
102 0.48
103 0.02
104 0.02
105 0.29
106 0.29
107 -0.20
108 -0.20
109 0.50
110 0.50
111 0.38
112 0.38
113 -0.19
114 -0.19
115 0.69
116 0.69
117 0.71
118 0.71
119 0.33
120 0.33
121 0.11
122 0.11
123 -0.02
124 -0.02
125 0.42
126 0.42
127 0.31
128 0.31
129 0.38
130 0.38
131 0.78
132 0.78
133 0.44
134 0.44
135 0.71
136 0.71
137 0.03
138 0.03
139 0.50
140 0.50
141 -0.16
142 -0.16
143 0.83
144 0.83
145 0.23
146 0.23
147 0.54
148 0.54
149 0.22
150 0.22
151 0.34
152 0.34
153 1.64
154 1.64
155 -0.64
156 -0.64
157 0.60
158 0.60
159 -0.08
160 -0.08
161 0.30
162 0.30
163 -0.55
164 -0.55
165 -0.44
166 -0.44
167 1.18
168 1.18
169 0.49
170 0.49
171 0.52
172 0.52
173 0.04
174 0.04
175 -0.32
176 -0.32
177 0.87
178 0.87
179 0.38
180 0.38
181 0.07
182 0.07
183 -0.39
184 -0.39
185 -0.04
186 -0.04
187 0.77
188 0.77
189 0.08
190 0.08
191 0.23
192 0.23
193 0.98
194 0.98
195 0.50
196 0.50
197 0.14
198 0.14
199 -0.26
200 -0.26
201 0.01
202 0.01
