1	1.59
2	-4.10
3	11.45
4	3.99
5	4.13
6	13.81
7	-4.25
8	5.50
9	2.26
10	3.18
11	-3.04
12	1.73
13	0.95
14	0.47
15	2.27
16	-2.66
17	-0.09
18	-2.48
19	4.06
20	2.05
21	1.25
22	-1.81
23	-9.12
24	6.70
25	1.64
26	9.34
27	6.24
28	-1.62
29	-3.63
30	-2.51
31	1.44
32	-5.58
33	9.56
34	-0.21
35	-3.13
36	-5.22
37	-1.03
38	-7.52
39	0.40
40	-3.03
41	-2.55
42	4.32
43	-4.15
44	2.00
45	-2.63
46	-6.17
47	0.74
48	-2.17
49	-2.05
50	2.13
51	3.97
52	3.17
53	1.99
54	5.25
55	-1.70
56	-9.09
57	-5.36
58	-4.80
59	4.70
60	-10.87
61	-3.58
62	5.59
63	10.57
64	-4.06
65	10.57
66	-9.98
67	-3.47
68	8.39
69	-1.68
70	6.44
71	-2.21
72	1.01
73	-5.92
74	0.80
75	-1.04
76	7.17
77	0.30
78	4.19
79	2.34
80	-2.03
81	5.03
82	-1.78
83	-0.17
84	2.01
85	-4.11
86	7.28
87	-3.51
88	3.08
89	-1.74
90	-5.52
91	8.77
92	7.59
93	3.43
94	-9.11
95	-2.26
96	-5.75
97	4.72
98	1.36
99	5.15
100	-5.86
101	-3.82
