1	-0.19
2	-0.15
3	0.05
4	-0.19
5	0.04
6	0.11
7	-0.32
8	0.14
9	-0.03
10	0.06
11	-0.22
12	-0.13
13	0.00
14	0.05
15	0.28
16	-0.14
17	-0.04
18	-0.28
19	0.07
20	-0.02
21	-0.05
22	-0.27
23	-0.16
24	-0.21
25	-0.20
26	-0.03
27	-0.06
28	-0.02
29	-0.02
30	-0.17
31	-0.02
32	-0.13
33	0.16
34	0.01
35	-0.05
36	-0.30
37	-0.03
38	-0.23
39	-0.08
40	-0.14
41	0.00
42	0.03
43	-0.30
44	0.00
45	0.03
46	-0.20
47	0.02
48	0.00
49	-0.01
50	-0.03
51	-0.24
52	0.02
53	-0.19
54	-0.06
55	-0.12
56	-0.08
57	0.00
58	-0.05
59	-0.06
60	-0.39
61	-0.12
62	0.03
63	0.08
64	-0.06
65	0.16
66	-0.37
67	-0.19
68	-0.10
69	0.05
70	0.16
71	-0.03
72	0.02
73	-0.29
74	0.07
75	-0.04
76	0.22
77	-0.21
78	0.09
79	-0.12
80	-0.13
81	-0.02
82	0.06
83	-0.01
84	-0.14
85	-0.03
86	-0.07
87	-0.12
88	-0.03
89	-0.20
90	-0.26
91	-0.12
92	-0.15
93	0.00
94	-0.17
95	0.04
96	-0.23
97	0.10
98	0.05
99	0.04
100	-0.22
101	0.02
