1 1.19
2 1.19
3 3.36
4 3.36
5 1.00
6 1.00
7 3.58
8 3.58
9 4.24
10 4.24
11 2.20
12 2.20
13 3.93
14 3.93
15 4.44
16 4.44
17 2.66
18 2.66
19 4.52
20 4.52
21 4.84
22 4.84
23 4.69
24 4.69
25 2.98
26 2.98
27 4.49
28 4.49
29 3.11
30 3.11
31 0.64
32 0.64
33 2.94
34 2.94
35 3.27
36 3.27
37 3.51
38 3.51
39 1.11
40 1.11
41 1.63
42 1.63
43 2.22
44 2.22
45 2.81
46 2.81
47 1.65
48 1.65
49 5.18
50 5.18
51 2.02
52 2.02
53 0.22
54 0.22
55 4.86
56 4.86
57 1.60
58 1.60
59 3.15
60 3.15
61 2.56
62 2.56
63 0.51
64 0.51
65 0.84
66 0.84
67 0.09
68 0.09
69 4.95
70 4.95
71 6.46
72 6.46
73 3.21
74 3.21
75 4.58
76 4.58
77 1.84
78 1.84
79 2.34
80 2.34
81 1.99
82 1.99
83 2.81
84 2.81
85 6.03
86 6.03
87 0.12
88 0.12
89 1.66
90 1.66
91 3.59
92 3.59
93 1.53
94 1.53
95 3.66
96 3.66
97 -1.18
98 -1.18
99 0.13
100 0.13
101 3.24
102 3.24
103 4.14
104 4.14
105 2.84
106 2.84
107 0.03
108 0.03
109 2.03
110 2.03
111 5.95
112 5.95
113 3.62
114 3.62
115 0.28
116 0.28
117 4.26
118 4.26
119 2.69
120 2.69
121 3.58
122 3.58
123 1.60
124 1.60
125 2.76
126 2.76
127 3.46
128 3.46
129 3.70
130 3.70
131 1.78
132 1.78
133 0.28
134 0.28
135 0.93
136 0.93
137 3.38
138 3.38
139 1.33
140 1.33
141 4.97
142 4.97
143 4.41
144 4.41
145 4.01
146 4.01
147 5.26
148 5.26
149 0.07
150 0.07
151 3.86
152 3.86
153 2.78
154 2.78
155 2.65
156 2.65
157 0.96
158 0.96
159 1.65
160 1.65
161 4.48
162 4.48
163 4.08
164 4.08
165 3.57
166 3.57
167 7.12
168 7.12
169 5.03
170 5.03
171 2.57
172 2.57
173 0.18
174 0.18
175 1.66
176 1.66
177 1.55
178 1.55
179 2.67
180 2.67
181 3.13
182 3.13
183 3.06
184 3.06
185 3.03
186 3.03
187 1.31
188 1.31
189 4.92
190 4.92
191 2.74
192 2.74
193 4.20
194 4.20
195 3.81
196 3.81
197 4.24
198 4.24
199 2.68
200 2.68
201 4.60
202 4.60
