1	0.38
2	-1.29
3	-1.10
4	-0.98
5	-1.18
6	-1.13
7	-0.65
8	-1.36
9	-1.35
10	-1.13
11	-1.59
12	-2.31
13	-0.83
14	-1.25
15	-1.70
16	-0.81
17	-0.74
18	-1.50
19	-1.34
20	-1.71
21	-1.27
22	-0.90
23	-1.87
24	-1.80
25	-1.14
26	-0.94
27	-1.06
28	-0.99
29	-2.51
30	-0.67
31	-0.83
32	-1.11
33	-1.62
34	-1.56
35	-1.27
36	-1.75
37	-1.25
38	-0.78
39	-0.64
40	-1.41
41	-1.30
42	-1.59
43	-1.25
44	-1.96
45	-1.59
46	-0.26
47	-0.50
48	-0.53
49	-1.27
50	-1.29
51	-0.99
52	0.00
53	-1.29
54	-0.81
55	-0.64
56	-1.31
57	-1.81
58	-1.12
59	-0.91
60	-0.95
61	-0.69
62	-1.72
63	-1.14
64	-2.12
65	-1.66
66	-1.12
67	-1.42
68	-0.59
69	-1.05
70	-1.45
71	-2.06
72	-1.66
73	-1.24
74	-1.53
75	-1.47
76	-1.35
77	-1.51
78	-2.43
79	-2.06
80	-1.71
81	-0.79
82	-1.03
83	-2.07
84	-1.89
85	-1.38
86	-1.25
87	-1.13
88	-0.87
89	-1.18
90	-0.80
91	-1.06
92	-1.33
93	-1.89
94	-1.30
95	-1.54
96	-1.87
97	-1.23
98	-1.31
99	-1.00
100	-0.67
101	-1.52
