1 -0.57
2 -0.57
3 -0.99
4 -0.99
5 -1.47
6 -1.47
7 -0.97
8 -0.97
9 -1.04
10 -1.04
11 -1.14
12 -1.14
13 -0.81
14 -0.81
15 -0.69
16 -0.69
17 -1.00
18 -1.00
19 -1.00
20 -1.00
21 -0.94
22 -0.94
23 -1.08
24 -1.08
25 -1.06
26 -1.06
27 -0.78
28 -0.78
29 -0.19
30 -0.19
31 -1.34
32 -1.34
33 -0.89
34 -0.89
35 -0.80
36 -0.80
37 -0.90
38 -0.90
39 -0.98
40 -0.98
41 -0.96
42 -0.96
43 -1.16
44 -1.16
45 -0.57
46 -0.57
47 -0.89
48 -0.89
49 -1.05
50 -1.05
51 -0.82
52 -0.82
53 -0.76
54 -0.76
55 -1.15
56 -1.15
57 -0.82
58 -0.82
59 -1.07
60 -1.07
61 -1.01
62 -1.01
63 -1.20
64 -1.20
65 -1.11
66 -1.11
67 -0.64
68 -0.64
69 -0.57
70 -0.57
71 -0.92
72 -0.92
73 -1.24
74 -1.24
75 -0.87
76 -0.87
77 -1.38
78 -1.38
79 -0.58
80 -0.58
81 -1.32
82 -1.32
83 -1.40
84 -1.40
85 -1.35
86 -1.35
87 -0.33
88 -0.33
89 -1.05
90 -1.05
91 -0.02
92 -0.02
93 -0.83
94 -0.83
95 -1.15
96 -1.15
97 -1.38
98 -1.38
99 -0.97
100 -0.97
101 -0.47
102 -0.47
