1 -1.13
2 -1.13
3 -4.28
4 -4.28
5 -3.27
6 -3.27
7 -1.18
8 -1.18
9 -2.51
10 -2.51
11 -4.18
12 -4.18
13 -0.45
14 -0.45
15 -5.42
16 -5.42
17 -4.58
18 -4.58
19 -2.33
20 -2.33
21 -4.02
22 -4.02
23 -5.48
24 -5.48
25 -1.57
26 -1.57
27 0.74
28 0.74
29 0.56
30 0.56
31 -2.46
32 -2.46
33 0.21
34 0.21
35 -4.42
36 -4.42
37 -2.87
38 -2.87
39 -2.38
40 -2.38
41 -2.11
42 -2.11
43 -2.74
44 -2.74
45 -1.40
46 -1.40
47 -4.69
48 -4.69
49 -4.53
50 -4.53
51 -3.47
52 -3.47
53 -2.57
54 -2.57
55 -2.03
56 -2.03
57 -6.40
58 -6.40
59 -5.29
60 -5.29
61 -1.45
62 -1.45
63 -5.39
64 -5.39
65 -4.82
66 -4.82
67 -5.72
68 -5.72
69 -0.53
70 -0.53
71 -1.86
72 -1.86
73 -3.96
74 -3.96
75 -1.21
76 -1.21
77 -4.08
78 -4.08
79 -1.06
80 -1.06
81 -0.51
82 -0.51
83 -2.19
84 -2.19
85 4.74
86 4.74
87 2.60
88 2.60
89 -3.91
90 -3.91
91 -0.40
92 -0.40
93 -3.89
94 -3.89
95 -3.83
96 -3.83
97 -4.28
98 -4.28
99 -0.34
100 -0.34
101 -3.44
102 -3.44
