1	247.45
2	251.59
3	250.01
4	245.46
5	245.28
6	243.72
7	250.93
8	232.45
9	236.76
10	249.08
11	243.09
12	230.59
13	229.63
14	232.53
15	253.81
16	247.89
17	235.67
18	243.69
19	242.7
20	240.33
21	244.18
22	249.79
23	229.69
24	240.33
25	264.25
26	240.14
27	247.37
28	250.28
29	246.78
30	237.24
31	231.13
32	233.79
33	253.81
34	247.83
35	252.81
36	252.89
37	241.32
38	256.16
39	236.06
40	255.24
41	258.59
42	240.92
43	258.07
44	246.29
45	243.69
46	250.88
47	237.91
48	239.1
49	238.82
50	236.29
51	242.03
52	230.05
53	250.04
54	255.38
55	247.05
56	232.69
57	241.5
58	248.58
59	235.49
60	243.6
61	244.49
62	241.09
63	250.64
64	230.24
65	256.78
66	251.72
67	236.44
68	239.33
69	241.3
70	250.05
71	248.01
72	245.48
73	230.81
74	248.89
75	243.62
76	258.46
77	235.07
78	260.99
79	254.23
80	229.65
81	258.75
82	261.41
83	245.29
84	239.68
85	266.92
86	240.9
87	250.7
88	248.11
89	243.26
90	248.77
91	247.43
92	240.13
93	248.07
94	263.02
95	245.72
96	244.31
97	231.82
98	251.89
99	237.67
100	255.04
101	249.87
