1	56.64
2	52.41
3	50.24
4	69.99
5	91.42
6	81.46
7	56.86
8	64.17
9	70.46
10	56.22
11	79.69
12	65.42
13	91.60
14	87.22
15	64.63
16	52.22
17	61.95
18	70.89
19	67.34
20	69.25
21	66.54
22	74.45
23	59.19
24	60.47
25	68.35
26	68.09
27	54.98
28	60.90
29	65.35
30	75.90
31	62.48
32	71.17
33	62.05
34	67.43
35	59.91
36	61.31
37	53.82
38	59.78
39	64.21
40	62.10
41	53.01
42	61.57
43	59.80
44	58.13
45	66.98
46	54.17
47	82.36
48	62.68
49	66.91
50	71.22
51	52.59
52	58.33
53	66.41
54	55.37
55	60.34
56	71.18
57	69.16
58	64.66
59	56.14
60	70.43
61	62.60
62	62.79
63	54.03
64	66.19
65	61.53
66	59.41
67	63.24
68	71.91
69	65.63
70	66.40
71	82.24
72	93.25
73	69.76
74	56.54
75	72.62
76	67.15
77	68.27
78	77.64
79	60.78
80	82.27
81	90.33
82	57.13
83	68.34
84	82.40
85	59.62
86	74.38
87	61.09
88	70.18
89	55.69
90	57.29
91	80.44
92	60.74
93	72.45
94	58.64
95	65.04
96	47.96
97	89.31
98	85.91
99	74.66
100	58.78
101	69.47
