1	NaN
2	NaN
3	NaN
4	NaN
5	173.86
6	NaN
7	NaN
8	226.39
9	NaN
10	NaN
11	NaN
12	NaN
13	229.4
14	180.85
15	NaN
16	220.23
17	NaN
18	NaN
19	NaN
20	131.27
21	NaN
22	157.68
23	246.18
24	NaN
25	NaN
26	NaN
27	NaN
28	NaN
29	NaN
30	188.08
31	NaN
32	123.17
33	NaN
34	136.44
35	NaN
36	NaN
37	NaN
38	NaN
39	159.48
40	201.79
41	NaN
42	NaN
43	NaN
44	NaN
45	NaN
46	154.94
47	NaN
48	NaN
49	140.81
50	NaN
51	227.09
52	NaN
53	175.66
54	141.79
55	NaN
56	NaN
57	NaN
58	NaN
59	195.64
60	NaN
61	NaN
62	NaN
63	NaN
64	NaN
65	NaN
66	NaN
67	240.11
68	175.64
69	171.83
70	146.37
71	NaN
72	NaN
73	NaN
74	NaN
75	NaN
76	NaN
77	NaN
78	162.62
79	NaN
80	NaN
81	NaN
82	110.88
83	144.40
84	NaN
85	NaN
86	NaN
87	166.50
88	207.69
89	NaN
90	NaN
91	190.3
92	229.01
93	115.44
94	NaN
95	168.08
96	240.15
97	NaN
98	NaN
99	NaN
100	149.23
101	NaN
