1	163.59
2	168.17
3	173.50
4	156.46
5	158.20
6	158.75
7	168.64
8	149.99
9	163.68
10	167.33
11	162.34
12	148.28
13	167.69
14	157.20
15	173.93
16	167.31
17	176.32
18	164.90
19	163.39
20	160.55
21	155.75
22	134.06
23	170.70
24	176.70
25	174.11
26	151.45
27	153.26
28	186.91
29	156.28
30	167.45
31	168.69
32	160.60
33	163.88
34	179.47
35	187.38
36	169.72
37	146.70
38	157.58
39	168.12
40	157.55
41	146.16
42	162.35
43	149.68
44	178.04
45	163.09
46	168.26
47	140.04
48	164.96
49	170.44
50	184.88
51	176.38
