1 -4.93
2 -4.93
3 -12.94
4 -12.94
5 -20.16
6 -20.16
7 -15.66
8 -15.66
9 -4.20
10 -4.20
11 22.94
12 22.94
13 -0.14
14 -0.14
15 -10.38
16 -10.38
17 -11.92
18 -11.92
19 -21.22
20 -21.22
21 3.89
22 3.89
23 -3.40
24 -3.40
25 -26.04
26 -26.04
27 2.20
28 2.20
29 8.97
30 8.97
31 -3.70
32 -3.70
33 1.31
34 1.31
35 -1.22
36 -1.22
37 -15.62
38 -15.62
39 -19.62
40 -19.62
41 -4.00
42 -4.00
43 -13.84
44 -13.84
45 9.57
46 9.57
47 13.49
48 13.49
49 11.97
50 11.97
51 -23.51
52 -23.51
53 -3.81
54 -3.81
55 -2.65
56 -2.65
57 10.97
58 10.97
59 -2.31
60 -2.31
61 -2.15
62 -2.15
63 -8.40
64 -8.40
65 19.12
66 19.12
67 -16.97
68 -16.97
69 -22.27
70 -22.27
71 18.19
72 18.19
73 8.85
74 8.85
75 4.83
76 4.83
77 -4.73
78 -4.73
79 -5.55
80 -5.55
81 -15.64
82 -15.64
83 -2.79
84 -2.79
85 -27.36
86 -27.36
87 -6.06
88 -6.06
89 8.58
90 8.58
91 1.43
92 1.43
93 12.03
94 12.03
95 9.87
96 9.87
97 2.16
98 2.16
99 2.89
100 2.89
101 -16.49
102 -16.49
103 -3.59
104 -3.59
105 -15.83
106 -15.83
107 0.54
108 0.54
109 -8.32
110 -8.32
111 -30.86
112 -30.86
113 -7.06
114 -7.06
115 -1.43
116 -1.43
117 -7.01
118 -7.01
119 7.97
120 7.97
121 -18.88
122 -18.88
123 0.23
124 0.23
125 -14.91
126 -14.91
127 -22.56
128 -22.56
129 2.91
130 2.91
131 -18.94
132 -18.94
133 0.97
134 0.97
135 -8.06
136 -8.06
137 3.74
138 3.74
139 10.24
140 10.24
141 5.71
142 5.71
143 -32.75
144 -32.75
145 -9.79
146 -9.79
147 2.36
148 2.36
149 -16.98
150 -16.98
151 3.79
152 3.79
153 -3.03
154 -3.03
155 1.91
156 1.91
157 11.67
158 11.67
159 12.07
160 12.07
161 -22.43
162 -22.43
163 -0.96
164 -0.96
165 24.66
166 24.66
167 12.66
168 12.66
169 -4.01
170 -4.01
171 -1.13
172 -1.13
173 -3.15
174 -3.15
175 -5.84
176 -5.84
177 -6.65
178 -6.65
179 14.80
180 14.80
181 -15.86
182 -15.86
183 9.25
184 9.25
185 17.43
186 17.43
187 -6.78
188 -6.78
189 -13.59
190 -13.59
191 6.83
192 6.83
193 -18.04
194 -18.04
195 7.12
196 7.12
197 6.32
198 6.32
199 -7.20
200 -7.20
201 16.61
202 16.61
