1 0.27
2 0.27
3 -0.70
4 -0.70
5 -0.19
6 -0.19
7 -1.28
8 -1.28
9 -1.24
10 -1.24
11 0.82
12 0.82
13 -1.93
14 -1.93
15 0.40
16 0.40
17 -2.19
18 -2.19
19 -0.05
20 -0.05
21 0.99
22 0.99
23 -0.42
24 -0.42
25 -0.09
26 -0.09
27 3.23
28 3.23
29 -2.65
30 -2.65
31 -2.77
32 -2.77
33 -0.38
34 -0.38
35 0.07
36 0.07
37 -4.29
38 -4.29
39 -0.30
40 -0.30
41 -3.77
42 -3.77
43 1.34
44 1.34
45 0.46
46 0.46
47 -2.84
48 -2.84
49 -1.08
50 -1.08
51 -2.42
52 -2.42
53 -0.50
54 -0.50
55 -1.70
56 -1.70
57 -1.62
58 -1.62
59 -1.05
60 -1.05
61 -2.84
62 -2.84
63 -0.68
64 -0.68
65 0.67
66 0.67
67 -3.90
68 -3.90
69 -2.43
70 -2.43
71 0.40
72 0.40
73 -0.93
74 -0.93
75 -2.29
76 -2.29
77 0.21
78 0.21
79 -1.53
80 -1.53
81 -0.80
82 -0.80
83 -0.18
84 -0.18
85 -1.90
86 -1.90
87 -3.99
88 -3.99
89 -0.66
90 -0.66
91 -3.24
92 -3.24
93 -2.30
94 -2.30
95 0.45
96 0.45
97 -1.68
98 -1.68
99 -2.74
100 -2.74
101 -2.19
102 -2.19
103 -2.83
104 -2.83
105 -4.36
106 -4.36
107 -3.01
108 -3.01
109 -2.06
110 -2.06
111 -1.80
112 -1.80
113 -3.39
114 -3.39
115 -1.27
116 -1.27
117 -1.17
118 -1.17
119 -3.82
120 -3.82
121 -1.40
122 -1.40
123 -1.32
124 -1.32
125 -2.14
126 -2.14
127 -0.75
128 -0.75
129 0.72
130 0.72
131 -2.70
132 -2.70
133 -0.07
134 -0.07
135 -2.52
136 -2.52
137 -1.07
138 -1.07
139 -1.53
140 -1.53
141 0.59
142 0.59
143 -1.76
144 -1.76
145 1.38
146 1.38
147 -0.71
148 -0.71
149 0.48
150 0.48
151 0.41
152 0.41
153 0.82
154 0.82
155 -0.76
156 -0.76
157 -1.71
158 -1.71
159 0.08
160 0.08
161 0.76
162 0.76
163 -1.59
164 -1.59
165 0.16
166 0.16
167 -1.94
168 -1.94
169 1.75
170 1.75
171 -1.65
172 -1.65
173 -0.91
174 -0.91
175 0.34
176 0.34
177 -0.06
178 -0.06
179 -0.76
180 -0.76
181 -0.90
182 -0.90
183 0.84
184 0.84
185 -1.36
186 -1.36
187 0.82
188 0.82
189 2.17
190 2.17
191 1.25
192 1.25
193 0.91
194 0.91
195 -0.84
196 -0.84
197 -0.68
198 -0.68
199 -3.16
200 -3.16
201 -0.67
202 -0.67
