1	-0.02
2	-0.13
3	-0.21
4	-0.15
5	0.15
6	-0.11
7	-0.04
8	-0.03
9	-0.17
10	0.11
11	-0.11
12	0.02
13	-0.27
14	-0.49
15	-0.18
16	-0.59
17	-0.11
18	0.12
19	0.11
20	0.44
21	0.47
22	-0.13
23	0.16
24	0.14
25	-0.19
26	0.48
27	0.06
28	-0.08
29	0.53
30	-0.04
31	0.96
32	-0.70
33	-0.28
34	0.15
35	-0.45
36	-0.23
37	0.09
38	-0.24
39	-0.11
40	-0.07
41	-0.40
42	-0.33
43	-0.01
44	0.18
45	0.11
46	-0.21
47	0.17
48	-0.37
49	0.08
50	0.32
51	-0.86
52	0.11
53	-0.10
54	-0.27
55	0.28
56	0.22
57	0.43
58	0.09
59	0.09
60	-0.50
61	0.56
62	0.24
63	0.32
64	-0.10
65	-0.39
66	-0.36
67	0.36
68	0.48
69	-0.15
70	0.37
71	-0.09
72	0.62
73	0.11
74	-0.33
75	-0.02
76	-0.27
77	-0.31
78	0.20
79	0.33
80	0.09
81	0.24
82	0.06
83	0.15
84	0.24
85	-0.21
86	0.24
87	0.32
88	0.53
89	0.09
90	-0.03
91	0.08
92	0.24
93	-0.10
94	-0.09
95	-0.37
96	0.24
97	0.07
98	0.64
99	-0.21
100	0.11
101	-0.20
