1	307.71
2	313.87
3	282.68
4	311.76
5	307.84
6	292.17
7	298.03
8	321.07
9	284.53
10	295.22
11	312.11
12	304.26
13	301.3
14	301.35
15	308.95
16	313.71
17	284.97
18	313.68
19	304.74
20	311.32
21	311.19
22	308.88
23	304.89
24	310.87
25	323.94
26	266.87
27	309.5
28	308.21
29	295.17
30	303.57
31	304.22
32	299.12
33	301.64
34	291.08
35	293.06
36	277.18
37	315.41
38	288.61
39	311.02
40	312.61
41	300.53
42	311.55
43	302.16
44	322.77
45	316.93
46	269.75
47	303.78
48	313.92
49	318.89
50	289.88
51	286.32
52	304.16
53	316.93
54	298.38
55	313.25
56	319.64
57	310.27
58	289.83
59	306.67
60	293.44
61	323.52
62	314.67
63	295.15
64	304.93
65	315.16
66	299.19
67	302.87
68	320.78
69	311.41
70	296.92
71	312.34
72	313.51
73	301.22
74	315.23
75	301.53
76	302.96
77	306.71
78	290.34
79	309.27
80	288.88
81	303.03
82	299.4
83	312.46
84	317.72
85	303.98
86	296.39
87	301.16
88	313.67
89	311.57
90	318.6
91	307.63
92	301.6
93	321.15
94	296.11
95	304.95
96	315.4
97	309.49
98	316.18
99	301.64
100	297.8
101	319.1
