1	57.64
2	56.70
3	76.06
4	52.55
5	48.97
6	57.71
7	67.64
8	58.64
9	63.90
10	58.60
11	57.48
12	62.02
13	54.16
14	55.35
15	83.83
16	59.42
17	77.09
18	70.43
19	64.29
20	56.78
21	65.62
22	61.18
23	62.82
24	50.54
25	59.32
26	77.27
27	57.15
28	74.39
29	51.62
30	49.39
31	64.69
32	72.03
33	55.03
34	57.20
35	56.55
36	50.68
37	67.65
38	68.13
39	58.98
40	60.51
41	60.69
42	56.44
43	43.18
44	63.10
45	59.01
46	54.33
47	60.90
48	56.25
49	65.12
50	67.25
51	59.72
52	47.66
53	57.02
54	66.12
55	59.10
56	49.35
57	51.43
58	51.48
59	45.61
60	61.37
61	52.50
62	61.13
63	53.70
64	49.05
65	58.82
66	65.73
67	66.88
68	50.72
69	61.54
70	62.34
71	65.35
72	59.07
73	56.41
74	64.99
75	63.92
76	48.20
77	80.09
78	54.23
79	57.05
80	57.94
81	74.51
82	57.24
83	54.57
84	68.91
85	49.31
86	69.43
87	67.52
88	54.93
89	56.91
90	59.22
91	63.41
92	69.32
93	58.52
94	61.74
95	63.55
96	55.19
97	57.08
98	63.56
99	56.36
100	54.98
101	54.60
