1	153.79
2	170.25
3	145.26
4	166.65
5	151.05
6	135.22
7	142.33
8	151.16
9	134.02
10	143.44
11	150.61
12	150.44
13	138.77
14	129.33
15	139.03
16	168.43
17	132.11
18	140.44
19	137.21
20	157.10
21	138.56
22	157.55
23	167.31
24	97.57
25	146.20
26	121.05
27	141.44
28	135.65
29	138.00
30	149.40
31	149.23
32	146.73
33	144.80
34	124.60
35	114.75
36	120.10
37	151.69
38	133.70
39	153.87
40	151.25
41	137.01
42	112.41
43	118.90
44	147.34
45	128.89
46	131.28
47	148.23
48	140.74
49	136.69
50	135.58
51	124.64
52	99.87
53	139.49
54	132.26
55	148.45
56	138.95
57	108.50
58	141.66
59	159.61
60	140.75
61	138.74
62	141.11
63	138.04
64	149.55
65	143.76
66	156.95
67	151.81
68	148.61
69	144.64
70	143.62
71	124.82
72	157.49
73	151.68
74	145.05
75	144.22
76	139.79
77	114.38
78	138.03
79	163.66
80	130.01
81	131.87
82	164.09
83	162.24
84	146.81
85	139.86
86	140.56
87	152.77
88	160.96
89	122.84
90	131.61
91	155.97
92	118.31
93	146.41
94	145.07
95	152.32
96	166.23
97	150.41
98	156.15
99	151.84
100	149.26
101	122.97
