1	3.91
2	2.83
3	5.59
4	5.96
5	6.77
6	8.37
7	8.57
8	7.51
9	7.12
10	5.78
11	7.00
12	6.39
13	6.07
14	6.26
15	1.97
16	6.11
17	7.20
18	5.41
19	7.04
20	8.71
21	6.51
22	2.94
23	6.79
24	7.06
25	7.13
26	8.27
27	6.45
28	1.47
29	6.05
30	7.02
31	1.51
32	7.41
33	8.50
34	7.66
35	6.23
36	8.00
37	7.75
38	2.93
39	6.54
40	7.75
41	8.36
42	7.66
43	7.56
44	7.34
45	6.83
46	8.49
47	8.39
48	6.91
49	8.80
50	8.23
51	8.81
52	7.59
53	8.12
54	9.44
55	7.57
56	8.38
57	9.65
58	7.68
59	6.24
60	1.76
61	5.39
62	8.34
63	6.56
64	7.14
65	6.71
66	4.95
67	2.92
68	5.82
69	6.00
70	2.38
71	7.32
72	4.88
73	6.26
74	4.22
75	7.07
76	7.15
77	5.84
78	8.36
79	6.67
80	4.08
81	4.28
82	2.48
83	6.58
84	6.30
85	6.86
86	6.73
87	4.99
88	6.15
89	5.67
90	3.23
91	4.59
92	5.64
93	7.39
94	5.24
95	7.93
96	7.07
97	5.83
98	6.41
99	5.06
100	4.37
101	6.95
