1	241.15
2	228.97
3	222.83
4	247.63
5	256.49
6	271.21
7	208.33
8	248.53
9	242.96
10	250.72
11	252.71
12	232.83
13	255.12
14	194.01
15	228.78
16	207.46
17	246.08
18	210.77
19	195.74
20	239.86
21	272.21
22	243.56
23	227.74
24	249.15
25	237.19
26	246.14
27	230.82
28	250.03
29	193.59
30	197.13
31	207.5
32	249.17
33	254.98
34	240.02
35	255.33
36	240.93
37	237.27
38	261.93
39	226.75
40	238.19
41	273.05
42	266.92
43	277.03
44	238.34
45	250.67
46	242.32
47	252.06
48	231.91
49	252.17
50	218.37
51	235.73
