1	152.72
2	149.00
3	151.48
4	149.22
5	165.50
6	141.72
7	149.62
8	139.24
9	159.09
10	159.45
11	161.19
12	125.66
13	148.59
14	144.03
15	150.52
16	151.62
17	146.31
18	146.90
19	155.42
20	153.38
21	137.77
22	153.49
23	154.82
24	123.31
25	140.43
26	163.30
27	147.43
28	145.74
29	161.45
30	156.35
31	131.74
32	136.11
33	130.16
34	143.54
35	149.25
36	153.13
37	144.82
38	144.15
39	154.46
40	150.58
41	125.07
42	160.92
43	164.35
44	152.42
45	169.04
46	136.58
47	146.97
48	146.82
49	160.27
50	142.57
51	148.72
