1 1.59
2 1.59
3 0.89
4 0.89
5 1.16
6 1.16
7 1.67
8 1.67
9 1.73
10 1.73
11 1.51
12 1.51
13 1.78
14 1.78
15 1.29
16 1.29
17 1.72
18 1.72
19 2.33
20 2.33
21 0.82
22 0.82
23 1.35
24 1.35
25 1.35
26 1.35
27 1.79
28 1.79
29 1.68
30 1.68
31 1.08
32 1.08
33 1.01
34 1.01
35 0.92
36 0.92
37 0.46
38 0.46
39 1.40
40 1.40
41 1.58
42 1.58
43 2.17
44 2.17
45 1.10
46 1.10
47 1.62
48 1.62
49 2.12
50 2.12
51 1.54
52 1.54
53 2.02
54 2.02
55 1.47
56 1.47
57 1.89
58 1.89
59 1.43
60 1.43
61 0.64
62 0.64
63 1.78
64 1.78
65 1.88
66 1.88
67 0.89
68 0.89
69 0.93
70 0.93
71 0.83
72 0.83
73 1.79
74 1.79
75 1.24
76 1.24
77 1.07
78 1.07
79 2.29
80 2.29
81 1.00
82 1.00
83 1.52
84 1.52
85 2.03
86 2.03
87 1.78
88 1.78
89 1.04
90 1.04
91 1.42
92 1.42
93 1.86
94 1.86
95 1.46
96 1.46
97 1.45
98 1.45
99 1.04
100 1.04
101 1.54
102 1.54
