1	0.12
2	-0.43
3	-1.46
4	-1.64
5	-1.46
6	-1.28
7	-0.53
8	-1.00
9	-0.48
10	-1.91
11	-0.80
12	-1.26
13	-1.57
14	-1.15
15	-2.05
16	-0.94
17	-1.50
18	-1.06
19	-1.48
20	-0.49
21	-0.55
22	-1.31
23	-0.88
24	-1.30
25	-2.21
26	-0.88
27	-0.81
28	-1.31
29	-1.74
30	-1.53
31	-0.91
32	-1.09
33	-2.78
34	-2.02
35	-1.64
36	-1.49
37	-1.43
38	-1.69
39	-1.22
40	-1.58
41	-2.08
42	-1.78
43	-0.92
44	-0.74
45	-1.42
46	-2.00
47	-1.49
48	-0.32
49	-0.96
50	-0.48
51	-1.34
52	-1.85
53	-1.17
54	-1.75
55	-1.32
56	-0.91
57	-2.18
58	-1.15
59	-0.40
60	-1.17
61	-0.76
62	-1.22
63	-0.76
64	-0.98
65	-0.62
66	-0.72
67	-1.44
68	-0.09
69	-0.35
70	-1.22
71	-1.45
72	-1.62
73	-0.82
74	-1.36
75	-1.73
76	-1.82
77	-0.66
78	-1.96
79	-1.41
80	-0.88
81	-2.08
82	-1.81
83	-1.47
84	-1.61
85	-2.31
86	-0.90
87	-1.38
88	-0.95
89	-1.53
90	-1.29
91	-1.25
92	-1.46
93	-1.41
94	-1.71
95	-1.53
96	-1.82
97	-1.94
98	-1.66
99	-1.12
100	-2.17
101	-1.12
