1	1.37
2	-4.79
3	-2.14
4	5.63
5	8.13
6	4.68
7	-1.03
8	0.00
9	2.64
10	2.33
11	4.20
12	8.22
13	-5.07
14	2.10
15	4.31
16	-6.70
17	1.48
18	-3.51
19	-1.77
20	2.84
21	0.77
22	-1.01
23	-3.20
24	-0.86
25	1.71
26	-5.40
27	5.35
28	4.22
29	2.49
30	7.35
31	6.70
32	3.69
33	3.11
34	1.92
35	5.07
36	-0.58
37	3.48
38	10.14
39	-0.69
40	2.17
41	1.98
42	3.42
43	-3.23
44	0.40
45	5.54
46	4.56
47	2.07
48	-0.08
49	-6.03
50	-3.39
51	-0.81
52	-1.30
53	-4.95
54	3.24
55	5.15
56	-5.15
57	-7.57
58	2.78
59	-3.47
60	3.98
61	1.31
62	4.98
63	1.31
64	-2.85
65	3.56
66	1.11
67	-4.35
68	3.29
69	-1.23
70	10.63
71	2.78
72	3.89
73	15.59
74	0.09
75	2.01
76	5.28
77	-2.70
78	3.17
79	3.12
80	-0.77
81	0.86
82	5.64
83	0.20
84	8.14
85	4.88
86	-0.11
87	2.33
88	1.39
89	-2.99
90	3.34
91	2.67
92	1.00
93	12.91
94	3.72
95	2.56
96	-0.38
97	1.85
98	8.89
99	-5.27
100	12.94
101	-0.26
