1	152.83
2	182.4
3	133.72
4	150.23
5	122.19
6	113.45
7	149.22
8	139.10
9	134.91
10	142.51
11	155.88
12	153.92
13	148.66
14	149.50
15	155.19
16	156.79
17	145.66
18	159.10
19	161.42
20	156.92
21	162.73
22	129.90
23	152.02
24	145.10
25	172.43
26	136.99
27	145.80
28	145.67
29	151.47
30	159.10
31	122.80
32	143.03
33	124.00
34	136.57
35	135.62
36	145.47
37	142.89
38	154.78
39	172.82
40	139.09
41	149.69
42	152.93
43	126.84
44	138.14
45	147.26
46	160.11
47	162.75
48	145.43
49	110.34
50	160.30
51	166.37
