1 0.09
2 0.09
3 0.33
4 0.33
5 0.24
6 0.24
7 0.20
8 0.20
9 0.00
10 0.00
11 -0.02
12 -0.02
13 -0.10
14 -0.10
15 0.04
16 0.04
17 -0.06
18 -0.06
19 -0.03
20 -0.03
21 0.20
22 0.20
23 0.07
24 0.07
25 -0.14
26 -0.14
27 0.60
28 0.60
29 0.38
30 0.38
31 0.00
32 0.00
33 0.12
34 0.12
35 0.15
36 0.15
37 -0.50
38 -0.50
39 -0.02
40 -0.02
41 -0.04
42 -0.04
43 0.67
44 0.67
45 -0.21
46 -0.21
47 0.27
48 0.27
49 0.26
50 0.26
51 0.16
52 0.16
53 0.51
54 0.51
55 0.12
56 0.12
57 -0.11
58 -0.11
59 0.00
60 0.00
61 -0.31
62 -0.31
63 0.47
64 0.47
65 0.01
66 0.01
67 0.53
68 0.53
69 0.07
70 0.07
71 0.53
72 0.53
73 -0.23
74 -0.23
75 0.07
76 0.07
77 0.22
78 0.22
79 0.56
80 0.56
81 0.18
82 0.18
83 0.32
84 0.32
85 0.27
86 0.27
87 0.45
88 0.45
89 -0.14
90 -0.14
91 -0.17
92 -0.17
93 0.23
94 0.23
95 -0.54
96 -0.54
97 -0.18
98 -0.18
99 -0.29
100 -0.29
101 0.85
102 0.85
