1 1.70
2 1.70
3 1.65
4 1.65
5 0.91
6 0.91
7 1.67
8 1.67
9 0.71
10 0.71
11 1.35
12 1.35
13 2.45
14 2.45
15 1.50
16 1.50
17 0.40
18 0.40
19 2.01
20 2.01
21 1.08
22 1.08
23 0.96
24 0.96
25 -1.59
26 -1.59
27 1.23
28 1.23
29 0.96
30 0.96
31 0.94
32 0.94
33 1.97
34 1.97
35 -2.94
36 -2.94
37 0.14
38 0.14
39 4.53
40 4.53
41 3.66
42 3.66
43 -2.41
44 -2.41
45 -0.55
46 -0.55
47 2.14
48 2.14
49 -1.30
50 -1.30
51 -1.19
52 -1.19
53 -1.55
54 -1.55
55 1.98
56 1.98
57 2.80
58 2.80
59 1.73
60 1.73
61 1.19
62 1.19
63 -2.41
64 -2.41
65 -0.33
66 -0.33
67 -3.29
68 -3.29
69 0.52
70 0.52
71 1.54
72 1.54
73 2.28
74 2.28
75 -0.68
76 -0.68
77 0.53
78 0.53
79 -0.63
80 -0.63
81 0.06
82 0.06
83 1.01
84 1.01
85 2.63
86 2.63
87 2.03
88 2.03
89 5.16
90 5.16
91 0.72
92 0.72
93 0.11
94 0.11
95 -0.98
96 -0.98
97 1.78
98 1.78
99 -0.74
100 -0.74
101 0.16
102 0.16
