1 -2.15
2 -2.15
3 1.82
4 1.82
5 11.76
6 11.76
7 8.30
8 8.30
9 16.74
10 16.74
11 3.03
12 3.03
13 12.98
14 12.98
15 -15.55
16 -15.55
17 5.80
18 5.80
19 -6.80
20 -6.80
21 -3.95
22 -3.95
23 -14.64
24 -14.64
25 -0.95
26 -0.95
27 10.67
28 10.67
29 -15.40
30 -15.40
31 5.68
32 5.68
33 -8.85
34 -8.85
35 -13.73
36 -13.73
37 13.00
38 13.00
39 3.98
40 3.98
41 7.40
42 7.40
43 -24.43
44 -24.43
45 -10.24
46 -10.24
47 15.40
48 15.40
49 -30.87
50 -30.87
51 15.02
52 15.02
53 3.27
54 3.27
55 -15.66
56 -15.66
57 0.74
58 0.74
59 -23.24
60 -23.24
61 2.13
62 2.13
63 3.12
64 3.12
65 -11.13
66 -11.13
67 6.37
68 6.37
69 -1.26
70 -1.26
71 13.89
72 13.89
73 2.16
74 2.16
75 -15.54
76 -15.54
77 -1.62
78 -1.62
79 -9.46
80 -9.46
81 8.74
82 8.74
83 3.31
84 3.31
85 2.54
86 2.54
87 22.71
88 22.71
89 4.32
90 4.32
91 8.16
92 8.16
93 11.33
94 11.33
95 1.05
96 1.05
97 6.92
98 6.92
99 9.82
100 9.82
101 15.50
102 15.50
