1 0.26
2 0.26
3 -0.43
4 -0.43
5 0.12
6 0.12
7 0.33
8 0.33
9 0.13
10 0.13
11 -0.22
12 -0.22
13 -0.17
14 -0.17
15 0.35
16 0.35
17 0.23
18 0.23
19 0.10
20 0.10
21 -0.06
22 -0.06
23 0.15
24 0.15
25 0.07
26 0.07
27 0.35
28 0.35
29 0.70
30 0.70
31 0.31
32 0.31
33 0.07
34 0.07
35 0.09
36 0.09
37 0.14
38 0.14
39 0.14
40 0.14
41 0.07
42 0.07
43 0.34
44 0.34
45 0.35
46 0.35
47 0.33
48 0.33
49 0.87
50 0.87
51 -0.11
52 -0.11
53 0.42
54 0.42
55 0.25
56 0.25
57 0.51
58 0.51
59 0.33
60 0.33
61 0.26
62 0.26
63 0.20
64 0.20
65 -0.02
66 -0.02
67 0.73
68 0.73
69 0.10
70 0.10
71 0.35
72 0.35
73 -0.15
74 -0.15
75 0.55
76 0.55
77 0.26
78 0.26
79 0.08
80 0.08
81 0.01
82 0.01
83 -0.05
84 -0.05
85 0.21
86 0.21
87 -0.15
88 -0.15
89 0.00
90 0.00
91 0.22
92 0.22
93 -0.19
94 -0.19
95 0.51
96 0.51
97 0.18
98 0.18
99 0.02
100 0.02
101 0.41
102 0.41
