1	-46.47
2	-99.98
3	-95.61
4	-27.11
5	-92.95
6	-74.45
7	-14.01
8	-16.45
9	-111.97
10	-49.24
11	-45.77
12	-136.22
13	-24.99
14	-45.97
15	-94.17
16	-84.9
17	-76.2
18	-67.06
19	-72.63
20	-102.4
21	-114.97
22	-128.33
23	-52.58
24	NaN
25	-72.26
26	-61.54
27	-132.64
28	-115.99
29	-74.34
30	-75.41
31	-113.15
32	-93.88
33	-75.59
34	-108.43
35	-61.48
36	-76.26
37	-92.32
38	-76.08
39	-82.03
40	-105.73
41	-35.68
42	-91.8
43	-48.71
44	-6.20999999999998
45	-88.6
46	-99.77
47	-89.21
48	-27.51
49	-77.16
50	-60.15
51	-55.77
