1	250.86
2	244.28
3	238.54
4	255.88
5	241.92
6	253.82
7	255.49
8	246.54
9	248.25
10	246.69
11	267.78
12	250.76
13	256.24
14	246.86
15	258.25
16	249.6
17	242.15
18	255.49
19	258.11
20	245.49
21	249.4
22	244.7
23	243.22
24	250.33
25	241.13
26	247.74
27	244
28	257.56
29	244.23
30	257
31	256.08
32	246.13
33	239.65
34	242.49
35	252.78
36	262.72
37	250.46
38	257.74
39	245.33
40	243.74
41	253.27
42	239.82
43	251.92
44	251.45
45	253.56
46	247.89
47	249.29
48	257.04
49	238.11
50	256.85
51	233.46
52	241.95
53	250.48
54	244.76
55	260.94
56	267.45
57	256.02
58	255.55
59	249.14
60	254.77
61	246.69
62	248.29
63	262.54
64	257.34
65	249.64
66	242.5
67	242
68	233.68
69	256.41
70	255.99
71	267.97
72	259.86
73	250.51
74	260.14
75	241.76
76	262.32
77	240.44
78	256.28
79	257.62
80	237.6
81	269.21
82	254.65
83	242.41
84	253.39
85	264.65
86	250.27
87	243.27
88	257.02
89	238.2
90	254.43
91	255.6
92	249.59
93	241.06
94	232.98
95	240.1
96	253.58
97	254.58
98	244.06
99	242.68
100	257.98
101	246.46
