1 3.40
2 3.40
3 3.38
4 3.38
5 3.77
6 3.77
7 3.72
8 3.72
9 3.15
10 3.15
11 3.55
12 3.55
13 3.98
14 3.98
15 3.92
16 3.92
17 3.70
18 3.70
19 3.67
20 3.67
21 2.90
22 2.90
23 3.01
24 3.01
25 3.45
26 3.45
27 3.82
28 3.82
29 4.17
30 4.17
31 3.61
32 3.61
33 3.58
34 3.58
35 3.74
36 3.74
37 3.57
38 3.57
39 3.57
40 3.57
41 4.06
42 4.06
43 3.66
44 3.66
45 3.73
46 3.73
47 3.44
48 3.44
49 3.68
50 3.68
51 3.46
52 3.46
53 3.79
54 3.79
55 3.37
56 3.37
57 4.15
58 4.15
59 3.69
60 3.69
61 3.53
62 3.53
63 3.36
64 3.36
65 3.95
66 3.95
67 4.04
68 4.04
69 3.65
70 3.65
71 3.12
72 3.12
73 3.63
74 3.63
75 3.75
76 3.75
77 3.01
78 3.01
79 3.04
80 3.04
81 3.21
82 3.21
83 3.75
84 3.75
85 4.28
86 4.28
87 3.73
88 3.73
89 3.95
90 3.95
91 3.77
92 3.77
93 3.30
94 3.30
95 3.61
96 3.61
97 3.90
98 3.90
99 3.64
100 3.64
101 3.36
102 3.36
