1 -0.15
2 -0.15
3 -0.33
4 -0.33
5 0.23
6 0.23
7 -0.10
8 -0.10
9 -0.14
10 -0.14
11 0.02
12 0.02
13 -0.56
14 -0.56
15 -0.30
16 -0.30
17 -0.29
18 -0.29
19 -0.35
20 -0.35
21 -0.14
22 -0.14
23 -0.20
24 -0.20
25 0.00
26 0.00
27 -0.56
28 -0.56
29 -0.14
30 -0.14
31 -0.06
32 -0.06
33 0.04
34 0.04
35 -0.09
36 -0.09
37 -0.77
38 -0.77
39 0.04
40 0.04
41 -0.41
42 -0.41
43 -0.22
44 -0.22
45 0.26
46 0.26
47 -0.12
48 -0.12
49 -0.34
50 -0.34
51 -0.72
52 -0.72
53 0.12
54 0.12
55 0.23
56 0.23
57 -0.23
58 -0.23
59 -0.03
60 -0.03
61 0.04
62 0.04
63 -0.79
64 -0.79
65 -0.22
66 -0.22
67 -0.48
68 -0.48
69 -0.08
70 -0.08
71 -0.09
72 -0.09
73 0.29
74 0.29
75 -0.21
76 -0.21
77 -0.48
78 -0.48
79 0.36
80 0.36
81 -0.38
82 -0.38
83 -0.13
84 -0.13
85 -0.91
86 -0.91
87 -0.01
88 -0.01
89 -0.56
90 -0.56
91 -0.09
92 -0.09
93 0.58
94 0.58
95 0.12
96 0.12
97 -0.35
98 -0.35
99 -0.11
100 -0.11
101 -0.47
102 -0.47
