1	-1.34
2	-4.78
3	2.22
4	-3.90
5	3.53
6	-0.79
7	2.55
8	0.45
9	3.64
10	-5.69
11	-4.08
12	4.78
13	5.75
14	1.72
15	-5.22
16	5.27
17	-2.43
18	-3.29
19	3.98
20	3.22
21	6.27
22	6.21
23	-4.38
24	-6.37
25	-0.49
26	-0.06
27	-2.00
28	3.32
29	1.06
30	-1.84
31	5.76
32	7.38
33	-2.08
34	2.42
35	1.56
36	-0.27
37	-2.47
38	-10.14
39	0.60
40	-5.88
41	-2.57
42	-0.06
43	4.02
44	0.14
45	-4.35
46	1.99
47	0.22
48	5.29
49	2.99
50	-2.30
51	0.56
52	-2.08
53	15.62
54	12.51
55	2.55
56	11.26
57	5.27
58	2.41
59	9.21
60	-3.36
61	-1.71
62	-5.24
63	-9.44
64	2.92
65	2.18
66	-0.34
67	1.58
68	0.78
69	9.71
70	-4.56
71	2.97
72	0.39
73	4.70
74	0.59
75	5.53
76	-2.98
77	1.13
78	10.93
79	-5.31
80	5.16
81	0.94
82	3.07
83	10.78
84	-10.91
85	3.17
86	2.17
87	-3.19
88	2.49
89	0.74
90	11.94
91	-0.60
92	3.51
93	2.06
94	-2.64
95	2.19
96	-3.81
97	-0.78
98	-6.74
99	-3.50
100	4.09
101	5.80
