1	1.27
2	-8.90
3	8.18
4	11.26
5	7.95
6	7.28
7	1.82
8	-2.38
9	0.11
10	-5.11
11	3.22
12	4.28
13	3.80
14	7.38
15	6.16
16	7.69
17	9.31
18	-5.49
19	3.45
20	1.77
21	3.07
22	0.84
23	0.39
24	-1.98
25	-0.30
26	1.67
27	6.02
28	10.12
29	-5.09
30	11.83
31	-2.18
32	-3.85
33	6.06
34	5.65
35	-5.13
36	-4.08
37	5.66
38	2.61
39	7.53
40	18.18
41	-1.05
42	3.37
43	-6.03
44	5.72
45	7.09
46	0.22
47	9.19
48	-0.46
49	3.52
50	8.16
51	6.85
52	-7.03
53	-0.65
54	2.43
55	2.83
56	2.07
57	0.95
58	-1.66
59	1.66
60	11.89
61	0.96
62	5.30
63	10.18
64	7.01
65	-2.75
66	-0.99
67	4.69
68	0.34
69	-0.72
70	12.00
71	7.87
72	9.55
73	-0.26
74	0.68
75	4.35
76	0.79
77	2.98
78	-3.62
79	1.21
80	2.41
81	7.75
82	6.76
83	2.82
84	4.04
85	16.90
86	8.04
87	-11.28
88	-1.30
89	-4.27
90	0.95
91	6.66
92	8.98
93	14.20
94	4.85
95	0.70
96	8.99
97	5.28
98	7.42
99	1.43
100	5.48
101	4.26
