1	0.11
2	-0.20
3	0.28
4	0.24
5	0.26
6	0.10
7	0.08
8	0.22
9	0.17
10	-0.06
11	0.08
12	0.14
13	0.23
14	0.24
15	0.05
16	0.28
17	0.13
18	-0.09
19	0.10
20	0.15
21	0.31
22	0.10
23	0.08
24	0.01
25	-0.12
26	0.00
27	0.07
28	0.16
29	0.04
30	0.31
31	0.16
32	0.15
33	0.15
34	0.27
35	-0.03
36	0.06
37	0.02
38	0.01
39	0.18
40	0.18
41	0.01
42	0.03
43	-0.02
44	0.16
45	0.14
46	0.08
47	0.27
48	0.09
49	0.15
50	0.31
51	0.11
52	-0.07
53	0.21
54	0.09
55	0.09
56	0.24
57	0.24
58	0.00
59	0.29
60	0.20
61	0.14
62	0.00
63	0.09
64	0.11
65	0.00
66	0.11
67	0.18
68	0.16
69	0.09
70	0.24
71	0.17
72	0.28
73	0.14
74	0.00
75	0.24
76	0.08
77	0.14
78	-0.01
79	0.01
80	0.18
81	0.25
82	0.09
83	0.25
84	0.17
85	0.26
86	0.13
87	-0.09
88	0.29
89	-0.01
90	0.15
91	0.14
92	0.27
93	0.36
94	0.08
95	-0.03
96	0.10
97	0.15
98	0.18
99	0.12
100	0.11
101	0.45
