1	166.92
2	173.06
3	182.52
4	183.68
5	176.02
6	193.86
7	165.76
8	179.59
9	169.84
10	175.40
11	156.09
12	153.74
13	163.98
14	156.45
15	174.83
16	165.22
17	168.65
18	167.29
19	171.99
20	183.14
21	185.06
22	162.84
23	175.28
24	168.14
25	174.05
26	175.44
27	176.47
28	181.45
29	175.06
30	172.84
31	175.88
32	173.95
33	169.46
34	172.59
35	176.77
36	174.90
37	165.01
38	179.55
39	168.92
40	160.42
41	184.53
42	183.32
43	184.43
44	173.36
45	176.27
46	169.63
47	159.77
48	186.22
49	174.91
50	167.80
51	166.87
