1 39.02
2 39.02
3 44.40
4 44.40
5 35.04
6 35.04
7 34.71
8 34.71
9 40.14
10 40.14
11 27.83
12 27.83
13 42.31
14 42.31
15 32.24
16 32.24
17 30.21
18 30.21
19 29.23
20 29.23
21 21.78
22 21.78
23 30.11
24 30.11
25 28.41
26 28.41
27 34.58
28 34.58
29 47.40
30 47.40
31 44.98
32 44.98
33 33.45
34 33.45
35 45.34
36 45.34
37 43.07
38 43.07
39 35.11
40 35.11
41 27.67
42 27.67
43 35.67
44 35.67
45 26.22
46 26.22
47 40.49
48 40.49
49 42.49
50 42.49
51 45.59
52 45.59
53 40.94
54 40.94
55 34.09
56 34.09
57 41.20
58 41.20
59 36.08
60 36.08
61 35.58
62 35.58
63 36.46
64 36.46
65 42.35
66 42.35
67 25.17
68 25.17
69 41.95
70 41.95
71 43.98
72 43.98
73 34.12
74 34.12
75 35.34
76 35.34
77 37.29
78 37.29
79 39.92
80 39.92
81 41.74
82 41.74
83 33.87
84 33.87
85 39.44
86 39.44
87 41.77
88 41.77
89 30.54
90 30.54
91 36.34
92 36.34
93 33.46
94 33.46
95 32.71
96 32.71
97 30.41
98 30.41
99 42.94
100 42.94
101 39.14
102 39.14
103 28.29
104 28.29
105 37.97
106 37.97
107 40.33
108 40.33
109 37.07
110 37.07
111 44.13
112 44.13
113 40.49
114 40.49
115 38.35
116 38.35
117 33.30
118 33.30
119 45.65
120 45.65
121 39.45
122 39.45
123 22.87
124 22.87
125 34.57
126 34.57
127 27.26
128 27.26
129 36.11
130 36.11
131 41.79
132 41.79
133 24.18
134 24.18
135 44.11
136 44.11
137 36.22
138 36.22
139 37.20
140 37.20
141 31.33
142 31.33
143 28.98
144 28.98
145 30.44
146 30.44
147 42.70
148 42.70
149 40.45
150 40.45
151 41.15
152 41.15
153 33.43
154 33.43
155 37.48
156 37.48
157 27.84
158 27.84
159 32.45
160 32.45
161 34.28
162 34.28
163 38.46
164 38.46
165 37.24
166 37.24
167 37.51
168 37.51
169 43.12
170 43.12
171 32.29
172 32.29
173 40.53
174 40.53
175 38.38
176 38.38
177 47.07
178 47.07
179 37.00
180 37.00
181 35.75
182 35.75
183 27.71
184 27.71
185 43.86
186 43.86
187 38.39
188 38.39
189 25.82
190 25.82
191 31.01
192 31.01
193 23.56
194 23.56
195 26.89
196 26.89
197 36.39
198 36.39
199 37.09
200 37.09
201 43.48
202 43.48
