1	247.36
2	239.71
3	248.92
4	242.43
5	248.27
6	245.58
7	249.14
8	244.48
9	248.31
10	241.53
11	249.33
12	245.89
13	251.52
14	253.76
15	247.25
16	246.12
17	237.66
18	246.39
19	250.95
20	252.9
21	250.15
22	242.72
23	254.41
24	249.64
25	255.13
26	236.82
27	242.72
28	244.59
29	247.34
30	249.11
31	247.68
32	242.77
33	248.93
34	249.49
35	244.99
36	248.21
37	242.01
38	246.76
39	244.27
40	251.16
41	242.81
42	250.86
43	249.08
44	250.08
45	241.35
46	251.57
47	257.49
48	253.12
49	243.71
50	253.04
51	251.95
