1 -0.53
2 -0.53
3 -1.46
4 -1.46
5 -0.99
6 -0.99
7 -0.83
8 -0.83
9 -1.44
10 -1.44
11 -0.98
12 -0.98
13 -0.69
14 -0.69
15 -1.24
16 -1.24
17 -1.04
18 -1.04
19 -1.69
20 -1.69
21 -1.24
22 -1.24
23 -1.40
24 -1.40
25 -0.87
26 -0.87
27 -1.30
28 -1.30
29 -1.08
30 -1.08
31 -1.01
32 -1.01
33 -0.76
34 -0.76
35 -1.22
36 -1.22
37 -1.09
38 -1.09
39 -1.08
40 -1.08
41 -1.21
42 -1.21
43 -1.05
44 -1.05
45 -1.32
46 -1.32
47 -1.26
48 -1.26
49 -0.99
50 -0.99
51 -1.34
52 -1.34
53 -0.87
54 -0.87
55 -0.64
56 -0.64
57 -0.96
58 -0.96
59 -1.45
60 -1.45
61 -1.21
62 -1.21
63 -0.91
64 -0.91
65 -1.28
66 -1.28
67 -1.01
68 -1.01
69 -1.52
70 -1.52
71 -1.59
72 -1.59
73 -1.49
74 -1.49
75 -1.38
76 -1.38
77 -1.19
78 -1.19
79 -1.27
80 -1.27
81 -1.29
82 -1.29
83 -1.11
84 -1.11
85 -0.95
86 -0.95
87 -0.75
88 -0.75
89 -1.11
90 -1.11
91 -1.31
92 -1.31
93 -1.02
94 -1.02
95 -1.43
96 -1.43
97 -1.20
98 -1.20
99 -1.32
100 -1.32
101 -1.38
102 -1.38
103 -0.97
104 -0.97
105 -1.27
106 -1.27
107 -1.17
108 -1.17
109 -1.23
110 -1.23
111 -1.49
112 -1.49
113 -1.66
114 -1.66
115 -0.90
116 -0.90
117 -0.76
118 -0.76
119 -0.86
120 -0.86
121 -1.37
122 -1.37
123 -1.28
124 -1.28
125 -1.10
126 -1.10
127 -0.52
128 -0.52
129 -1.22
130 -1.22
131 -1.45
132 -1.45
133 -1.37
134 -1.37
135 -0.79
136 -0.79
137 -0.88
138 -0.88
139 -1.16
140 -1.16
141 -1.06
142 -1.06
143 -0.52
144 -0.52
145 -0.57
146 -0.57
147 -1.05
148 -1.05
149 -1.03
150 -1.03
151 -1.47
152 -1.47
153 -1.25
154 -1.25
155 -1.30
156 -1.30
157 -1.27
158 -1.27
159 -0.82
160 -0.82
161 -1.27
162 -1.27
163 -0.93
164 -0.93
165 -0.70
166 -0.70
167 -1.13
168 -1.13
169 -1.16
170 -1.16
171 -0.83
172 -0.83
173 -1.61
174 -1.61
175 -1.48
176 -1.48
177 -0.94
178 -0.94
179 -0.97
180 -0.97
181 -1.16
182 -1.16
183 -0.86
184 -0.86
185 -1.26
186 -1.26
187 -1.29
188 -1.29
189 -1.12
190 -1.12
191 -1.24
192 -1.24
193 -1.00
194 -1.00
195 -1.02
196 -1.02
197 -1.34
198 -1.34
199 -1.03
200 -1.03
201 -0.92
202 -0.92
