1 -0.54
2 -0.54
3 -0.37
4 -0.37
5 2.75
6 2.75
7 -1.87
8 -1.87
9 -2.02
10 -2.02
11 -2.73
12 -2.73
13 -2.44
14 -2.44
15 -1.88
16 -1.88
17 -1.72
18 -1.72
19 -3.46
20 -3.46
21 -0.67
22 -0.67
23 -2.19
24 -2.19
25 1.17
26 1.17
27 -2.17
28 -2.17
29 -2.44
30 -2.44
31 -0.20
32 -0.20
33 -2.51
34 -2.51
35 -1.44
36 -1.44
37 -0.49
38 -0.49
39 -1.37
40 -1.37
41 2.60
42 2.60
43 -1.02
44 -1.02
45 -2.43
46 -2.43
47 0.77
48 0.77
49 0.11
50 0.11
51 2.55
52 2.55
53 -3.19
54 -3.19
55 -2.22
56 -2.22
57 -0.67
58 -0.67
59 0.77
60 0.77
61 0.22
62 0.22
63 -1.45
64 -1.45
65 0.13
66 0.13
67 -2.29
68 -2.29
69 -1.12
70 -1.12
71 -4.56
72 -4.56
73 -1.44
74 -1.44
75 -1.56
76 -1.56
77 -0.91
78 -0.91
79 -0.50
80 -0.50
81 0.24
82 0.24
83 1.22
84 1.22
85 -1.41
86 -1.41
87 -2.52
88 -2.52
89 -0.55
90 -0.55
91 0.28
92 0.28
93 1.12
94 1.12
95 -1.54
96 -1.54
97 2.08
98 2.08
99 -0.60
100 -0.60
101 -1.84
102 -1.84
103 -3.00
104 -3.00
105 -1.63
106 -1.63
107 -1.61
108 -1.61
109 -0.79
110 -0.79
111 -2.68
112 -2.68
113 -1.85
114 -1.85
115 -1.20
116 -1.20
117 -3.68
118 -3.68
119 -0.42
120 -0.42
121 -1.36
122 -1.36
123 -1.13
124 -1.13
125 -1.26
126 -1.26
127 -2.57
128 -2.57
129 -3.50
130 -3.50
131 -2.45
132 -2.45
133 2.19
134 2.19
135 -0.57
136 -0.57
137 -0.74
138 -0.74
139 0.40
140 0.40
141 -3.85
142 -3.85
143 -0.36
144 -0.36
145 -2.82
146 -2.82
147 -0.31
148 -0.31
149 3.05
150 3.05
151 -1.38
152 -1.38
153 0.70
154 0.70
155 -0.19
156 -0.19
157 0.21
158 0.21
159 -1.00
160 -1.00
161 2.91
162 2.91
163 -0.18
164 -0.18
165 -2.25
166 -2.25
167 -1.52
168 -1.52
169 1.04
170 1.04
171 0.01
172 0.01
173 0.49
174 0.49
175 -0.79
176 -0.79
177 -0.98
178 -0.98
179 -2.34
180 -2.34
181 -1.43
182 -1.43
183 -0.76
184 -0.76
185 -0.74
186 -0.74
187 -1.24
188 -1.24
189 -0.81
190 -0.81
191 2.29
192 2.29
193 -0.10
194 -0.10
195 0.83
196 0.83
197 0.01
198 0.01
199 -2.91
200 -2.91
201 -1.53
202 -1.53
