1	58.22
2	47.63
3	54.51
4	59.64
5	48.95
6	60.45
7	58.01
8	59.17
9	68.82
10	62.31
11	54.26
12	45.02
13	57.92
14	66.62
15	53.60
16	76.83
17	41.49
18	59.39
19	66.79
20	65.71
21	53.08
22	55.99
23	50.33
24	45.68
25	54.13
26	51.82
27	60.22
28	51.08
29	56.44
30	59.62
31	61.57
32	50.10
33	51.76
34	62.56
35	55.02
36	58.83
37	89.68
38	58.73
39	65.39
40	53.02
41	53.65
42	67.98
43	46.20
44	52.08
45	72.22
46	60.96
47	49.66
48	56.57
49	57.84
50	61.91
51	53.11
52	59.93
53	55.92
54	47.90
55	49.51
56	49.45
57	65.65
58	70.53
59	47.94
60	45.24
61	54.22
62	56.29
63	53.14
64	74.91
65	59.39
66	50.92
67	61.56
68	54.68
69	55.40
70	53.51
71	66.08
72	66.10
73	51.17
74	55.29
75	52.80
76	56.39
77	65.19
78	53.51
79	64.26
80	47.16
81	53.58
82	67.17
83	54.78
84	56.71
85	64.93
86	52.02
87	60.35
88	57.25
89	57.07
90	53.16
91	68.54
92	48.83
93	46.59
94	47.24
95	54.04
96	62.09
97	65.07
98	58.20
99	59.85
100	55.30
101	54.72
