1	-1.67
2	-8.39
3	-7.37
4	-4.85
5	-7.66
6	0.66
7	-0.74
8	-16.53
9	-8.82
10	-6.33
11	-1.02
12	1.78
13	-9.11
14	0.03
15	-1.30
16	1.36
17	-10.89
18	-0.64
19	-8.56
20	-0.79
21	-2.99
22	-9.25
23	-7.89
24	-4.67
25	4.43
26	-6.59
27	3.19
28	-2.41
29	-4.47
30	-6.27
31	-9.81
32	-2.58
33	-1.77
34	-3.94
35	3.64
36	1.68
37	2.71
38	-4.07
39	-3.37
40	-2.37
41	-6.04
42	-8.17
43	-2.78
44	-5.33
45	-0.01
46	-2.80
47	-1.45
48	-3.14
49	2.70
50	1.64
51	-5.09
52	-1.29
53	9.12
54	0.86
55	-7.17
56	-0.82
57	-4.59
58	1.00
59	-3.36
60	-0.39
61	2.33
62	-6.34
63	-2.15
64	-7.16
65	-5.18
66	-1.12
67	-7.00
68	-5.26
69	-3.24
70	-6.22
71	-2.07
72	-8.08
73	-8.93
74	-5.63
75	0.99
76	-2.18
77	-6.38
78	-8.26
79	-5.13
80	-7.48
81	-3.86
82	-8.53
83	-6.80
84	1.13
85	-3.46
86	-5.64
87	-5.99
88	-4.51
89	-3.69
90	-4.64
91	3.12
92	-11.80
93	0.92
94	-8.15
95	-12.35
96	-6.10
97	-11.90
98	-2.98
99	-7.42
100	-3.68
101	-2.32
