1 -1.15
2 -1.15
3 -1.13
4 -1.13
5 -1.11
6 -1.11
7 -1.13
8 -1.13
9 -1.13
10 -1.13
11 -1.15
12 -1.15
13 -1.10
14 -1.10
15 -1.15
16 -1.15
17 -1.12
18 -1.12
19 -1.13
20 -1.13
21 -1.11
22 -1.11
23 -1.12
24 -1.12
25 -1.12
26 -1.12
27 -1.12
28 -1.12
29 -1.13
30 -1.13
31 -1.17
32 -1.17
33 -1.15
34 -1.15
35 -1.15
36 -1.15
37 -1.11
38 -1.11
39 -1.10
40 -1.10
41 -1.14
42 -1.14
43 -1.15
44 -1.15
45 -1.14
46 -1.14
47 -1.14
48 -1.14
49 -1.11
50 -1.11
51 -1.15
52 -1.15
53 -1.11
54 -1.11
55 -1.13
56 -1.13
57 -1.13
58 -1.13
59 -1.13
60 -1.13
61 -1.10
62 -1.10
63 -1.12
64 -1.12
65 -1.14
66 -1.14
67 -1.13
68 -1.13
69 -1.14
70 -1.14
71 -1.12
72 -1.12
73 -1.12
74 -1.12
75 -1.12
76 -1.12
77 -1.14
78 -1.14
79 -1.11
80 -1.11
81 -1.12
82 -1.12
83 -1.13
84 -1.13
85 -1.12
86 -1.12
87 -1.09
88 -1.09
89 -1.14
90 -1.14
91 -1.11
92 -1.11
93 -1.12
94 -1.12
95 -1.15
96 -1.15
97 -1.15
98 -1.15
99 -1.14
100 -1.14
101 -1.12
102 -1.12
