1	181.53
2	186.95
3	181.84
4	178.94
5	176.11
6	175.15
7	171.29
8	172.27
9	174.03
10	169.63
11	172.94
12	176.37
13	191.62
14	175.31
15	178.37
16	174.07
17	172.84
18	185.82
19	178.68
20	172.69
21	175.43
22	181.39
23	167.31
24	179.11
25	177.46
26	177.54
27	178.11
28	170.99
29	167.24
30	184.6
31	167.54
32	168.64
33	179.00
34	198.32
35	212.11
36	172.96
37	171.37
38	180.13
39	174.47
40	176.40
41	192.05
42	180.13
43	195.09
44	190.66
45	168.04
46	199.16
47	169.59
48	180.23
49	164.87
50	164.61
51	176.89
52	178.76
53	183.09
54	171.66
55	167.04
56	186.36
57	169.32
58	171.57
59	170.11
60	178.82
61	174.19
62	176.75
63	200.91
64	182
65	177.31
66	182.17
67	167.66
68	172.26
69	171.38
70	180.89
71	182.45
72	194.94
73	175.37
74	186.46
75	187.71
76	168.05
77	180.17
78	172.12
79	170.12
80	185.54
81	185.75
82	170.46
83	181.09
84	183.64
85	178.43
86	172.29
87	178.94
88	182.9
89	174.99
90	172.83
91	168.40
92	173.39
93	186.77
94	174.80
95	175.48
96	171.02
97	188.26
98	162.23
99	169.39
100	185.68
101	185.9
