1	171.09
2	175.07
3	174.60
4	170.11
5	174.50
6	172.57
7	172.52
8	173.47
9	171.91
10	173.68
11	162.95
12	171.06
13	176.27
14	175.13
15	173.57
16	167.30
17	177.10
18	172.62
19	173.72
20	168.60
21	173.16
22	175.02
23	174.72
24	171.77
25	172.35
26	176.41
27	174.35
28	169.82
29	168.38
30	176.27
31	170.84
32	174.63
33	169.37
34	170.38
35	174.82
36	175.79
37	173.36
38	170.93
39	170.99
40	177.06
41	170.76
42	173.88
43	175.04
44	175.33
45	176.62
46	173.17
47	173.83
48	176.40
49	171.70
50	171.40
51	173.49
