1	168.69
2	158.35
3	160.40
4	165.38
5	159.60
6	165.13
7	177.67
8	180.24
9	159.30
10	142.71
11	162.96
12	171.74
13	153.33
14	159.67
15	166.15
16	161.60
17	183.03
18	155.37
19	168.70
20	170.11
21	164.66
22	167.79
23	140.55
24	165.46
25	170.94
26	174.97
27	162.67
28	165.03
29	187.2
30	147.69
31	165.01
32	176.33
33	171.29
34	169.10
35	176.23
36	180.41
37	169.57
38	161.78
39	162.22
40	160.63
41	164.82
42	170.01
43	154.88
44	167.25
45	162.86
46	171.41
47	164.03
48	146.04
49	160.64
50	171.88
51	171.31
