1	249.68
2	150.03
3	221.26
4	210.68
5	180.19
6	172.10
7	169.62
8	172.91
9	180.69
10	158.80
11	194.44
12	180.03
13	171.98
14	209.63
15	176.15
16	197.02
17	265.5
18	216.18
19	195.72
20	174.32
21	247.93
22	176.82
23	195.91
24	197.37
25	188.91
26	186.51
27	208.59
28	157.34
29	183.69
30	187.63
31	192.05
32	193.72
33	169.75
34	209.87
35	201.34
36	182.88
37	176.78
38	163.45
39	157.73
40	177.04
41	182.42
42	270.92
43	193.72
44	185.28
45	177.61
46	184.85
47	180.68
48	188.05
49	165.24
50	163.76
51	205.68
