1	4.59
2	5.84
3	3.82
4	5.01
5	NaN
6	3.45
7	2.36
8	5.73
9	5.05
10	4.40
11	5.72
12	3.49
13	3.79
14	8.47
15	8.37
16	8.24
17	5.98
18	3.54
19	6.05
20	7.10
21	6.12
22	6.58
23	6.83
24	7.43
25	7.25
26	1.51
27	6.33
28	2.66
29	0.96
30	3.85
31	4.64
32	1.74
33	9.73
34	1.04
35	1.94
36	8.92
37	7.40
38	3.52
39	6.83
40	3.93
41	1.75
42	6.58
43	8.12
44	6.70
45	6.83
46	2.40
47	6.74
48	6.95
49	5.89
50	7.78
51	7.91
52	7.78
53	8.65
54	8.81
55	7.07
56	8.15
57	9.33
58	7.16
59	7.30
60	8.64
61	7.98
62	6.92
63	7.11
64	6.08
65	5.85
66	2.74
67	6.13
68	7.35
69	5.18
70	2.83
71	6.55
72	3.84
73	4.16
74	5.09
75	3.22
76	3.18
77	5.19
78	2.27
79	5.52
80	3.50
81	3.09
82	2.66
83	2.55
84	1.37
85	3.07
86	4.18
87	3.03
88	5.03
89	1.70
90	3.69
91	3.89
92	4.94
93	3.05
94	2.30
95	6.91
96	7.07
97	5.14
98	5.67
99	7.27
100	3.28
101	7.66
