1	5.18
2	6.84
3	8.15
4	7.55
5	4.94
6	7.32
7	7.37
8	8.01
9	8.14
10	6.98
11	8.06
12	6.18
13	7.43
14	7.28
15	9.49
16	7.00
17	7.17
18	7.27
19	6.00
20	8.85
21	8.73
22	7.95
23	6.15
24	7.07
25	7.98
26	7.16
27	6.48
28	7.85
29	8.41
30	4.36
31	7.30
32	8.30
33	8.36
34	8.83
35	7.69
36	7.39
37	8.15
38	8.06
39	7.49
40	5.74
41	7.83
42	8.27
43	6.19
44	4.25
45	6.99
46	8.61
47	7.90
48	8.35
49	7.97
50	7.51
51	9.59
52	7.85
53	7.53
54	8.44
55	8.55
56	6.83
57	7.01
58	7.91
59	8.62
60	8.35
61	7.88
62	8.03
63	7.44
64	9.77
65	7.00
66	8.21
67	8.25
68	7.04
69	5.77
70	9.68
71	6.74
72	8.73
73	7.27
74	7.50
75	6.65
76	5.72
77	7.38
78	7.89
79	6.73
80	5.20
81	5.15
82	8.76
83	5.89
84	6.51
85	5.04
86	5.66
87	7.88
88	7.21
89	7.52
90	7.05
91	6.97
92	3.58
93	2.88
94	6.76
95	7.36
96	9.09
97	7.95
98	4.55
99	7.85
100	8.64
101	5.02
