1 -1.40
2 -1.40
3 2.86
4 2.86
5 -1.65
6 -1.65
7 5.96
8 5.96
9 -5.91
10 -5.91
11 -7.70
12 -7.70
13 -9.02
14 -9.02
15 6.86
16 6.86
17 3.99
18 3.99
19 -3.47
20 -3.47
21 -8.96
22 -8.96
23 -6.32
24 -6.32
25 -2.06
26 -2.06
27 -5.97
28 -5.97
29 -5.92
30 -5.92
31 3.81
32 3.81
33 5.11
34 5.11
35 -1.77
36 -1.77
37 -8.83
38 -8.83
39 -5.64
40 -5.64
41 -2.04
42 -2.04
43 4.39
44 4.39
45 -6.65
46 -6.65
47 -3.44
48 -3.44
49 3.99
50 3.99
51 -5.05
52 -5.05
53 1.81
54 1.81
55 -5.01
56 -5.01
57 -1.52
58 -1.52
59 4.46
60 4.46
61 2.77
62 2.77
63 0.25
64 0.25
65 2.50
66 2.50
67 -0.38
68 -0.38
69 -2.86
70 -2.86
71 -9.99
72 -9.99
73 -0.58
74 -0.58
75 -5.57
76 -5.57
77 2.16
78 2.16
79 -2.54
80 -2.54
81 -1.10
82 -1.10
83 -11.74
84 -11.74
85 -0.53
86 -0.53
87 5.32
88 5.32
89 4.67
90 4.67
91 5.28
92 5.28
93 1.07
94 1.07
95 -1.44
96 -1.44
97 0.98
98 0.98
99 -5.29
100 -5.29
101 -4.65
102 -4.65
