1 0.31
2 0.31
3 0.33
4 0.33
5 0.31
6 0.31
7 0.38
8 0.38
9 0.16
10 0.16
11 0.14
12 0.14
13 0.21
14 0.21
15 0.36
16 0.36
17 0.34
18 0.34
19 0.29
20 0.29
21 0.13
22 0.13
23 0.18
24 0.18
25 0.28
26 0.28
27 0.21
28 0.21
29 0.20
30 0.20
31 0.32
32 0.32
33 0.38
34 0.38
35 0.22
36 0.22
37 0.21
38 0.21
39 0.22
40 0.22
41 0.22
42 0.22
43 0.30
44 0.30
45 0.21
46 0.21
47 0.18
48 0.18
49 0.43
50 0.43
51 0.29
52 0.29
53 0.39
54 0.39
55 0.23
56 0.23
57 0.30
58 0.30
59 0.37
60 0.37
61 0.31
62 0.31
63 0.27
64 0.27
65 0.35
66 0.35
67 0.26
68 0.26
69 0.21
70 0.21
71 0.12
72 0.12
73 0.25
74 0.25
75 0.16
76 0.16
77 0.42
78 0.42
79 0.31
80 0.31
81 0.23
82 0.23
83 0.17
84 0.17
85 0.32
86 0.32
87 0.44
88 0.44
89 0.39
90 0.39
91 0.44
92 0.44
93 0.32
94 0.32
95 0.23
96 0.23
97 0.28
98 0.28
99 0.17
100 0.17
101 0.21
102 0.21
