1 0.51
2 0.51
3 -1.29
4 -1.29
5 0.29
6 0.29
7 1.04
8 1.04
9 -1.36
10 -1.36
11 0.51
12 0.51
13 0.54
14 0.54
15 0.43
16 0.43
17 0.70
18 0.70
19 0.98
20 0.98
21 -1.95
22 -1.95
23 -0.25
24 -0.25
25 0.18
26 0.18
27 0.24
28 0.24
29 0.10
30 0.10
31 0.26
32 0.26
33 0.49
34 0.49
35 -1.00
36 -1.00
37 0.10
38 0.10
39 -0.72
40 -0.72
41 0.63
42 0.63
43 0.77
44 0.77
45 -0.40
46 -0.40
47 -0.23
48 -0.23
49 1.87
50 1.87
51 0.89
52 0.89
53 1.13
54 1.13
55 0.16
56 0.16
57 0.79
58 0.79
59 1.60
60 1.60
61 0.24
62 0.24
63 0.57
64 0.57
65 1.12
66 1.12
67 -0.14
68 -0.14
69 -0.44
70 -0.44
71 -0.22
72 -0.22
73 -0.24
74 -0.24
75 -0.78
76 -0.78
77 1.25
78 1.25
79 -0.09
80 -0.09
81 1.93
82 1.93
83 -0.08
84 -0.08
85 -0.23
86 -0.23
87 1.73
88 1.73
89 1.86
90 1.86
91 2.26
92 2.26
93 0.30
94 0.30
95 0.38
96 0.38
97 -0.45
98 -0.45
99 -0.72
100 -0.72
101 0.67
102 0.67
