1	-58.01
2	-62.48
3	-89.9
4	-100.71
5	-55.94
6	-104.58
7	-88.23
8	-78.12
9	-98.73
10	-113.92
11	-80.85
12	-3.28999999999999
13	-82.12
14	-67.18
15	-117.01
16	-82.06
17	-94.43
18	-84.4
19	-78.88
20	41.23
21	-53.99
22	-78.2
23	-74.2
24	-61.43
25	-49.84
26	-88.62
27	-91.18
28	-132.44
29	-89.57
30	-113.41
31	-61.85
32	-91.1
33	-93.68
34	-96.99
35	-62.97
36	-74.08
37	-75.14
38	-79.68
39	-131.63
40	-48.5
41	-92.3
42	-21.99
43	-93.04
44	-118.41
45	-90.57
46	-101.88
47	-90.74
48	-66.6
49	-108.07
50	-38.95
51	-90.97
