1	3.22
2	3.22
3	2.94
4	3.43
5	3.70
6	3.32
7	3.34
8	4.24
9	2.94
10	2.54
11	3.15
12	3.25
13	2.80
14	3.36
15	2.33
16	3.51
17	3.57
18	3.26
19	3.43
20	2.90
21	3.35
22	3.46
23	3.15
24	3.17
25	3.13
26	3.65
27	3.34
28	3.21
29	2.81
30	3.06
31	2.89
32	3.26
33	3.33
34	2.45
35	2.70
36	2.48
37	3.29
38	1.80
39	2.56
40	3.23
41	2.50
42	3.37
43	3.06
44	3.84
45	3.05
46	2.92
47	2.89
48	3.08
49	3.48
50	4.11
51	3.76
52	3.42
53	3.50
54	3.18
55	2.33
56	2.21
57	3.62
58	3.20
59	3.63
60	3.22
61	3.68
62	2.81
63	3.43
64	3.63
65	2.21
66	2.72
67	3.41
68	3.26
69	3.48
70	2.30
71	3.87
72	2.76
73	3.00
74	2.45
75	3.41
76	3.22
77	3.40
78	3.29
79	2.32
80	3.35
81	3.53
82	2.83
83	3.01
84	3.31
85	2.99
86	3.57
87	2.53
88	3.25
89	2.79
90	3.51
91	3.51
92	3.74
93	3.01
94	3.08
95	3.92
96	3.24
97	2.56
98	2.22
99	2.74
100	2.64
101	2.30
