1	-0.30
2	-0.60
3	-0.47
4	0.16
5	-0.85
6	-0.48
7	-0.57
8	-0.53
9	-0.43
10	-0.87
11	-0.48
12	-0.11
13	-0.64
14	-0.49
15	-1.03
16	-0.29
17	-0.55
18	-0.37
19	-0.40
20	-0.66
21	-0.23
22	-0.80
23	-0.15
24	-0.39
25	-1.05
26	-0.47
27	-0.86
28	-0.73
29	-0.76
30	-0.64
31	-0.43
32	-0.52
33	-0.68
34	-0.85
35	-0.57
36	-0.83
37	-0.37
38	-0.93
39	-0.86
40	-0.55
41	-0.57
42	-0.64
43	-1.02
44	-0.09
45	-0.41
46	-0.51
47	-0.55
48	-0.22
49	-0.67
50	-0.31
51	0.23
52	-1.10
53	-0.95
54	-0.58
55	-0.57
56	-1.15
57	-0.23
58	-0.37
59	-0.17
60	-0.44
61	-0.35
62	-0.66
63	-0.48
64	-0.22
65	-1.02
66	-0.65
67	-0.51
68	-0.35
69	-0.67
70	-0.45
71	-0.69
72	-0.97
73	0.00
74	-0.58
75	-0.84
76	-0.61
77	-0.47
78	-0.51
79	-0.54
80	-0.23
81	-0.91
82	-0.80
83	-0.41
84	-0.39
85	-1.10
86	-0.54
87	-0.85
88	-0.59
89	-0.40
90	-0.05
91	-0.04
92	-0.27
93	-0.91
94	-0.35
95	-0.09
96	-0.61
97	-0.95
98	-0.61
99	-0.30
100	-1.09
101	-0.81
