1	3.55
2	6.20
3	NaN
4	3.25
5	4.24
6	6.41
7	7.12
8	6.61
9	7.29
10	4.71
11	5.68
12	5.76
13	6.18
14	5.14
15	8.36
16	8.57
17	8.41
18	1.85
19	8.04
20	8.80
21	4.39
22	6.35
23	7.17
24	7.84
25	6.57
26	7.38
27	3.25
28	5.24
29	6.07
30	6.40
31	5.29
32	6.79
33	9.47
34	8.53
35	5.70
36	8.80
37	8.99
38	7.62
39	7.59
40	7.17
41	4.91
42	9.13
43	8.28
44	9.05
45	8.82
46	7.59
47	9.24
48	8.83
49	8.11
50	8.95
51	8.75
52	9.03
53	8.74
54	9.40
55	9.22
56	8.08
57	10.45
58	8.69
59	8.18
60	9.77
61	9.67
62	9.40
63	7.30
64	6.90
65	5.49
66	5.46
67	7.03
68	6.58
69	5.77
70	7.42
71	6.71
72	5.40
73	NaN
74	5.39
75	6.24
76	5.81
77	4.31
78	4.53
79	5.97
80	6.44
81	4.16
82	4.24
83	4.07
84	6.06
85	6.71
86	NaN
87	6.41
88	5.42
89	6.28
90	5.93
91	5.98
92	3.43
93	6.27
94	5.58
95	8.03
96	7.11
97	NaN
98	4.44
99	7.90
100	7.51
101	7.65
