1	5.30
2	4.03
3	5.54
4	4.47
5	3.88
6	4.99
7	3.49
8	3.33
9	4.13
10	5.41
11	4.59
12	4.74
13	3.63
14	4.09
15	3.68
16	3.00
17	3.56
18	4.90
19	3.69
20	3.15
21	4.72
22	3.45
23	4.91
24	3.54
25	4.38
26	4.14
27	4.70
28	4.81
29	3.81
30	3.94
31	4.44
32	4.32
33	3.31
34	4.63
35	4.02
36	4.50
37	3.08
38	4.12
39	4.49
40	3.56
41	4.91
42	3.57
43	3.88
44	3.32
45	4.14
46	5.01
47	4.09
48	3.80
49	5.06
50	3.47
51	3.45
52	3.61
53	3.59
54	3.81
55	2.64
56	4.07
57	2.48
58	3.15
59	3.62
60	3.09
61	2.74
62	3.46
63	4.53
64	3.95
65	4.86
66	4.12
67	3.66
68	4.45
69	4.33
70	3.81
71	4.23
72	4.03
73	4.65
74	4.61
75	4.45
76	3.72
77	5.56
78	5.12
79	4.83
80	5.05
81	4.76
82	5.44
83	4.35
84	3.95
85	3.67
86	4.24
87	3.94
88	5.05
89	4.83
90	3.14
91	4.79
92	4.98
93	4.87
94	4.90
95	3.45
96	3.65
97	5.39
98	4.64
99	4.27
100	5.02
101	4.49
