1	4.47
2	7.12
3	5.14
4	4.71
5	7.70
6	5.74
7	8.00
8	7.96
9	6.68
10	5.14
11	4.50
12	6.54
13	8.50
14	6.26
15	7.07
16	7.54
17	7.20
18	4.68
19	7.16
20	8.06
21	6.37
22	8.33
23	4.71
24	9.41
25	4.26
26	5.64
27	4.65
28	4.74
29	9.17
30	7.45
31	5.96
32	4.85
33	7.65
34	6.09
35	6.55
36	5.65
37	8.05
38	7.93
39	6.01
40	7.19
41	7.98
42	9.07
43	5.81
44	6.84
45	5.90
46	7.72
47	6.76
48	7.98
49	4.19
50	6.39
51	8.83
52	7.47
53	7.22
54	7.15
55	8.37
56	7.38
57	7.92
58	8.84
59	7.65
60	8.25
61	8.70
62	6.90
63	5.57
64	7.88
65	6.71
66	5.18
67	6.59
68	7.09
69	6.37
70	7.80
71	6.70
72	7.50
73	5.55
74	6.36
75	5.54
76	6.58
77	5.37
78	5.15
79	5.04
80	5.16
81	5.19
82	5.02
83	7.32
84	6.84
85	7.41
86	5.74
87	8.03
88	5.51
89	6.47
90	7.31
91	5.50
92	6.60
93	4.66
94	7.32
95	7.12
96	7.16
97	6.18
98	6.14
99	6.13
100	6.07
101	5.05
