1	1.66
2	-0.26
3	16.71
4	5.50
5	5.87
6	6.70
7	0.99
8	1.92
9	-1.16
10	1.85
11	0.23
12	-2.36
13	1.52
14	5.15
15	-5.00
16	0.86
17	4.53
18	2.63
19	1.88
20	-1.94
21	11.50
22	13.81
23	-1.12
24	-6.54
25	3.86
26	6.29
27	-0.20
28	-1.87
29	2.60
30	4.96
31	5.91
32	-1.57
33	3.32
34	1.92
35	10.38
36	3.15
37	-0.60
38	6.19
39	5.84
40	3.53
41	10.09
42	6.07
43	4.13
44	8.52
45	7.16
46	8.75
47	-0.59
48	1.50
49	1.11
50	-2.98
51	6.08
52	3.33
53	6.39
54	6.85
55	-0.36
56	-4.19
57	5.04
58	3.76
59	-4.28
60	3.64
61	9.23
62	8.09
63	8.88
64	10.65
65	1.04
66	-4.97
67	5.79
68	1.20
69	0.78
70	-1.51
71	-8.04
72	2.37
73	0.54
74	-1.84
75	3.11
76	-5.79
77	-0.21
78	6.27
79	3.52
80	2.93
81	1.89
82	8.07
83	-4.97
84	8.73
85	6.61
86	-8.00
87	1.45
88	-0.92
89	5.89
90	2.30
91	5.07
92	0.24
93	-0.13
94	3.84
95	-8.18
96	7.17
97	4.91
98	0.32
99	3.92
100	7.48
101	9.23
