1	-11.30
2	-12.78
3	-4.60
4	-13.18
5	-16.87
6	-8.39
7	-0.87
8	-13.97
9	-8.30
10	-12.23
11	-19.64
12	-11.04
13	-15.03
14	-0.92
15	-10.96
16	-15.13
17	-12.39
18	-13.07
19	-14.29
20	-11.67
21	-15.47
22	-21.78
23	-17.28
24	-19.05
25	-15.61
26	-25.84
27	-10.73
28	-3.88
29	-12.98
30	-16.21
31	-17.89
32	-11.19
33	-9.80
34	-5.47
35	-11.83
36	-0.37
37	-20.59
38	-15.58
39	-13.37
40	-13.05
41	-23.76
42	-19.11
43	-10.32
44	-11.60
45	-10.74
46	-21.38
47	-17.90
48	-13.63
49	-21.37
50	-15.63
51	-6.33
52	-12.76
53	-5.29
54	-13.81
55	-12.20
56	-12.34
57	-20.62
58	-13.72
59	-14.76
60	-12.63
61	-20.95
62	-20.00
63	-15.19
64	-4.30
65	-6.33
66	-17.13
67	-23.03
68	-10.34
69	-17.78
70	-24.77
71	-3.40
72	-8.04
73	-15.31
74	-11.76
75	-19.55
76	-16.27
77	-13.25
78	-10.98
79	-18.42
80	-4.04
81	-20.04
82	-12.91
83	-3.43
84	-15.49
85	-11.09
86	-14.15
87	-20.35
88	-18.38
89	-14.91
90	-15.58
91	-16.12
92	-11.28
93	1.13
94	-7.04
95	-21.63
96	-7.13
97	-16.26
98	-11.78
99	-15.70
100	-3.94
101	-16.04
