1	0.22
2	0.28
3	-0.29
4	0.16
5	0.16
6	0.34
7	0.29
8	0.12
9	0.23
10	0.02
11	0.10
12	0.01
13	0.33
14	-0.06
15	0.18
16	0.27
17	0.14
18	0.22
19	0.14
20	0.16
21	-0.21
22	-0.16
23	0.16
24	0.23
25	0.05
26	0.03
27	0.06
28	0.02
29	0.09
30	-0.09
31	0.07
32	0.01
33	0.14
34	0.04
35	-0.30
36	-0.06
37	0.12
38	0.07
39	0.11
40	-0.02
41	0.00
42	0.05
43	0.06
44	0.09
45	-0.05
46	-0.08
47	0.11
48	0.24
49	0.17
50	0.14
51	-0.03
52	0.11
53	0.02
54	-0.09
55	0.09
56	0.17
57	0.10
58	0.12
59	0.33
60	0.03
61	-0.08
62	-0.10
63	0.21
64	0.04
65	0.09
66	0.11
67	-0.13
68	0.31
69	0.35
70	0.19
71	0.35
72	0.13
73	0.35
74	0.05
75	0.05
76	0.19
77	-0.01
78	0.10
79	0.18
80	0.21
81	0.15
82	0.00
83	0.30
84	-0.03
85	0.02
86	0.32
87	0.14
88	0.22
89	0.13
90	0.17
91	0.06
92	0.22
93	0.15
94	0.03
95	0.25
96	-0.03
97	-0.05
98	0.15
99	0.15
100	-0.07
101	0.13
