1	165.89
2	183.26
3	164.50
4	171.40
5	169.35
6	154.83
7	186.4
8	176.67
9	170.26
10	168.52
11	182.35
12	167.47
13	176.64
14	161.11
15	161.52
16	170.91
17	165.53
18	165.52
19	173.51
20	165.22
21	152.33
22	151.50
23	172.21
24	174.57
25	172.99
26	183.69
27	179.89
28	162.16
29	179.26
30	179.53
31	158.69
32	169.17
33	154.88
34	159.66
35	167.30
36	167.00
37	183.65
38	169.81
39	152.15
40	164.31
41	156.71
42	164.30
43	180.86
44	171.18
45	168.01
46	166.76
47	162.18
48	173.27
49	170.84
50	181.49
51	187.03
52	165.35
53	178.16
54	149.36
55	162.39
56	165.04
57	179.00
58	166.61
59	170.57
60	175.29
61	187.14
62	150.17
63	159.14
64	149.96
65	168.80
66	165.33
67	175.31
68	176.21
69	165.48
70	162.61
71	152.65
72	169.09
73	161.31
74	166.47
75	160.43
76	164.56
77	186.5
78	169.17
79	154.28
80	172.75
81	174.90
82	170.85
83	178.52
84	181.68
85	158.05
86	168.44
87	156.41
88	183.67
89	156.47
90	152.89
91	165.68
92	182.59
93	160.77
94	170.43
95	176.21
96	160.16
97	173.86
98	158.77
99	162.00
100	170.59
101	175.67
