1	-48.15
2	25.02
3	26.8
4	-7.63
5	90.22
6	25.07
7	-4.41999999999999
8	34.17
9	41.6
10	35.65
11	71.29
12	79.22
13	21.82
14	62.95
15	8.52000000000001
16	-39.79
17	65.49
18	27.93
19	33.31
20	41.6
21	61.23
22	52.26
23	49.91
24	44.77
25	75.04
26	37.88
27	44.11
28	89.98
29	22.97
30	14.27
31	9.36000000000001
32	42.58
33	-21.67
34	24.69
35	32.8
36	52.3
37	55.5
38	22.72
39	45.6
40	48.96
41	13.78
42	78.18
43	80.51
44	-14.29
45	13.88
46	77.42
47	9.90000000000001
48	-17.92
49	-86.83
50	-66.02
51	-30.2
52	29.35
53	47.38
54	-8.65000000000001
55	-2.60000000000002
56	86.33
57	39.88
58	42.87
59	77.34
60	-0.689999999999998
61	56.44
62	49.97
63	30.01
64	41.73
65	32.41
66	20.65
67	33.39
68	14.72
69	47.45
70	80.01
71	66.58
72	116.87
73	78.39
74	65.82
75	-89.41
76	50.4
77	-25.11
78	55.39
79	7.22999999999999
80	4.29000000000002
81	94.44
82	14.9
83	2.44999999999999
84	49.21
85	72.07
86	-55.96
87	34.86
88	83.09
89	-12.67
90	43.46
91	62.57
92	24.36
93	-12.88
94	7.73000000000002
95	95.74
96	-30.93
97	93.58
98	130.81
99	-1.91
100	46.62
101	119.31
