1 0.06
2 0.06
3 0.01
4 0.01
5 0.12
6 0.12
7 0.06
8 0.06
9 0.04
10 0.04
11 0.06
12 0.06
13 0.12
14 0.12
15 0.02
16 0.02
17 0.03
18 0.03
19 0.09
20 0.09
21 0.05
22 0.05
23 0.10
24 0.10
25 0.11
26 0.11
27 0.07
28 0.07
29 0.05
30 0.05
31 0.02
32 0.02
33 0.08
34 0.08
35 0.02
36 0.02
37 0.04
38 0.04
39 0.03
40 0.03
41 0.05
42 0.05
43 0.06
44 0.06
45 0.09
46 0.09
47 0.03
48 0.03
49 0.09
50 0.09
51 0.16
52 0.16
53 0.10
54 0.10
55 0.02
56 0.02
57 0.03
58 0.03
59 0.06
60 0.06
61 0.04
62 0.04
63 0.07
64 0.07
65 0.04
66 0.04
67 0.04
68 0.04
69 0.05
70 0.05
71 0.08
72 0.08
73 0.06
74 0.06
75 0.03
76 0.03
77 0.03
78 0.03
79 0.01
80 0.01
81 0.06
82 0.06
83 0.15
84 0.15
85 0.02
86 0.02
87 0.07
88 0.07
89 0.12
90 0.12
91 0.12
92 0.12
93 0.06
94 0.06
95 0.07
96 0.07
97 0.05
98 0.05
99 -0.02
100 -0.02
101 0.06
102 0.06
