1 -0.40
2 -0.40
3 -0.31
4 -0.31
5 0.42
6 0.42
7 -0.33
8 -0.33
9 0.33
10 0.33
11 -0.41
12 -0.41
13 0.94
14 0.94
15 -0.87
16 -0.87
17 -0.85
18 -0.85
19 0.21
20 0.21
21 1.70
22 1.70
23 0.27
24 0.27
25 0.30
26 0.30
27 -0.80
28 -0.80
29 0.66
30 0.66
31 -1.28
32 -1.28
33 0.05
34 0.05
35 -0.77
36 -0.77
37 0.47
38 0.47
39 0.36
40 0.36
41 0.03
42 0.03
43 -0.03
44 -0.03
45 0.46
46 0.46
47 -0.88
48 -0.88
49 -0.18
50 -0.18
51 0.37
52 0.37
53 0.41
54 0.41
55 -0.21
56 -0.21
57 0.16
58 0.16
59 -0.30
60 -0.30
61 -0.36
62 -0.36
63 -0.48
64 -0.48
65 -0.83
66 -0.83
67 0.05
68 0.05
69 0.12
70 0.12
71 0.06
72 0.06
73 0.28
74 0.28
75 -1.00
76 -1.00
77 -0.16
78 -0.16
79 -0.72
80 -0.72
81 -0.98
82 -0.98
83 1.50
84 1.50
85 0.16
86 0.16
87 0.06
88 0.06
89 0.07
90 0.07
91 -0.76
92 -0.76
93 0.03
94 0.03
95 -0.48
96 -0.48
97 0.03
98 0.03
99 -0.62
100 -0.62
101 -0.30
102 -0.30
