1 41.17
2 41.17
3 41.17
4 41.17
5 41.06
6 41.06
7 40.73
8 40.73
9 40.99
10 40.99
11 41.63
12 41.63
13 41.29
14 41.29
15 40.78
16 40.78
17 41.02
18 41.02
19 41.79
20 41.79
21 41.13
22 41.13
23 41.27
24 41.27
25 41.20
26 41.20
27 41.29
28 41.29
29 41.41
30 41.41
31 41.40
32 41.40
33 41.14
34 41.14
35 41.43
36 41.43
37 41.26
38 41.26
39 40.43
40 40.43
41 41.19
42 41.19
43 41.15
44 41.15
45 40.87
46 40.87
47 41.13
48 41.13
49 41.14
50 41.14
51 41.60
52 41.60
53 41.47
54 41.47
55 41.13
56 41.13
57 41.41
58 41.41
59 41.17
60 41.17
61 41.06
62 41.06
63 41.24
64 41.24
65 41.45
66 41.45
67 41.31
68 41.31
69 40.82
70 40.82
71 41.26
72 41.26
73 41.08
74 41.08
75 41.30
76 41.30
77 41.27
78 41.27
79 41.15
80 41.15
81 41.06
82 41.06
83 41.01
84 41.01
85 41.49
86 41.49
87 40.62
88 40.62
89 40.86
90 40.86
91 40.82
92 40.82
93 41.26
94 41.26
95 40.90
96 40.90
97 41.22
98 41.22
99 41.38
100 41.38
101 41.02
102 41.02
