1 -0.80
2 -0.80
3 -2.15
4 -2.15
5 -1.55
6 -1.55
7 -1.45
8 -1.45
9 -1.22
10 -1.22
11 -1.19
12 -1.19
13 -1.46
14 -1.46
15 -0.50
16 -0.50
17 -2.22
18 -2.22
19 -2.05
20 -2.05
21 -2.07
22 -2.07
23 -1.48
24 -1.48
25 -0.84
26 -0.84
27 -1.97
28 -1.97
29 -1.62
30 -1.62
31 -1.36
32 -1.36
33 -1.78
34 -1.78
35 -1.56
36 -1.56
37 -1.83
38 -1.83
39 -1.98
40 -1.98
41 -1.00
42 -1.00
43 -0.85
44 -0.85
45 -1.85
46 -1.85
47 -1.74
48 -1.74
49 -1.71
50 -1.71
51 -2.15
52 -2.15
53 -0.65
54 -0.65
55 -0.92
56 -0.92
57 -2.24
58 -2.24
59 -1.08
60 -1.08
61 -2.29
62 -2.29
63 -2.13
64 -2.13
65 -1.56
66 -1.56
67 -2.16
68 -2.16
69 -2.11
70 -2.11
71 -1.60
72 -1.60
73 -1.78
74 -1.78
75 -1.65
76 -1.65
77 -1.73
78 -1.73
79 -1.01
80 -1.01
81 -1.21
82 -1.21
83 -0.77
84 -0.77
85 -1.79
86 -1.79
87 -0.70
88 -0.70
89 -1.23
90 -1.23
91 -1.75
92 -1.75
93 -0.95
94 -0.95
95 -2.11
96 -2.11
97 -1.48
98 -1.48
99 -1.61
100 -1.61
101 -1.11
102 -1.11
