1 0.76
2 0.76
3 0.44
4 0.44
5 0.08
6 0.08
7 0.69
8 0.69
9 0.72
10 0.72
11 -0.15
12 -0.15
13 0.20
14 0.20
15 0.33
16 0.33
17 0.28
18 0.28
19 -0.12
20 -0.12
21 0.74
22 0.74
23 0.11
24 0.11
25 1.20
26 1.20
27 0.45
28 0.45
29 0.34
30 0.34
31 0.60
32 0.60
33 0.88
34 0.88
35 0.64
36 0.64
37 0.83
38 0.83
39 -0.04
40 -0.04
41 1.34
42 1.34
43 0.72
44 0.72
45 1.25
46 1.25
47 1.46
48 1.46
49 0.49
50 0.49
51 0.35
52 0.35
53 -0.13
54 -0.13
55 -0.15
56 -0.15
57 0.97
58 0.97
59 0.41
60 0.41
61 1.41
62 1.41
63 0.84
64 0.84
65 0.61
66 0.61
67 0.65
68 0.65
69 0.80
70 0.80
71 0.75
72 0.75
73 1.14
74 1.14
75 0.43
76 0.43
77 0.58
78 0.58
79 -0.50
80 -0.50
81 0.27
82 0.27
83 0.73
84 0.73
85 0.11
86 0.11
87 0.12
88 0.12
89 0.56
90 0.56
91 0.22
92 0.22
93 0.30
94 0.30
95 0.83
96 0.83
97 0.56
98 0.56
99 0.61
100 0.61
101 0.57
102 0.57
