1 38.59
2 38.59
3 33.78
4 33.78
5 40.18
6 40.18
7 44.70
8 44.70
9 37.93
10 37.93
11 38.32
12 38.32
13 39.66
14 39.66
15 40.87
16 40.87
17 35.91
18 35.91
19 39.26
20 39.26
21 34.78
22 34.78
23 38.04
24 38.04
25 43.21
26 43.21
27 39.79
28 39.79
29 36.55
30 36.55
31 39.48
32 39.48
33 37.82
34 37.82
35 42.97
36 42.97
37 41.83
38 41.83
39 33.23
40 33.23
41 38.21
42 38.21
43 36.13
44 36.13
45 32.83
46 32.83
47 32.88
48 32.88
49 36.86
50 36.86
51 37.16
52 37.16
53 36.26
54 36.26
55 36.99
56 36.99
57 30.87
58 30.87
59 40.35
60 40.35
61 34.23
62 34.23
63 33.76
64 33.76
65 42.74
66 42.74
67 29.35
68 29.35
69 38.33
70 38.33
71 31.32
72 31.32
73 38.38
74 38.38
75 38.21
76 38.21
77 33.84
78 33.84
79 39.15
80 39.15
81 42.86
82 42.86
83 41.02
84 41.02
85 34.24
86 34.24
87 44.55
88 44.55
89 37.28
90 37.28
91 41.87
92 41.87
93 33.07
94 33.07
95 43.75
96 43.75
97 39.15
98 39.15
99 27.64
100 27.64
101 40.75
102 40.75
