1	155.11
2	138.65
3	143.45
4	149.61
5	147.80
6	146.87
7	159.50
8	147.76
9	162.24
10	157.02
11	149.35
12	163.31
13	164.08
14	169.46
15	148.89
16	139.46
17	134.36
18	136.44
19	131.15
20	146.49
21	159.22
22	143.90
23	147.24
24	134.81
25	140.81
26	140.97
27	136.53
28	135.50
29	155.80
30	139.93
31	140.34
32	131.83
33	141.72
34	165.22
35	135.99
36	144.34
37	144.64
38	130.65
39	127.50
40	151.75
41	135.12
42	136.24
43	136.73
44	144.33
45	132.23
46	123.49
47	160.06
48	149.15
49	159.79
50	135.62
51	145.01
52	153.03
53	130.53
54	169.82
55	147.93
56	165.10
57	144.40
58	135.43
59	141.14
60	133.24
61	133.90
62	160.27
63	156.62
64	166.78
65	129.01
66	144.13
67	153.46
68	149.52
69	159.04
70	140.45
71	169.74
72	123.87
73	166.67
74	139.78
75	157.28
76	133.18
77	155.32
78	131.48
79	156.31
80	157.02
81	161.44
82	162.55
83	154.28
84	140.60
85	134.29
86	157.84
87	163.23
88	159.73
89	132.96
90	139.81
91	149.48
92	163.28
93	134.33
94	162.14
95	147.86
96	150.02
97	156.34
98	149.19
99	156.59
100	141.16
101	121.55
