1	-6.41
2	11.77
3	24.75
4	-9.47
5	-2.39000000000001
6	33.64
7	-15.26
8	-19.69
9	9.89999999999998
10	-20.84
11	33.16
12	79.51
13	-31.21
14	21.09
15	33.6
16	-24.25
17	-15.18
18	5.46000000000001
19	-4.22999999999999
20	33.3
21	-15.76
22	3.47999999999999
23	-8.78999999999999
24	-2.38
25	24.29
26	-7.19
27	-26
28	-61.98
29	-47.67
30	-41.25
31	52.56
32	4
33	44.97
34	15.28
35	16.19
36	17.92
37	-66.57
38	-19.95
39	-28.08
40	12.65
41	-4.21000000000001
42	-3.97
43	-21.79
44	42.89
45	12.73
46	-11.08
47	-3.92000000000002
48	-21.18
49	4.30000000000001
50	-26.38
51	-59.56
