1	-16.26
2	11.84
3	-10.67
4	6.54999999999998
5	9.40000000000001
6	-113.91
7	-11.66
8	-47.8
9	11.24
10	-1.45000000000002
11	-24.66
12	1.87
13	57.01
14	29.72
15	-23.17
16	-46.39
17	-18.15
18	-19.84
19	-3.65000000000001
20	28.19
21	-32.79
22	-29.95
23	34.75
24	29.82
25	-48.58
26	-3.75999999999999
27	-10.04
28	-65.67
29	-9.5
30	12.14
31	-53.78
32	-22.87
33	46.59
34	-15.21
35	-19.7
36	-99.27
37	3.92000000000002
38	-35.52
39	-56.19
40	18.98
41	-33.19
42	6.44999999999999
43	-33.42
44	-91.11
45	-25.12
46	-3.87
47	5.59
48	-43.03
49	-2.05999999999997
50	-22.59
51	-32.27
52	-48.88
53	-40.34
54	16.53
55	13.91
56	48.6
57	-1.85999999999999
58	26.5
59	-22.34
60	-16.36
61	4.82999999999998
62	-40.99
63	10.29
64	-93.25
65	-62.06
66	-2.72999999999999
67	-16.57
68	-62.35
69	-2.78
70	1.60000000000002
71	-15.04
72	-12.42
73	50.56
74	17.62
75	8.5
76	-19.36
77	53.18
78	-52.61
79	-15.86
80	53.79
81	17.96
82	19.02
83	11.09
84	-37.81
85	-40
86	-27.01
87	23.19
88	8.38999999999999
89	-27.04
90	-46.78
91	-31.36
92	30.61
93	-48.13
94	42.7
95	18.83
96	-27.13
97	-23.37
98	4.39000000000001
99	-27.81
100	-38.72
101	-49.85
