1	218.9
2	220.03
3	204.95
4	229.54
5	217.47
6	184.4
7	232.04
8	197.23
9	223.9
10	216.16
11	209.02
12	213.06
13	249.23
14	225.5
15	215.83
16	203.65
17	217.39
18	215.1
19	215.7
20	228.63
21	194.19
22	198.89
23	229.04
24	222.98
25	200.86
26	206.31
27	223.79
28	195.01
29	207.26
30	216.6
31	200.08
32	201.05
33	231.05
34	212.5
35	202.91
36	182.71
37	213.96
38	205.56
39	196.4
40	222.26
41	202.55
42	212.39
43	199.83
44	185.4
45	203.15
46	206.01
47	220.29
48	203.48
49	214.86
50	207.41
51	204.73
52	202.59
53	200.65
54	216.2
55	218.88
56	232.14
57	214.49
58	234.55
59	212.79
60	212.38
61	217.57
62	192.07
63	227.2
64	181.68
65	194.1
66	219.4
67	201.66
68	203.34
69	221.28
70	214.99
71	225.66
72	215.65
73	245.52
74	219.19
75	219.58
76	210.76
77	236.88
78	194.08
79	209.2
80	254.5
81	227.86
82	223.82
83	235.58
84	199.41
85	212.87
86	218.51
87	225.92
88	209.95
89	207.51
90	201.68
91	200.53
92	233.64
93	209.95
94	228.73
95	219.7
96	204.69
97	204.83
98	219.06
99	208.23
100	206.5
101	195.12
