1	184.92
2	173.69
3	172.03
4	185.89
5	175.49
6	213.01
7	203.03
8	180.93
9	173.07
10	169.97
11	162.15
12	165.33
13	186.93
14	169.12
15	174.54
16	173.70
17	166.72
18	173.41
19	173.05
20	162.56
21	168.38
22	159.98
23	172.05
24	172.57
25	191.27
26	173.05
27	163.88
28	169.62
29	169.88
30	178.64
31	169.39
32	172.24
33	179.57
34	166.29
35	162.13
36	174.70
37	162.53
38	169.25
39	167.88
40	178.06
41	172.93
42	170.56
43	169.06
44	156.69
45	163.46
46	174.04
47	174.07
48	177.00
49	175.61
50	175.86
51	162.64
52	174.14
53	181.73
54	157.17
55	174.30
56	168.63
57	172.59
58	169.57
59	181.28
60	177.14
61	170.20
62	164.54
63	165.23
64	179.60
65	160.53
66	168.20
67	174.42
68	172.18
69	178.73
70	175.30
71	219.71
72	173.55
73	173.37
74	179.40
75	174.32
76	166.09
77	167.60
78	164.44
79	170.77
80	214.12
81	183.31
82	172.54
83	179.92
84	168.01
85	203.69
86	190.54
87	166.33
88	164.06
89	180.87
90	166.25
91	162.48
92	178.03
93	210.64
94	171.88
95	181.41
96	188.86
97	172.39
98	170.33
99	178.58
100	177.89
101	169.88
