1	151.89
2	161.98
3	169.85
4	161.27
5	166.39
6	140.98
7	150.44
8	169.71
9	174.92
10	164.46
11	146.27
12	165.33
13	170.78
14	172.32
15	166.75
16	155.58
17	140.76
18	156.63
19	166.88
20	159.04
21	157.27
22	173.62
23	157.25
24	155.65
25	160.58
26	136.47
27	159.82
28	149.30
29	138.30
30	153.34
31	151.88
32	158.74
33	173.92
34	159.26
35	148.07
36	172.64
37	142.07
38	159.79
39	137.05
40	162.54
41	140.62
42	178.57
43	141.73
44	151.65
45	142.25
46	163.91
47	137.85
48	165.71
49	161.66
50	171.81
51	159.73
52	157.75
53	166.13
54	167.17
55	174.73
56	174.55
57	157.82
58	164.35
59	162.21
60	152.41
61	160.02
62	161.01
63	168.74
64	158.28
65	152.18
66	157.20
67	137.88
68	158.07
69	153.11
70	143.72
71	153.01
72	158.05
73	159.84
74	174.79
75	173.94
76	166.70
77	158.52
78	131.73
79	158.37
80	158.14
81	160.44
82	156.76
83	160.55
84	147.40
85	149.82
86	153.33
87	133.07
88	176.46
89	158.10
90	161.24
91	157.55
92	161.90
93	147.33
94	176.97
95	156.56
96	153.28
97	170.24
98	154.79
99	157.98
100	162.30
101	131.14
