1	245.13
2	254.12
3	287.81
4	231.36
5	276.81
6	202.61
7	227.12
8	243.76
9	258.86
10	298.59
11	285.91
12	272.11
13	242.62
14	246.47
15	258.44
16	278.76
17	292.47
18	256.49
19	252.06
20	300.73
21	251.11
22	292.94
23	287.85
24	294.69
25	220.23
26	289.95
27	292.29
28	275.7
29	297.25
30	260.61
31	254.91
32	263.78
33	259.98
34	262.07
35	282.84
36	251.02
37	321.38
38	271.69
39	280.3
40	274.89
41	279.33
42	235.23
43	288.74
44	279.64
45	283.18
46	280.12
47	284.8
48	233.96
49	245.92
50	249.96
51	287.18
52	247.94
53	225.9
54	301.71
55	273.61
56	266.03
57	282.74
58	289.65
59	237.05
60	303.47
61	275.82
62	289.62
63	243.28
64	256.19
65	277.22
66	267.22
67	295.85
68	267.01
69	246.16
70	281.9
71	198.93
72	256.1
73	255.08
74	251.07
75	242.25
76	275.85
77	273.45
78	314.75
79	265.96
80	222.42
81	246.82
82	267.21
83	247.18
84	273.34
85	210.61
86	234.3
87	307.44
88	282.83
89	272.49
90	256.47
91	278.34
92	249.58
93	195.72
94	272.37
95	249.03
96	239.76
97	265.51
98	276.43
99	239.46
100	259.2
101	283.17
