1 0.13
2 0.13
3 0.19
4 0.19
5 0.16
6 0.16
7 0.13
8 0.13
9 0.14
10 0.14
11 0.18
12 0.18
13 0.17
14 0.17
15 0.13
16 0.13
17 0.16
18 0.16
19 0.11
20 0.11
21 0.20
22 0.20
23 0.20
24 0.20
25 0.26
26 0.26
27 0.19
28 0.19
29 0.22
30 0.22
31 0.21
32 0.21
33 0.26
34 0.26
35 0.11
36 0.11
37 0.11
38 0.11
39 0.09
40 0.09
41 0.22
42 0.22
43 0.25
44 0.25
45 0.16
46 0.16
47 0.23
48 0.23
49 0.13
50 0.13
51 0.20
52 0.20
53 0.17
54 0.17
55 0.12
56 0.12
57 0.20
58 0.20
59 0.11
60 0.11
61 0.17
62 0.17
63 0.15
64 0.15
65 0.17
66 0.17
67 0.27
68 0.27
69 0.24
70 0.24
71 0.24
72 0.24
73 0.21
74 0.21
75 0.17
76 0.17
77 0.14
78 0.14
79 0.17
80 0.17
81 0.15
82 0.15
83 0.13
84 0.13
85 0.20
86 0.20
87 0.18
88 0.18
89 0.15
90 0.15
91 0.14
92 0.14
93 0.15
94 0.15
95 0.18
96 0.18
97 0.17
98 0.17
99 0.17
100 0.17
101 0.21
102 0.21
