1 3.25
2 3.25
3 3.22
4 3.22
5 3.28
6 3.28
7 3.23
8 3.23
9 3.42
10 3.42
11 3.29
12 3.29
13 3.30
14 3.30
15 3.36
16 3.36
17 3.31
18 3.31
19 3.23
20 3.23
21 3.42
22 3.42
23 3.15
24 3.15
25 3.30
26 3.30
27 3.18
28 3.18
29 3.24
30 3.24
31 3.14
32 3.14
33 3.35
34 3.35
35 3.30
36 3.30
37 3.22
38 3.22
39 3.32
40 3.32
41 3.17
42 3.17
43 3.29
44 3.29
45 3.09
46 3.09
47 3.26
48 3.26
49 3.23
50 3.23
51 3.32
52 3.32
53 3.27
54 3.27
55 3.13
56 3.13
57 3.16
58 3.16
59 3.39
60 3.39
61 3.16
62 3.16
63 3.19
64 3.19
65 3.20
66 3.20
67 3.17
68 3.17
69 3.25
70 3.25
71 3.17
72 3.17
73 3.25
74 3.25
75 3.19
76 3.19
77 3.41
78 3.41
79 3.24
80 3.24
81 3.36
82 3.36
83 3.48
84 3.48
85 3.26
86 3.26
87 3.27
88 3.27
89 3.16
90 3.16
91 3.20
92 3.20
93 3.15
94 3.15
95 3.25
96 3.25
97 3.15
98 3.15
99 3.29
100 3.29
101 3.16
102 3.16
