1 0.79
2 0.79
3 0.79
4 0.79
5 0.79
6 0.79
7 0.77
8 0.77
9 0.79
10 0.79
11 0.81
12 0.81
13 0.77
14 0.77
15 0.77
16 0.77
17 0.81
18 0.81
19 0.79
20 0.79
21 0.85
22 0.85
23 0.78
24 0.78
25 0.81
26 0.81
27 0.73
28 0.73
29 0.79
30 0.79
31 0.80
32 0.80
33 0.82
34 0.82
35 0.79
36 0.79
37 0.77
38 0.77
39 0.80
40 0.80
41 0.77
42 0.77
43 0.79
44 0.79
45 0.78
46 0.78
47 0.79
48 0.79
49 0.77
50 0.77
51 0.85
52 0.85
53 0.77
54 0.77
55 0.79
56 0.79
57 0.77
58 0.77
59 0.84
60 0.84
61 0.76
62 0.76
63 0.79
64 0.79
65 0.79
66 0.79
67 0.79
68 0.79
69 0.81
70 0.81
71 0.78
72 0.78
73 0.79
74 0.79
75 0.76
76 0.76
77 0.82
78 0.82
79 0.80
80 0.80
81 0.80
82 0.80
83 0.80
84 0.80
85 0.79
86 0.79
87 0.78
88 0.78
89 0.80
90 0.80
91 0.79
92 0.79
93 0.76
94 0.76
95 0.81
96 0.81
97 0.76
98 0.76
99 0.77
100 0.77
101 0.77
102 0.77
