1	298.89
2	303.85
3	305.15
4	299.07
5	265.21
6	303
7	261.38
8	314.12
9	288.52
10	313.34
11	299.45
12	267.91
13	282.87
14	283.32
15	268.76
16	287.15
17	288.58
18	299.49
19	289.38
20	289.66
21	275.5
22	287.37
23	305.07
24	309.58
25	276.94
26	278.04
27	312.11
28	288.01
29	274.47
30	288.8
31	300.83
32	297.33
33	305.47
34	271.2
35	297.9
36	293.26
37	283.5
38	303.97
39	301.39
40	289.42
41	290.24
42	300.22
43	305.57
44	276.87
45	295.73
46	311.55
47	277.97
48	294.76
49	291.78
50	301.87
51	296.87
52	307.69
53	286.25
54	256.36
55	300.97
56	241.78
57	276.08
58	292.65
59	292.41
60	294.7
61	301.79
62	289.56
63	314.8
64	284.26
65	285.7
66	294.14
67	286.22
68	287.85
69	278.24
70	287.98
71	279.41
72	281.54
73	290.41
74	291.48
75	280.86
76	297.75
77	291.82
78	276.52
79	295.85
80	299.86
81	264.84
82	254.87
83	249.61
84	326.72
85	290.26
86	295.96
87	263.29
88	284.14
89	273.5
90	261.89
91	259.17
92	285.99
93	286.15
94	295.72
95	289.55
96	288.38
97	281.41
98	317.6
99	288.55
100	290.47
101	265.74
