1	249.36
2	247.25
3	250.42
4	223.41
5	254.64
6	223.18
7	246.8
8	225.64
9	237.85
10	242.91
11	228.15
12	221.37
13	236.45
14	240.46
15	255.74
16	237.14
17	236.31
18	240
19	244.8
20	258.53
21	243.21
22	236.29
23	241.77
24	244.02
25	247.04
26	246.34
27	254.08
28	245.02
29	260.87
30	238.77
31	228.36
32	248.85
33	231.25
34	247.31
35	258.18
36	244.31
37	246.17
38	250.36
39	250.71
40	240.12
41	257.05
42	225.62
43	245.62
44	242.52
45	225.95
46	244.9
47	243.16
48	247.71
49	240.49
50	239.93
51	248.7
52	236.65
53	247
54	252.29
55	246.04
56	260.56
57	236.76
58	237.29
59	232.8
60	241.95
61	240.84
62	246.09
63	234.71
64	234.81
65	244.92
66	258.58
67	237.94
68	234.84
69	240.02
70	254.82
71	224.03
72	230.05
73	236.59
74	256.85
75	235.87
76	253.34
77	244.12
78	236.58
79	244.19
80	249.34
81	252.88
82	254.07
83	254.18
84	231.47
85	248.99
86	233.38
87	258.15
88	252.61
89	262.83
90	237.67
91	242.55
92	244.57
93	256.09
94	235.09
95	229.82
96	230.32
97	248.86
98	248.35
99	251.18
100	243.49
101	258.87
