1	0.45
2	0.73
3	-0.01
4	1.04
5	-0.48
6	0.40
7	0.95
8	-0.42
9	-0.11
10	0.20
11	0.44
12	0.02
13	-0.01
14	-0.22
15	0.26
16	-0.21
17	0.97
18	0.62
19	-0.14
20	0.49
21	-0.46
22	0.66
23	0.02
24	1.30
25	0.83
26	0.79
27	0.64
28	-0.10
29	0.10
30	0.20
31	-0.32
32	-0.08
33	1.25
34	0.62
35	0.44
36	-0.40
37	0.82
38	1.06
39	-0.10
40	0.35
41	0.42
42	0.90
43	0.03
44	0.44
45	0.70
46	0.45
47	0.44
48	0.79
49	-1.44
50	0.28
51	1.25
52	0.40
53	-0.54
54	0.20
55	1.29
56	0.74
57	0.01
58	0.56
59	0.27
60	1.44
61	0.29
62	0.15
63	0.41
64	0.85
65	-0.50
66	1.28
67	0.17
68	0.46
69	-0.24
70	0.66
71	0.22
72	0.36
73	-0.02
74	0.94
75	0.77
76	0.74
77	0.59
78	0.45
79	-0.40
80	-0.16
81	1.07
82	1.05
83	0.14
84	0.78
85	0.76
86	0.00
87	0.69
88	0.31
89	0.00
90	0.02
91	0.98
92	-0.11
93	-0.12
94	-0.11
95	-0.21
96	1.21
97	0.06
98	0.20
99	0.97
100	0.15
101	0.28
