1	0.55
2	-0.32
3	0.12
4	0.91
5	0.13
6	0.09
7	0.05
8	-0.14
9	0.03
10	-0.29
11	0.19
12	-0.83
13	-0.09
14	-0.25
15	-0.33
16	0.31
17	0.48
18	-0.17
19	0.10
20	0.34
21	-0.32
22	0.05
23	-0.55
24	-0.84
25	0.32
26	0.01
27	0.25
28	-0.36
29	-1.09
30	0.32
31	-0.22
32	-0.32
33	-0.12
34	-0.22
35	-0.12
36	-0.28
37	-0.48
38	0.89
39	0.42
40	0.09
41	-0.31
42	0.06
43	0.77
44	-0.25
45	0.04
46	0.84
47	0.89
48	0.61
49	-0.22
50	0.35
51	-0.74
52	0.26
53	-0.07
54	0.40
55	0.51
56	-0.22
57	0.01
58	-0.63
59	-0.32
60	-0.36
61	-0.04
62	-0.91
63	-0.06
64	-1.15
65	-0.49
66	0.49
67	0.01
68	-0.62
69	0.68
70	-0.36
71	-1.07
72	-0.13
73	0.16
74	0.27
75	-0.66
76	-0.34
77	-0.32
78	-0.73
79	-0.25
80	-0.73
81	0.21
82	-0.03
83	-0.49
84	-1.10
85	0.53
86	-0.34
87	0.75
88	-0.58
89	0.89
90	0.28
91	-0.51
92	-0.34
93	-0.60
94	0.35
95	0.40
96	-0.10
97	0.07
98	0.01
99	-0.39
100	0.21
101	-0.62
