1	0.03
2	-0.13
3	-0.26
4	0.10
5	0.60
6	1.02
7	-0.23
8	-0.43
9	-0.18
10	-0.38
11	0.07
12	-0.06
13	-0.23
14	0.36
15	-0.38
16	-0.60
17	0.68
18	-0.27
19	-0.10
20	-0.58
21	0.36
22	-0.67
23	-0.28
24	0.21
25	0.44
26	-0.35
27	-0.33
28	-0.09
29	-0.87
30	0.23
31	0.16
32	0.48
33	0.16
34	0.43
35	-0.66
36	0.70
37	0.09
38	-0.27
39	-0.16
40	0.13
41	-0.93
42	-0.26
43	0.18
44	-0.31
45	0.25
46	-0.93
47	0.34
48	-0.34
49	0.31
50	0.27
51	0.62
52	-0.02
53	0.77
54	0.15
55	0.43
56	0.22
57	-0.17
58	-0.23
59	0.77
60	-0.17
61	-1.04
62	-1.16
63	0.60
64	-1.25
65	-0.20
66	-1.11
67	-0.36
68	-0.47
69	-0.22
70	0.45
71	-0.67
72	-0.24
73	-0.63
74	0.93
75	-0.85
76	0.55
77	0.38
78	-0.20
79	0.70
80	-0.25
81	0.47
82	-0.29
83	-0.20
84	0.03
85	0.39
86	0.39
87	-0.19
88	-0.81
89	-0.69
90	0.51
91	0.17
92	0.09
93	0.56
94	-0.36
95	0.22
96	-0.29
97	-0.79
98	1.03
99	0.49
100	0.70
101	0.94
