1	250.68
2	240.69
3	250.49
4	249.69
5	252.24
6	266.65
7	250.87
8	246.96
9	251.19
10	248.77
11	243.49
12	243.32
13	228.48
14	265.03
15	238.41
16	270.06
17	241.42
18	237.6
19	237.88
20	250.57
21	263.1
22	255.29
23	240.42
24	256.27
25	270.11
26	265.26
27	248.02
28	244.36
29	246.84
30	263.73
31	230.47
32	249.22
33	255.07
34	257.77
35	240.24
36	253.73
37	258.85
38	249.35
39	247.14
40	239.75
41	241.17
42	250.69
43	261
44	251.17
45	242.26
46	244.99
47	278.64
48	248.29
49	252.37
50	252.86
51	246.78
52	250.23
53	264.81
54	259.51
55	251.33
56	230.45
57	231.83
58	246.2
59	244.08
60	233.22
61	250.7
62	247.85
63	256.71
64	242.02
65	252.99
66	247.39
67	238.62
68	258.55
69	244.91
70	246.75
71	250.85
72	232.47
73	250.52
74	246.02
75	239.94
76	237.46
77	250.4
78	243.17
79	255.17
80	240.47
81	270.4
82	248.23
83	250.05
84	247.32
85	244.85
86	257.44
87	255.18
88	256.76
89	257.72
90	236.63
91	257.97
92	253.47
93	245.58
94	251.42
95	244.29
96	250.35
97	252.71
98	239
99	236.05
100	244.86
101	232.91
