1	197.03
2	176.67
3	222.94
4	222.31
5	180.62
6	207.08
7	194.15
8	182.38
9	191.1
10	186.39
11	179.84
12	175.68
13	197.34
14	212.21
15	183.93
16	231.93
17	192.66
18	189.28
19	177.70
20	189.67
21	219.78
22	184.4
23	169.46
24	210.19
25	180.82
26	230.63
27	200.95
28	176.02
29	194.77
30	186.79
31	185.11
32	176.10
33	217.32
34	211.82
35	192.1
36	189.54
37	171.78
38	207.61
39	177.81
40	166.96
41	205.66
42	207.07
43	194.42
44	248.75
45	183.74
46	191.95
47	202.69
48	181.36
49	187.38
50	188.86
51	181.22
52	178.97
53	181.12
54	206.72
55	281.33
56	176.62
57	183.02
58	184.65
59	221.48
60	177.37
61	193.6
62	189.07
63	209.37
64	181.97
65	219.74
66	175.27
67	197.85
68	198.03
69	185.01
70	187.5
71	193.7
72	186.73
73	197.38
74	186.71
75	192.98
76	183.7
77	206.7
78	181.58
79	247.44
80	194.29
81	203.8
82	175.46
83	199.76
84	181.35
85	204.58
86	197.34
87	198.43
88	208.83
89	187.24
90	177.29
91	195.86
92	203.66
93	187.27
94	183.48
95	194.05
96	217.16
97	233.9
98	183.48
99	195.81
100	208.72
101	183.4
