1	152.62
2	145.21
3	147.37
4	136.61
5	168.06
6	158.89
7	143.90
8	162.41
9	157.03
10	137.00
11	141.25
12	154.49
13	149.16
14	162.49
15	167.65
16	155.73
17	145.54
18	132.65
19	151.19
20	166.34
21	151.64
22	161.74
23	164.87
24	144.91
25	176.05
26	149.28
27	131.42
28	155.84
29	136.82
30	169.45
31	140.39
32	162.35
33	150.36
34	149.72
35	124.42
36	151.68
37	168.30
38	149.26
39	176.23
40	152.59
41	144.23
42	161.18
43	156.75
44	130.90
45	156.81
46	122.77
47	172.09
48	165.39
49	163.47
50	147.33
51	147.31
52	159.83
53	169.87
54	163.12
55	127.89
56	151.97
57	147.69
58	130.14
59	144.58
60	126.66
61	146.65
62	130.69
63	147.99
64	137.59
65	151.10
66	130.65
67	147.57
68	164.48
69	166.36
70	156.73
71	164.63
72	146.68
73	148.68
74	158.80
75	144.70
76	147.62
77	147.05
78	158.24
79	147.32
80	136.13
81	160.93
82	144.88
83	154.58
84	155.20
85	159.53
86	159.35
87	153.54
88	144.39
89	160.10
90	137.35
91	164.92
92	155.89
93	142.09
94	165.95
95	152.52
96	145.55
97	145.89
98	160.04
99	140.36
100	144.06
101	157.32
