1	237.06
2	259.09
3	249.47
4	200.13
5	286.02
6	235.26
7	267.69
8	307.87
9	273.23
10	284.85
11	313.93
12	283.74
13	265.9
14	217.15
15	269.46
16	183.95
17	285.39
18	292.32
19	278.29
20	235.23
21	210.88
22	254.92
23	305.31
24	220.82
25	243.97
26	188.53
27	266.69
28	271.05
29	295.1
30	237.22
31	291.25
32	278.25
33	189.66
34	217.45
35	277.08
36	256.93
37	312.23
38	249.03
39	280.49
40	317.61
41	266.55
42	257.2
43	238.13
44	234.07
45	268.11
46	315.99
47	230
48	257.72
49	280.07
50	252.71
51	299.08
52	313.03
53	242.57
54	226.56
55	174.03
56	298.72
57	281.67
58	306.77
59	261.14
60	281.42
61	289.39
62	303.05
63	267.15
64	300.33
65	253.54
66	309.81
67	278.98
68	254.8
69	259.61
70	286.53
71	252.34
72	300.08
73	244.54
74	290.5
75	266.39
76	288.82
77	239.69
78	266.16
79	215.65
80	288.34
81	211.87
82	312.99
83	269.66
84	286.56
85	240.18
86	253.51
87	237.96
88	244.08
89	239.37
90	301.9
91	258.64
92	250.81
93	290.64
94	241.98
95	289.08
96	225.72
97	244.27
98	265.86
99	275.96
100	271.58
101	274.84
