1	153.11
2	153.39
3	155.90
4	155.56
5	154.36
6	156.05
7	153.42
8	154.89
9	153.16
10	149.76
11	152.11
12	153.05
13	155.77
14	154.32
15	157.82
16	159.14
17	153.19
18	156.09
19	149.39
20	154.83
21	156.90
22	152.59
23	149.97
24	154.54
25	156.39
26	150.72
27	151.00
28	157.40
29	151.83
30	153.39
31	155.85
32	158.62
33	150.19
34	157.71
35	153.26
36	153.85
37	153.70
38	155.57
39	157.57
40	159.14
41	157.57
42	151.60
43	156.25
44	155.50
45	150.74
46	152.70
47	148.45
48	152.28
49	154.73
50	153.56
51	158.32
