1	251.28
2	238.3
3	253.73
4	254.42
5	247.42
6	241.07
7	251.89
8	241.96
9	265
10	260.94
11	231.33
12	240.84
13	255.49
14	250.99
15	254.38
16	244.41
17	244.59
18	259.36
19	235.17
20	251.05
21	246.71
22	250.87
23	247.45
24	249.03
25	256.04
26	236.97
27	260.04
28	248.45
29	248.41
30	251.3
31	260.74
32	243.91
33	247.22
34	247.46
35	254.36
36	238.31
37	236.93
38	250.11
39	247.7
40	247.04
41	249.41
42	253.77
43	234.13
44	238.1
45	239.47
46	248.01
47	241.1
48	241.11
49	241.14
50	240.21
51	257.14
52	265.59
53	248.89
54	234.08
55	258.55
56	242.65
57	253.51
58	249.11
59	238.41
60	229.51
61	259.7
62	234.89
63	260.51
64	253.74
65	259.53
66	235.34
67	254.21
68	260.34
69	267.49
70	245.42
71	235.21
72	247.61
73	243.29
74	253.53
75	254.03
76	262.73
77	254.47
78	254.58
79	256.57
80	239.33
81	244.66
82	262.85
83	256.65
84	252.09
85	263.31
86	236.29
87	252.79
88	264.15
89	260.98
90	245.54
91	241.29
92	260.35
93	268.14
94	251.47
95	227.23
96	237.74
97	268.65
98	241.19
99	241.45
100	237.85
101	247.44
