1	-26.08
2	-85.71
3	-5.06
4	83.35
5	-22.28
6	34.07
7	-13.75
8	-3.82999999999998
9	-14.74
10	66.18
11	-79.02
12	3.45000000000002
13	66.68
14	106.67
15	-45.89
16	52.93
17	-56.5
18	33.5
19	-87.29
20	-58.65
21	18.66
22	2.78999999999999
23	-70.86
24	-41.78
25	11.17
26	-72.86
27	-6.74000000000001
28	-94.68
29	26.62
30	38.54
31	64.03
32	-104.61
33	-75.72
34	-23.53
35	1.47
36	-15.94
37	-92.78
38	19.44
39	-33.75
40	-99.23
41	-24.01
42	-29.39
43	-70.56
44	-81.43
45	-6.28000000000003
46	8.82000000000002
47	89.31
48	-67.93
49	-83.04
50	-59.61
51	19.48
52	68.26
53	-65.61
54	-119.98
55	-24.35
56	-46.21
57	-11.6
58	7.77000000000001
59	-49.16
60	-133.22
61	24.7
62	-114.34
63	88.05
64	-13.03
65	104.91
66	-123.93
67	93.17
68	32.41
69	49.96
70	-88.45
71	-94.99
72	69.23
73	-77.26
74	-78.9
75	55.03
76	30.99
77	41.3
78	-48.44
79	9.66999999999999
80	-52.76
81	-63.63
82	66.38
83	-60.68
84	48.69
85	31.72
86	-111.24
87	49.72
88	20.86
89	55.99
90	-45.28
91	43.03
92	3.07999999999998
93	27.69
94	-67.91
95	-109.08
96	-57.94
97	40.54
98	-69.52
99	-48.61
100	-51.16
101	-15.26
