1 3.62
2 3.62
3 3.76
4 3.76
5 3.60
6 3.60
7 3.78
8 3.78
9 3.67
10 3.67
11 3.61
12 3.61
13 3.56
14 3.56
15 3.71
16 3.71
17 3.62
18 3.62
19 3.56
20 3.56
21 3.68
22 3.68
23 3.69
24 3.69
25 3.62
26 3.62
27 3.67
28 3.67
29 3.61
30 3.61
31 3.79
32 3.79
33 3.78
34 3.78
35 3.69
36 3.69
37 3.62
38 3.62
39 3.65
40 3.65
41 3.58
42 3.58
43 3.66
44 3.66
45 3.73
46 3.73
47 3.65
48 3.65
49 3.61
50 3.61
51 3.63
52 3.63
53 3.63
54 3.63
55 3.54
56 3.54
57 3.65
58 3.65
59 3.77
60 3.77
61 3.65
62 3.65
63 3.76
64 3.76
65 3.72
66 3.72
67 3.69
68 3.69
69 3.69
70 3.69
71 3.60
72 3.60
73 3.74
74 3.74
75 3.61
76 3.61
77 3.50
78 3.50
79 3.52
80 3.52
81 3.60
82 3.60
83 3.69
84 3.69
85 3.69
86 3.69
87 3.53
88 3.53
89 3.61
90 3.61
91 3.54
92 3.54
93 3.61
94 3.61
95 3.59
96 3.59
97 3.77
98 3.77
99 3.67
100 3.67
101 3.55
102 3.55
