1 3.26
2 3.26
3 1.69
4 1.69
5 9.11
6 9.11
7 20.96
8 20.96
9 -2.15
10 -2.15
11 -15.17
12 -15.17
13 26.45
14 26.45
15 6.86
16 6.86
17 14.31
18 14.31
19 21.40
20 21.40
21 24.47
22 24.47
23 5.82
24 5.82
25 6.62
26 6.62
27 -7.95
28 -7.95
29 17.92
30 17.92
31 8.17
32 8.17
33 7.27
34 7.27
35 2.09
36 2.09
37 20.63
38 20.63
39 -3.90
40 -3.90
41 2.79
42 2.79
43 22.93
44 22.93
45 5.76
46 5.76
47 13.94
48 13.94
49 22.46
50 22.46
51 2.15
52 2.15
53 17.30
54 17.30
55 -0.19
56 -0.19
57 1.25
58 1.25
59 -0.78
60 -0.78
61 7.92
62 7.92
63 26.88
64 26.88
65 8.76
66 8.76
67 12.37
68 12.37
69 -0.43
70 -0.43
71 -1.87
72 -1.87
73 19.02
74 19.02
75 4.28
76 4.28
77 -1.05
78 -1.05
79 12.71
80 12.71
81 4.72
82 4.72
83 2.73
84 2.73
85 5.88
86 5.88
87 3.38
88 3.38
89 21.08
90 21.08
91 -9.94
92 -9.94
93 11.40
94 11.40
95 22.96
96 22.96
97 -9.90
98 -9.90
99 9.98
100 9.98
101 18.96
102 18.96
