1	167.51
2	184.66
3	179.17
4	168.67
5	178.09
6	177.41
7	168.52
8	182.92
9	181.54
10	154.94
11	157.14
12	163.24
13	173.57
14	173.74
15	170.80
16	163.85
17	170.78
18	180.43
19	163.70
20	183.44
21	176.03
22	160.38
23	171.23
24	176.83
25	176.32
26	181.38
27	167.52
28	157.37
29	178.73
30	163.71
31	171.94
32	158.91
33	161.73
34	166.77
35	163.48
36	180.91
37	163.37
38	167.92
39	160.06
40	165.55
41	150.89
42	167.58
43	164.36
44	162.19
45	160.42
46	168.26
47	165.63
48	168.88
49	165.90
50	181.7
51	170.00
