1 -0.34
2 -0.34
3 -0.85
4 -0.85
5 -0.65
6 -0.65
7 -0.78
8 -0.78
9 -0.56
10 -0.56
11 -0.90
12 -0.90
13 -0.58
14 -0.58
15 -1.18
16 -1.18
17 -1.05
18 -1.05
19 -0.69
20 -0.69
21 0.14
22 0.14
23 -0.52
24 -0.52
25 -0.47
26 -0.47
27 -0.55
28 -0.55
29 -0.33
30 -0.33
31 -0.11
32 -0.11
33 -0.77
34 -0.77
35 -0.56
36 -0.56
37 -0.56
38 -0.56
39 -1.31
40 -1.31
41 -1.16
42 -1.16
43 -0.69
44 -0.69
45 -0.45
46 -0.45
47 -0.73
48 -0.73
49 -1.17
50 -1.17
51 -0.62
52 -0.62
53 -0.28
54 -0.28
55 -0.23
56 -0.23
57 -0.72
58 -0.72
59 -0.64
60 -0.64
61 -0.88
62 -0.88
63 -0.59
64 -0.59
65 -1.53
66 -1.53
67 -0.43
68 -0.43
69 -1.37
70 -1.37
71 -0.77
72 -0.77
73 -0.87
74 -0.87
75 -0.77
76 -0.77
77 -1.12
78 -1.12
79 -0.58
80 -0.58
81 -0.92
82 -0.92
83 -0.52
84 -0.52
85 -0.68
86 -0.68
87 -0.66
88 -0.66
89 -0.94
90 -0.94
91 -0.49
92 -0.49
93 -0.58
94 -0.58
95 -0.88
96 -0.88
97 -1.01
98 -1.01
99 -0.61
100 -0.61
101 -0.82
102 -0.82
