1 -2.60
2 -2.60
3 -5.46
4 -5.46
5 -1.54
6 -1.54
7 -3.60
8 -3.60
9 -1.66
10 -1.66
11 -3.75
12 -3.75
13 -1.78
14 -1.78
15 -2.48
16 -2.48
17 -4.98
18 -4.98
19 -5.29
20 -5.29
21 -1.04
22 -1.04
23 -2.64
24 -2.64
25 -1.49
26 -1.49
27 -1.98
28 -1.98
29 -0.81
30 -0.81
31 1.78
32 1.78
33 -3.95
34 -3.95
35 -4.33
36 -4.33
37 -2.24
38 -2.24
39 -1.98
40 -1.98
41 0.37
42 0.37
43 -0.95
44 -0.95
45 -0.38
46 -0.38
47 -3.47
48 -3.47
49 -2.83
50 -2.83
51 -4.33
52 -4.33
53 0.33
54 0.33
55 -2.31
56 -2.31
57 -1.65
58 -1.65
59 -4.52
60 -4.52
61 0.18
62 0.18
63 -3.29
64 -3.29
65 -0.75
66 -0.75
67 -6.62
68 -6.62
69 -5.25
70 -5.25
71 -1.77
72 -1.77
73 0.06
74 0.06
75 -2.76
76 -2.76
77 -2.30
78 -2.30
79 -2.48
80 -2.48
81 -5.73
82 -5.73
83 -0.57
84 -0.57
85 -2.11
86 -2.11
87 -0.71
88 -0.71
89 -2.62
90 -2.62
91 -1.70
92 -1.70
93 -2.50
94 -2.50
95 -5.90
96 -5.90
97 -2.56
98 -2.56
99 -3.46
100 -3.46
101 1.42
102 1.42
