1	191.96
2	175.71
3	203.5
4	182.33
5	189.93
6	179.88
7	180.8
8	188.13
9	179.49
10	216.15
11	180.65
12	175.22
13	181.81
14	185.84
15	182.97
16	207.39
17	210.45
18	180.15
19	173.45
20	185.95
21	185.85
22	214.38
23	182.49
24	169.33
25	190.89
26	188.17
27	194.41
28	194.99
29	173.86
30	179.64
31	174.66
32	173.47
33	187.62
34	181.45
35	189.97
36	188.16
37	200.19
38	183.12
39	184.32
40	182.2
41	188.3
42	182.66
43	180.24
44	188.53
45	171.13
46	213.3
47	188.03
48	178.73
49	182.21
50	182.62
51	183.07
52	177.60
53	171.26
54	207.5
55	201.73
56	183.35
57	190.82
58	185.89
59	193.76
60	209.39
61	168.90
62	205.59
63	173.70
64	206.47
65	166.77
66	172.71
67	198.12
68	177.91
69	174.23
70	174.69
71	188.11
72	177.02
73	181.13
74	180.2
75	184.05
76	178.36
77	175.71
78	179.41
79	177.53
80	192.75
81	189.6
82	187.92
83	180.72
84	176.41
85	180.89
86	182.86
87	172.50
88	181.88
89	204.83
90	181.93
91	175.86
92	180.67
93	185.83
94	192.64
95	180.35
96	194.45
97	184.02
98	184.22
99	189.03
100	187.49
101	188.59
