1 3.71
2 3.71
3 3.84
4 3.84
5 3.20
6 3.20
7 4.03
8 4.03
9 3.33
10 3.33
11 4.39
12 4.39
13 4.40
14 4.40
15 3.11
16 3.11
17 3.54
18 3.54
19 2.70
20 2.70
21 4.69
22 4.69
23 3.60
24 3.60
25 3.62
26 3.62
27 4.47
28 4.47
29 3.13
30 3.13
31 3.32
32 3.32
33 2.89
34 2.89
35 4.60
36 4.60
37 3.65
38 3.65
39 3.71
40 3.71
41 3.92
42 3.92
43 4.43
44 4.43
45 3.46
46 3.46
47 3.66
48 3.66
49 4.99
50 4.99
51 4.10
52 4.10
53 4.05
54 4.05
55 3.80
56 3.80
57 3.08
58 3.08
59 4.39
60 4.39
61 3.61
62 3.61
63 3.70
64 3.70
65 3.65
66 3.65
67 3.72
68 3.72
69 3.81
70 3.81
71 3.87
72 3.87
73 3.12
74 3.12
75 3.85
76 3.85
77 3.65
78 3.65
79 3.19
80 3.19
81 4.03
82 4.03
83 4.01
84 4.01
85 3.74
86 3.74
87 3.69
88 3.69
89 3.14
90 3.14
91 3.90
92 3.90
93 3.84
94 3.84
95 3.15
96 3.15
97 3.26
98 3.26
99 3.28
100 3.28
101 4.20
102 4.20
103 4.44
104 4.44
105 3.24
106 3.24
107 4.28
108 4.28
109 3.52
110 3.52
111 3.11
112 3.11
113 3.10
114 3.10
115 3.93
116 3.93
117 4.03
118 4.03
119 3.53
120 3.53
121 3.18
122 3.18
123 2.94
124 2.94
125 4.60
126 4.60
127 4.28
128 4.28
129 3.06
130 3.06
131 3.56
132 3.56
133 3.62
134 3.62
135 4.18
136 4.18
137 3.70
138 3.70
139 2.88
140 2.88
141 3.50
142 3.50
143 2.81
144 2.81
145 4.19
146 4.19
147 3.59
148 3.59
149 3.58
150 3.58
151 2.24
152 2.24
153 4.44
154 4.44
155 3.70
156 3.70
157 3.02
158 3.02
159 3.59
160 3.59
161 3.16
162 3.16
163 3.37
164 3.37
165 3.40
166 3.40
167 2.82
168 2.82
169 3.39
170 3.39
171 3.47
172 3.47
173 3.84
174 3.84
175 4.36
176 4.36
177 4.36
178 4.36
179 3.97
180 3.97
181 3.61
182 3.61
183 4.42
184 4.42
185 2.99
186 2.99
187 4.16
188 4.16
189 3.07
190 3.07
191 3.52
192 3.52
193 3.53
194 3.53
195 3.02
196 3.02
197 3.15
198 3.15
199 3.76
200 3.76
201 3.15
202 3.15
