1 -0.09
2 -0.09
3 2.69
4 2.69
5 1.30
6 1.30
7 -1.55
8 -1.55
9 -0.58
10 -0.58
11 2.53
12 2.53
13 2.42
14 2.42
15 -0.99
16 -0.99
17 -2.32
18 -2.32
19 -0.83
20 -0.83
21 -1.73
22 -1.73
23 1.98
24 1.98
25 0.67
26 0.67
27 -0.01
28 -0.01
29 -3.24
30 -3.24
31 -0.16
32 -0.16
33 -1.50
34 -1.50
35 2.37
36 2.37
37 0.03
38 0.03
39 1.35
40 1.35
41 2.06
42 2.06
43 4.33
44 4.33
45 1.58
46 1.58
47 -1.15
48 -1.15
49 -1.37
50 -1.37
51 0.52
52 0.52
53 -1.05
54 -1.05
55 1.61
56 1.61
57 0.29
58 0.29
59 2.36
60 2.36
61 3.75
62 3.75
63 1.61
64 1.61
65 0.19
66 0.19
67 0.97
68 0.97
69 -0.74
70 -0.74
71 1.97
72 1.97
73 1.66
74 1.66
75 -0.23
76 -0.23
77 -2.66
78 -2.66
79 0.29
80 0.29
81 0.37
82 0.37
83 0.62
84 0.62
85 -0.25
86 -0.25
87 0.79
88 0.79
89 3.63
90 3.63
91 -2.71
92 -2.71
93 4.29
94 4.29
95 0.16
96 0.16
97 0.07
98 0.07
99 0.48
100 0.48
101 -0.04
102 -0.04
103 2.24
104 2.24
105 2.21
106 2.21
107 1.23
108 1.23
109 -4.55
110 -4.55
111 2.48
112 2.48
113 0.59
114 0.59
115 -1.08
116 -1.08
117 4.45
118 4.45
119 -0.49
120 -0.49
121 -0.65
122 -0.65
123 -2.92
124 -2.92
125 2.14
126 2.14
127 0.87
128 0.87
129 0.33
130 0.33
131 -6.47
132 -6.47
133 3.39
134 3.39
135 0.89
136 0.89
137 -2.38
138 -2.38
139 -1.35
140 -1.35
141 1.00
142 1.00
143 1.25
144 1.25
145 -0.25
146 -0.25
147 -0.75
148 -0.75
149 0.93
150 0.93
151 -0.43
152 -0.43
153 3.14
154 3.14
155 0.62
156 0.62
157 2.65
158 2.65
159 1.26
160 1.26
161 1.85
162 1.85
163 -0.78
164 -0.78
165 -1.13
166 -1.13
167 -1.11
168 -1.11
169 0.97
170 0.97
171 -1.61
172 -1.61
173 -3.31
174 -3.31
175 -1.46
176 -1.46
177 -1.66
178 -1.66
179 3.10
180 3.10
181 1.66
182 1.66
183 -2.50
184 -2.50
185 2.36
186 2.36
187 3.13
188 3.13
189 3.31
190 3.31
191 0.70
192 0.70
193 -0.31
194 -0.31
195 3.14
196 3.14
197 1.21
198 1.21
199 0.74
200 0.74
201 -0.83
202 -0.83
