1 -4.52
2 -4.52
3 4.81
4 4.81
5 -14.24
6 -14.24
7 -3.19
8 -3.19
9 -11.62
10 -11.62
11 8.73
12 8.73
13 -13.15
14 -13.15
15 -24.34
16 -24.34
17 -15.69
18 -15.69
19 -25.48
20 -25.48
21 -16.44
22 -16.44
23 -0.84
24 -0.84
25 -4.57
26 -4.57
27 -13.48
28 -13.48
29 8.20
30 8.20
31 -0.72
32 -0.72
33 -25.31
34 -25.31
35 -1.53
36 -1.53
37 1.98
38 1.98
39 4.17
40 4.17
41 -15.90
42 -15.90
43 -1.87
44 -1.87
45 -15.75
46 -15.75
47 2.51
48 2.51
49 6.33
50 6.33
51 13.54
52 13.54
53 -3.20
54 -3.20
55 -7.19
56 -7.19
57 -14.45
58 -14.45
59 2.68
60 2.68
61 22.58
62 22.58
63 -9.51
64 -9.51
65 32.08
66 32.08
67 -5.04
68 -5.04
69 -10.87
70 -10.87
71 -1.85
72 -1.85
73 -13.68
74 -13.68
75 -21.94
76 -21.94
77 -19.95
78 -19.95
79 1.12
80 1.12
81 -7.42
82 -7.42
83 4.65
84 4.65
85 24.77
86 24.77
87 2.78
88 2.78
89 1.87
90 1.87
91 -0.14
92 -0.14
93 5.30
94 5.30
95 3.95
96 3.95
97 3.05
98 3.05
99 27.99
100 27.99
101 -5.16
102 -5.16
103 -20.84
104 -20.84
105 -4.16
106 -4.16
107 -19.20
108 -19.20
109 6.02
110 6.02
111 16.39
112 16.39
113 8.23
114 8.23
115 -37.50
116 -37.50
117 -8.04
118 -8.04
119 -25.83
120 -25.83
121 -2.37
122 -2.37
123 1.93
124 1.93
125 -4.75
126 -4.75
127 -17.63
128 -17.63
129 -3.96
130 -3.96
131 -5.82
132 -5.82
133 2.26
134 2.26
135 -25.07
136 -25.07
137 -7.92
138 -7.92
139 2.80
140 2.80
141 29.39
142 29.39
143 -0.67
144 -0.67
145 21.92
146 21.92
147 20.08
148 20.08
149 -2.67
150 -2.67
151 -3.02
152 -3.02
153 -29.83
154 -29.83
155 2.82
156 2.82
157 -14.16
158 -14.16
159 4.04
160 4.04
161 7.29
162 7.29
163 11.55
164 11.55
165 2.93
166 2.93
167 -9.56
168 -9.56
169 15.49
170 15.49
171 -21.76
172 -21.76
173 -4.26
174 -4.26
175 8.14
176 8.14
177 2.12
178 2.12
179 5.50
180 5.50
181 9.63
182 9.63
183 -29.35
184 -29.35
185 -3.41
186 -3.41
187 20.22
188 20.22
189 -1.18
190 -1.18
191 33.04
192 33.04
193 -9.31
194 -9.31
195 2.23
196 2.23
197 3.21
198 3.21
199 -2.23
200 -2.23
201 12.90
202 12.90
