1 -0.63
2 -0.63
3 -1.09
4 -1.09
5 -0.34
6 -0.34
7 -0.69
8 -0.69
9 -1.50
10 -1.50
11 -0.71
12 -0.71
13 -0.97
14 -0.97
15 -0.68
16 -0.68
17 -0.31
18 -0.31
19 -0.85
20 -0.85
21 -1.27
22 -1.27
23 -1.52
24 -1.52
25 -1.00
26 -1.00
27 -0.22
28 -0.22
29 -1.24
30 -1.24
31 -0.93
32 -0.93
33 0.10
34 0.10
35 -0.98
36 -0.98
37 -1.59
38 -1.59
39 -1.54
40 -1.54
41 -0.19
42 -0.19
43 -1.11
44 -1.11
45 -0.47
46 -0.47
47 -1.29
48 -1.29
49 -0.80
50 -0.80
51 -1.18
52 -1.18
53 -0.79
54 -0.79
55 -1.15
56 -1.15
57 -0.60
58 -0.60
59 -0.91
60 -0.91
61 -0.76
62 -0.76
63 -1.44
64 -1.44
65 -1.03
66 -1.03
67 -0.88
68 -0.88
69 -0.65
70 -0.65
71 -0.64
72 -0.64
73 -0.69
74 -0.69
75 -0.70
76 -0.70
77 -0.82
78 -0.82
79 -1.32
80 -1.32
81 -0.92
82 -0.92
83 -0.41
84 -0.41
85 -0.85
86 -0.85
87 -0.56
88 -0.56
89 -0.85
90 -0.85
91 -0.63
92 -0.63
93 -0.44
94 -0.44
95 -1.03
96 -1.03
97 -0.67
98 -0.67
99 -0.81
100 -0.81
101 -1.24
102 -1.24
103 -0.66
104 -0.66
105 -1.25
106 -1.25
107 -0.90
108 -0.90
109 -0.91
110 -0.91
111 -1.03
112 -1.03
113 -0.89
114 -0.89
115 -0.86
116 -0.86
117 -0.51
118 -0.51
119 -2.14
120 -2.14
121 -0.66
122 -0.66
123 -0.87
124 -0.87
125 -1.04
126 -1.04
127 -1.04
128 -1.04
129 -0.98
130 -0.98
131 -0.69
132 -0.69
133 -0.24
134 -0.24
135 -0.49
136 -0.49
137 -1.11
138 -1.11
139 -0.97
140 -0.97
141 -1.33
142 -1.33
143 -0.53
144 -0.53
145 -0.99
146 -0.99
147 -0.33
148 -0.33
149 -0.10
150 -0.10
151 -0.85
152 -0.85
153 -0.47
154 -0.47
155 -0.96
156 -0.96
157 -1.00
158 -1.00
159 -1.38
160 -1.38
161 -0.92
162 -0.92
163 -0.51
164 -0.51
165 -0.63
166 -0.63
167 -1.24
168 -1.24
169 -0.89
170 -0.89
171 -1.28
172 -1.28
173 -0.90
174 -0.90
175 -0.97
176 -0.97
177 -0.78
178 -0.78
179 -0.97
180 -0.97
181 -0.85
182 -0.85
183 -0.33
184 -0.33
185 -1.06
186 -1.06
187 -1.56
188 -1.56
189 -1.47
190 -1.47
191 -0.73
192 -0.73
193 -0.99
194 -0.99
195 -0.95
196 -0.95
197 -1.08
198 -1.08
199 -0.99
200 -0.99
201 -0.85
202 -0.85
