1 38.59
2 38.59
3 34.81
4 34.81
5 42.73
6 42.73
7 37.82
8 37.82
9 36.66
10 36.66
11 36.12
12 36.12
13 44.80
14 44.80
15 42.56
16 42.56
17 42.69
18 42.69
19 41.50
20 41.50
21 37.24
22 37.24
23 36.30
24 36.30
25 38.86
26 38.86
27 38.04
28 38.04
29 40.71
30 40.71
31 41.53
32 41.53
33 41.08
34 41.08
35 38.41
36 38.41
37 33.40
38 33.40
39 40.25
40 40.25
41 45.50
42 45.50
43 38.96
44 38.96
45 47.24
46 47.24
47 39.86
48 39.86
49 41.15
50 41.15
51 41.43
52 41.43
53 39.09
54 39.09
55 36.63
56 36.63
57 41.54
58 41.54
59 38.55
60 38.55
61 28.65
62 28.65
63 41.87
64 41.87
65 27.35
66 27.35
67 36.00
68 36.00
69 42.13
70 42.13
71 38.56
72 38.56
73 42.79
74 42.79
75 49.97
76 49.97
77 40.45
78 40.45
79 36.74
80 36.74
81 41.92
82 41.92
83 39.08
84 39.08
85 31.80
86 31.80
87 37.23
88 37.23
89 36.86
90 36.86
91 38.02
92 38.02
93 38.60
94 38.60
95 37.42
96 37.42
97 37.95
98 37.95
99 25.57
100 25.57
101 29.77
102 29.77
103 40.68
104 40.68
105 34.00
106 34.00
107 38.20
108 38.20
109 29.10
110 29.10
111 34.05
112 34.05
113 40.10
114 40.10
115 42.73
116 42.73
117 38.50
118 38.50
119 31.21
120 31.21
121 39.93
122 39.93
123 36.20
124 36.20
125 33.85
126 33.85
127 42.38
128 42.38
129 42.97
130 42.97
131 34.16
132 34.16
133 38.72
134 38.72
135 44.72
136 44.72
137 35.00
138 35.00
139 38.93
140 38.93
141 30.17
142 30.17
143 38.66
144 38.66
145 37.59
146 37.59
147 27.46
148 27.46
149 41.86
150 41.86
151 41.03
152 41.03
153 42.85
154 42.85
155 38.36
156 38.36
157 41.71
158 41.71
159 26.50
160 26.50
161 33.27
162 33.27
163 37.72
164 37.72
165 41.69
166 41.69
167 37.84
168 37.84
169 37.00
170 37.00
171 40.77
172 40.77
173 43.66
174 43.66
175 36.57
176 36.57
177 40.43
178 40.43
179 33.57
180 33.57
181 39.84
182 39.84
183 46.17
184 46.17
185 32.39
186 32.39
187 35.21
188 35.21
189 36.17
190 36.17
191 24.80
192 24.80
193 41.62
194 41.62
195 38.20
196 38.20
197 37.29
198 37.29
199 39.88
200 39.88
201 37.23
202 37.23
