1 1.19
2 1.19
3 2.85
4 2.85
5 -9.03
6 -9.03
7 -8.27
8 -8.27
9 -3.51
10 -3.51
11 -16.63
12 -16.63
13 24.31
14 24.31
15 27.96
16 27.96
17 5.09
18 5.09
19 -5.98
20 -5.98
21 5.63
22 5.63
23 -25.16
24 -25.16
25 15.13
26 15.13
27 15.75
28 15.75
29 6.87
30 6.87
31 -3.33
32 -3.33
33 -8.64
34 -8.64
35 -6.93
36 -6.93
37 14.96
38 14.96
39 -8.16
40 -8.16
41 10.02
42 10.02
43 15.50
44 15.50
45 -24.56
46 -24.56
47 4.38
48 4.38
49 29.41
50 29.41
51 6.13
52 6.13
53 -19.57
54 -19.57
55 -2.92
56 -2.92
57 4.24
58 4.24
59 1.10
60 1.10
61 -23.23
62 -23.23
63 10.99
64 10.99
65 -12.66
66 -12.66
67 4.96
68 4.96
69 46.37
70 46.37
71 -2.30
72 -2.30
73 8.05
74 8.05
75 -31.12
76 -31.12
77 -7.82
78 -7.82
79 12.99
80 12.99
81 3.82
82 3.82
83 -14.63
84 -14.63
85 1.40
86 1.40
87 0.15
88 0.15
89 35.28
90 35.28
91 -5.49
92 -5.49
93 4.95
94 4.95
95 -1.68
96 -1.68
97 26.54
98 26.54
99 -16.67
100 -16.67
101 10.93
102 10.93
