1 -7.67
2 -7.67
3 -32.21
4 -32.21
5 5.02
6 5.02
7 -0.46
8 -0.46
9 2.57
10 2.57
11 11.11
12 11.11
13 2.18
14 2.18
15 10.17
16 10.17
17 20.98
18 20.98
19 16.94
20 16.94
21 -7.91
22 -7.91
23 6.58
24 6.58
25 -8.92
26 -8.92
27 6.33
28 6.33
29 7.16
30 7.16
31 5.32
32 5.32
33 5.50
34 5.50
35 14.67
36 14.67
37 12.67
38 12.67
39 21.66
40 21.66
41 -22.01
42 -22.01
43 -4.91
44 -4.91
45 7.31
46 7.31
47 -12.04
48 -12.04
49 20.30
50 20.30
51 15.72
52 15.72
53 9.96
54 9.96
55 -1.40
56 -1.40
57 -7.46
58 -7.46
59 16.99
60 16.99
61 -5.67
62 -5.67
63 -16.49
64 -16.49
65 -9.24
66 -9.24
67 8.91
68 8.91
69 17.58
70 17.58
71 -8.76
72 -8.76
73 19.30
74 19.30
75 26.68
76 26.68
77 -17.67
78 -17.67
79 15.52
80 15.52
81 26.60
82 26.60
83 7.79
84 7.79
85 6.27
86 6.27
87 10.11
88 10.11
89 -16.60
90 -16.60
91 0.23
92 0.23
93 5.53
94 5.53
95 17.09
96 17.09
97 -13.67
98 -13.67
99 -3.20
100 -3.20
101 4.29
102 4.29
