1 34.86
2 34.86
3 35.88
4 35.88
5 32.75
6 32.75
7 30.34
8 30.34
9 35.00
10 35.00
11 26.34
12 26.34
13 34.36
14 34.36
15 26.98
16 26.98
17 25.81
18 25.81
19 27.12
20 27.12
21 35.22
22 35.22
23 29.64
24 29.64
25 36.84
26 36.84
27 33.35
28 33.35
29 30.83
30 30.83
31 36.75
32 36.75
33 26.63
34 26.63
35 27.47
36 27.47
37 30.37
38 30.37
39 23.39
40 23.39
41 35.56
42 35.56
43 26.67
44 26.67
45 34.11
46 34.11
47 36.06
48 36.06
49 29.05
50 29.05
51 24.34
52 24.34
53 36.23
54 36.23
55 26.95
56 26.95
57 32.81
58 32.81
59 32.56
60 32.56
61 34.29
62 34.29
63 35.98
64 35.98
65 26.26
66 26.26
67 24.55
68 24.55
69 24.00
70 24.00
71 34.95
72 34.95
73 23.98
74 23.98
75 27.07
76 27.07
77 39.85
78 39.85
79 26.30
80 26.30
81 26.53
82 26.53
83 28.63
84 28.63
85 25.55
86 25.55
87 28.51
88 28.51
89 29.37
90 29.37
91 27.18
92 27.18
93 29.31
94 29.31
95 26.17
96 26.17
97 38.57
98 38.57
99 30.34
100 30.34
101 29.72
102 29.72
