1	284.85
2	295.02
3	306.56
4	292.88
5	293.65
6	295.23
7	292.41
8	262.97
9	306.6
10	297.74
11	313.68
12	296.11
13	299.17
14	298.24
15	309.1
16	311.8
17	305.88
18	297.72
19	312.39
20	303.42
21	297.6
22	289.94
23	297.52
24	296.16
25	291.12
26	260.71
27	297.6
28	307.48
29	299.93
30	305.06
31	302.75
32	289.92
33	287.54
34	249.74
35	303.85
36	278.85
37	292.43
38	294.85
39	285.8
40	306.66
41	271.91
42	298.37
43	301.14
44	305
45	283.66
46	251.56
47	292.29
48	293.55
49	263.59
50	292.2
51	289.77
52	292.23
53	300.98
54	287.19
55	283.44
56	287.28
57	314.26
58	308.67
59	297.09
60	295.38
61	281.52
62	266.65
63	292.39
64	295.63
65	305.57
66	305.89
67	288.16
68	286.97
69	300.79
70	301.54
71	298.5
72	299.54
73	303.34
74	288.1
75	297.69
76	296.18
77	250.62
78	289.02
79	280.82
80	298.72
81	297.48
82	298
83	303.96
84	300.62
85	302.7
86	303.66
87	291.62
88	295.97
89	303.38
90	301.15
91	279.01
92	289.32
93	297.82
94	296.86
95	278.51
96	295.14
97	276.41
98	282.96
99	303.17
100	302.94
101	305.19
