1	-31.14
2	-56.3
3	-44.76
4	-10.2
5	16.89
6	-33.87
7	-75.74
8	-77.54
9	-39.93
10	-8.22
11	-85.87
12	-32.48
13	-49.97
14	-42.1
15	-80.76
16	-61.56
17	-57.28
18	-62.8
19	-54.3
20	-118.19
21	-63.82
22	-89.99
23	-35.94
24	65.41
25	-74.93
26	-11.66
27	-68.54
28	-69.1
29	-52.23
30	-50.55
31	-81.1
32	-59.39
33	-106.21
34	88.49
35	19.99
36	-92.85
37	-90.12
38	-83.04
39	-9.64999999999998
40	-95.97
41	3.31
42	-33.04
43	-120.16
44	-142.11
45	-78.03
46	62.06
47	-84.24
48	-66.1
49	1.89999999999998
50	-50.44
51	-136.99
52	-146.23
53	-73.84
54	-118.02
55	-152.97
56	-139.09
57	-72.41
58	-79.11
59	-119.78
60	-144.29
61	-38.94
62	-88.53
63	-66.85
64	-101.14
65	-67.14
66	-76.91
67	-84.48
68	-49.01
69	-51.57
70	-39.05
71	-66.21
72	-50.93
73	-45.7
74	-49.48
75	-57.46
76	-91.81
77	73.21
78	-73.56
79	-26.8
80	-71.77
81	-36.92
82	-71
83	-37.37
84	-21.46
85	-97.79
86	-66.95
87	-34.88
88	-54.57
89	-62.96
90	-113.37
91	-19.07
92	0.0900000000000034
93	-59.54
94	-47.84
95	-82.28
96	-102.19
97	35
98	5.5
99	-96.89
100	-53.77
101	-57.52
