1	239.83
2	257.39
3	242.52
4	216.98
5	194.35
6	238.37
7	270.7
8	284.71
9	241.82
10	207.45
11	278.52
12	227.4
13	245
14	245.99
15	272.24
16	259.65
17	262.78
18	256.05
19	252.44
20	302.8
21	252.38
22	286.5
23	226.86
24	169.26
25	263.39
26	245.87
27	256.91
28	267.34
29	257.14
30	243.19
31	267.91
32	254.48
33	294.16
34	171.61
35	219.43
36	286.79
37	275.32
38	280.6
39	211.51
40	280.2
41	210.02
42	244.36
43	304.82
44	319.35
45	265.6
46	181.85
47	270.91
48	253.19
49	214.58
50	253.14
51	317.78
52	327.08
53	267.46
54	295.19
55	329.35
56	319.24
57	265.69
58	272.75
59	305.91
60	322.92
61	240.22
62	286.71
63	273.87
64	297.06
65	261.15
66	266.41
67	281.18
68	241.38
69	237.56
70	238.64
71	255.7
72	252.6
73	234.34
74	251.39
75	262.88
76	279.14
77	180.31
78	273.73
79	222.97
80	270.03
81	239.28
82	254.5
83	234.13
84	217.66
85	292.56
86	253.19
87	230.3
88	243.22
89	265.42
90	300.67
91	221.69
92	199.84
93	251.41
94	254.91
95	269.91
96	287.37
97	183.6
98	208.93
99	275.55
100	251.4
101	252.37
