1	167.53
2	167.17
3	164.74
4	167.55
5	166.11
6	164.21
7	166.72
8	166.85
9	164.58
10	168.21
11	167.63
12	165.39
13	165.30
14	167.60
15	167.27
16	165.50
17	167.83
18	166.15
19	167.00
20	168.46
21	166.15
22	166.09
23	166.37
24	162.84
25	168.28
26	167.02
27	166.67
28	165.15
29	166.45
30	168.27
31	170.07
32	168.78
33	169.72
34	165.65
35	166.08
36	164.28
37	166.96
38	166.66
39	166.75
40	169.85
41	165.70
42	165.13
43	167.17
44	166.28
45	166.67
46	165.18
47	168.67
48	166.14
49	167.46
50	165.39
51	166.62
