1	0.00
2	0.02
3	0.02
4	0.10
5	-0.07
6	0.16
7	0.10
8	0.04
9	0.11
10	0.06
11	-0.06
12	0.00
13	0.20
14	-0.03
15	-0.02
16	-0.07
17	-0.04
18	0.06
19	0.00
20	0.05
21	0.08
22	0.01
23	-0.06
24	-0.04
25	0.01
26	0.10
27	0.07
28	0.05
29	-0.03
30	0.06
31	-0.03
32	0.05
33	0.06
34	0.08
35	0.06
36	0.09
37	0.13
38	0.01
39	0.07
40	0.02
41	0.04
42	0.09
43	0.16
44	0.10
45	0.05
46	0.08
47	0.07
48	0.03
49	0.09
50	0.05
51	0.16
52	0.11
53	0.12
54	0.11
55	-0.08
56	-0.01
57	0.09
58	-0.02
59	0.17
60	0.03
61	0.06
62	0.07
63	0.13
64	0.05
65	0.02
66	0.05
67	0.00
68	0.02
69	0.08
70	0.07
71	0.14
72	0.03
73	0.05
74	0.00
75	0.08
76	0.06
77	0.09
78	-0.02
79	0.03
80	0.06
81	0.00
82	0.02
83	0.12
84	0.14
85	0.14
86	0.06
87	0.00
88	-0.03
89	0.08
90	0.03
91	0.03
92	0.06
93	0.07
94	0.02
95	-0.02
96	-0.06
97	0.06
98	-0.02
99	-0.06
100	0.05
101	0.11
