1 3.11
2 3.11
3 2.97
4 2.97
5 3.40
6 3.40
7 3.66
8 3.66
9 2.20
10 2.20
11 3.02
12 3.02
13 3.68
14 3.68
15 3.84
16 3.84
17 2.57
18 2.57
19 2.89
20 2.89
21 2.71
22 2.71
23 2.57
24 2.57
25 3.75
26 3.75
27 3.85
28 3.85
29 3.80
30 3.80
31 3.14
32 3.14
33 2.80
34 2.80
35 3.93
36 3.93
37 3.71
38 3.71
39 3.42
40 3.42
41 2.57
42 2.57
43 3.54
44 3.54
45 3.04
46 3.04
47 2.12
48 2.12
49 3.07
50 3.07
51 3.77
52 3.77
53 3.86
54 3.86
55 3.38
56 3.38
57 2.99
58 2.99
59 3.62
60 3.62
61 2.42
62 2.42
63 2.46
64 2.46
65 3.43
66 3.43
67 2.94
68 2.94
69 2.65
70 2.65
71 3.26
72 3.26
73 3.27
74 3.27
75 2.72
76 2.72
77 2.16
78 2.16
79 3.32
80 3.32
81 3.35
82 3.35
83 4.00
84 4.00
85 2.91
86 2.91
87 3.61
88 3.61
89 2.95
90 2.95
91 3.46
92 3.46
93 2.35
94 2.35
95 1.97
96 1.97
97 3.53
98 3.53
99 2.13
100 2.13
101 3.18
102 3.18
