1	1.51
2	1.40
3	-1.38
4	5.50
5	0.37
6	2.81
7	0.08
8	4.79
9	1.57
10	0.87
11	-4.49
12	-2.43
13	0.94
14	-1.33
15	2.81
16	-3.71
17	-2.54
18	-4.06
19	2.75
20	3.40
21	8.89
22	-0.84
23	3.43
24	2.37
25	2.92
26	6.34
27	-0.20
28	6.75
29	8.94
30	-4.12
31	16.05
32	-1.70
33	0.68
34	5.18
35	0.83
36	-1.26
37	8.16
38	1.36
39	-0.62
40	-5.14
41	-3.55
42	-4.56
43	-2.75
44	3.33
45	5.28
46	-5.38
47	3.60
48	-0.85
49	2.95
50	3.95
51	-0.37
52	1.03
53	1.20
54	-1.79
55	-4.70
56	0.76
57	13.40
58	2.35
59	3.07
60	-0.57
61	7.26
62	5.75
63	-3.68
64	1.08
65	-3.41
66	-3.38
67	13.64
68	1.58
69	3.71
70	6.39
71	0.81
72	3.97
73	5.43
74	1.53
75	-2.10
76	3.11
77	-3.85
78	1.59
79	4.44
80	-0.76
81	-0.27
82	7.66
83	-0.73
84	0.10
85	3.03
86	-1.67
87	0.49
88	-1.40
89	4.33
90	4.08
91	2.93
92	0.81
93	-0.87
94	-2.61
95	-7.79
96	4.53
97	-5.60
98	12.63
99	6.64
100	-5.12
101	1.89
