1	-0.22
2	-0.10
3	-0.34
4	-0.19
5	0.00
6	-0.11
7	-0.10
8	-0.02
9	-0.24
10	-0.23
11	-0.16
12	-0.21
13	-0.12
14	-0.20
15	-0.21
16	-0.27
17	-0.14
18	-0.29
19	-0.19
20	-0.10
21	-0.10
22	-0.26
23	-0.08
24	-0.08
25	-0.12
26	0.02
27	-0.22
28	-0.10
29	0.01
30	-0.09
31	0.17
32	-0.20
33	-0.28
34	0.06
35	-0.10
36	-0.27
37	-0.04
38	-0.25
39	-0.15
40	-0.19
41	-0.11
42	-0.21
43	-0.20
44	-0.08
45	-0.02
46	-0.33
47	0.00
48	0.00
49	0.00
50	-0.10
51	-0.35
52	-0.16
53	-0.06
54	-0.22
55	0.03
56	-0.16
57	0.01
58	-0.11
59	-0.06
60	-0.08
61	-0.07
62	-0.06
63	-0.23
64	-0.16
65	-0.17
66	-0.37
67	0.06
68	-0.18
69	-0.09
70	-0.09
71	-0.22
72	-0.14
73	-0.18
74	-0.25
75	-0.18
76	-0.08
77	-0.15
78	-0.16
79	0.02
80	-0.20
81	-0.27
82	-0.08
83	-0.23
84	-0.15
85	0.13
86	-0.23
87	-0.21
88	-0.20
89	-0.08
90	-0.10
91	-0.11
92	-0.05
93	-0.10
94	-0.22
95	-0.27
96	-0.16
97	-0.16
98	0.07
99	-0.04
100	-0.21
101	-0.19
