1	3.60
2	3.91
3	3.71
4	2.51
5	2.41
6	3.54
7	2.30
8	3.24
9	3.45
10	3.19
11	4.15
12	3.19
13	3.32
14	2.25
15	3.50
16	2.75
17	5.02
18	2.73
19	3.88
20	3.74
21	2.41
22	3.30
23	4.02
24	3.64
25	2.99
26	4.88
27	3.93
28	3.89
29	2.98
30	3.74
31	2.49
32	4.41
33	4.69
34	3.65
35	3.59
36	3.43
37	3.45
38	3.05
39	3.62
40	4.09
41	2.77
42	3.19
43	4.70
44	3.98
45	2.91
46	3.55
47	2.81
48	4.70
49	4.68
50	4.22
51	2.85
52	3.08
53	4.26
54	5.25
55	3.64
56	3.66
57	3.15
58	2.63
59	3.32
60	3.37
61	3.62
62	3.95
63	2.76
64	4.17
65	2.71
66	4.20
67	3.14
68	2.75
69	3.93
70	3.77
71	4.65
72	3.09
73	5.17
74	4.27
75	4.33
76	2.91
77	2.93
78	4.05
79	3.29
80	3.77
81	3.29
82	2.89
83	4.04
84	3.18
85	3.49
86	3.09
87	3.06
88	2.66
89	3.13
90	4.41
91	3.21
92	3.60
93	3.23
94	4.56
95	3.94
96	5.25
97	3.42
98	3.39
99	3.57
100	3.52
101	3.07
