1	-6.32
2	-13.11
3	15.02
4	25.32
5	32.97
6	4.81
7	20.72
8	12.42
9	21.25
10	16.97
11	-16.84
12	8.49
13	8.61
14	31.59
15	4.08
16	23.07
17	-23.55
18	17.14
19	-10.06
20	-4.52
21	25.24
22	6.02
23	-1.13
24	-6.46
25	10.60
26	-45.77
27	-7.90
28	0.38
29	22.72
30	-1.31
31	25.13
32	-11.16
33	-21.45
34	-0.31
35	-2.95
36	4.18
37	3.42
38	16.40
39	0.24
40	-5.95
41	24.59
42	14.09
43	-36.90
44	-14.24
45	3.84
46	-3.73
47	23.91
48	-25.94
49	-22.35
50	-23.15
51	45.73
52	33.95
53	-4.31
54	-39.77
55	-0.58
56	-2.03
57	7.59
58	26.12
59	10.48
60	-9.64
61	12.19
62	-10.26
63	27.92
64	-9.15
65	36.38
66	-8.89
67	9.09
68	38.71
69	14.18
70	-2.92
71	-25.03
72	13.45
73	-30.47
74	-5.50
75	-7.38
76	17.42
77	22.31
78	-3.55
79	17.09
80	-10.38
81	2.23
82	11.74
83	-5.40
84	9.80
85	20.93
86	11.60
87	13.72
88	21.64
89	15.61
90	-20.61
91	19.72
92	-8.28
93	33.77
94	-17.11
95	-4.71
96	-41.75
97	23.15
98	-5.26
99	-4.79
100	-0.31
101	3.38
