1	-0.08
2	1.96
3	-0.78
4	-4.06
5	1.65
6	-0.43
7	0.80
8	-1.72
9	5.48
10	2.03
11	3.90
12	1.17
13	2.48
14	0.58
15	2.98
16	-1.37
17	0.88
18	2.35
19	2.42
20	1.42
21	0.59
22	0.98
23	1.46
24	2.09
25	5.77
26	-0.49
27	1.38
28	3.24
29	0.85
30	1.10
31	0.76
32	1.72
33	0.50
34	0.18
35	3.18
36	-0.45
37	-2.31
38	-1.31
39	2.27
40	2.72
41	2.92
42	2.19
43	-0.61
44	1.10
45	0.11
46	1.66
47	-1.18
48	1.77
49	1.60
50	0.29
51	4.88
52	2.14
53	1.80
54	1.96
55	1.57
56	3.88
57	3.02
58	3.47
59	1.50
60	3.60
61	3.56
62	2.94
63	2.09
64	3.15
65	-1.77
66	3.59
67	0.53
68	2.22
69	-0.21
70	3.83
71	0.15
72	0.47
73	0.93
74	2.27
75	0.35
76	-1.51
77	1.48
78	3.97
79	1.73
80	0.99
81	-1.89
82	2.60
83	1.83
84	2.77
85	2.93
86	0.49
87	-0.15
88	4.46
89	0.77
90	3.71
91	-1.85
92	3.19
93	4.70
94	2.06
95	1.40
96	1.13
97	1.77
98	1.77
99	0.61
100	1.84
101	1.84
