1	33.04
2	33.91
3	27.79
4	26.84
5	20.05
6	26.18
7	26.81
8	26.32
9	30.45
10	25.26
11	34.93
12	25.87
13	25.05
14	25.80
15	29.71
16	24.07
17	37.12
18	31.12
19	31.41
20	32.88
21	23.41
22	32.32
23	33.16
24	34.41
25	25.10
26	36.61
27	35.22
28	31.88
29	23.98
30	28.18
31	24.05
32	33.15
33	31.76
34	36.46
35	30.25
36	28.28
37	30.66
38	22.55
39	31.16
40	32.87
41	26.41
42	33.96
43	36.17
44	32.84
45	28.28
46	31.62
47	25.07
48	36.62
49	37.16
50	36.21
51	14.69
52	21.55
53	29.83
54	33.88
55	31.78
56	30.67
57	25.73
58	21.27
59	27.91
60	30.31
61	28.62
62	29.25
63	24.06
64	28.90
65	19.95
66	31.43
67	24.01
68	16.99
69	24.39
70	30.16
71	31.24
72	24.77
73	36.18
74	37.16
75	27.00
76	30.29
77	27.22
78	32.20
79	24.35
80	32.82
81	29.89
82	27.61
83	32.37
84	27.85
85	22.93
86	26.91
87	28.26
88	27.29
89	29.19
90	34.53
91	20.95
92	26.66
93	17.34
94	30.65
95	28.77
96	40.11
97	21.82
98	32.10
99	31.70
100	31.18
101	28.99
