1	-56.7
2	-45.62
3	-41.42
4	-45.17
5	-19.34
6	63.25
7	-28.86
8	8.55000000000001
9	-43.34
10	-41.04
11	-61.22
12	-33.16
13	-54.74
14	-39.31
15	-73.88
16	-43.49
17	8.72999999999999
18	23.13
19	-41.19
20	-47.43
21	-52.09
22	-38.98
23	-11.96
24	-47.15
25	-43.82
26	19.87
27	-36.98
28	-101.91
29	-42.39
30	-45.15
31	-12.21
32	-84.03
33	69.24
34	-26.63
35	-46.77
36	13.48
37	-38.94
38	-45.49
39	-55.18
40	-40.43
41	-29.05
42	-78.42
43	10.23
44	37.96
45	-18.61
46	-7.03
47	-53.35
48	-61.3
49	15.46
50	-33.38
51	-81.07
