1	153.42
2	159.19
3	163.97
4	119.32
5	151.90
6	130.60
7	156.51
8	138.75
9	170.91
10	161.83
11	163.12
12	152.44
13	144.32
14	148.99
15	122.73
16	148.72
17	149.14
18	137.24
19	166.08
20	144.26
21	154.04
22	140.92
23	149.38
24	150.36
25	136.81
26	149.71
27	142.94
28	130.16
29	150.69
30	148.91
31	143.38
32	177.19
33	126.48
34	156.06
35	154.72
36	151.49
37	139.60
38	158.71
39	132.32
40	138.01
41	133.58
42	149.01
43	145.71
44	132.87
45	153.95
46	144.11
47	159.81
48	153.20
49	142.76
50	162.64
51	137.94
