#Frame            C-E
       1     145.5184
       2     147.4515
       3     149.5545
       4     147.3128
       5     146.6038
       6     145.3674
       7     148.8792
       8     144.2786
       9     149.2865
      10     151.9856
      11     155.6082
      12     153.2028
      13     155.8173
      14     155.8877
      15     154.9764
      16     151.6076
      17     152.4651
      18     154.3567
      19     155.6707
      20     153.5848
      21     154.1927
      22     155.0798
      23     151.3907
      24     151.9426
      25     146.6574
      26     144.1794
      27     143.1988
      28     141.6245
      29     143.7020
      30     143.4397
      31     143.8629
      32     147.3382
      33     151.0692
      34     154.3385
      35     151.4698
      36     151.7301
      37     152.8291
      38     155.1267
      39     154.0053
      40     154.6211
      41     156.6623
      42     155.3530
      43     158.0945
      44     160.1376
      45     162.4623
      46     162.2898
      47     159.9879
      48     160.0401
      49     160.1419
      50     158.4254
      51     157.0964
