1 3.58
2 3.58
3 3.56
4 3.56
5 3.45
6 3.45
7 3.60
8 3.60
9 3.45
10 3.45
11 3.76
12 3.76
13 3.68
14 3.68
15 3.50
16 3.50
17 3.46
18 3.46
19 3.53
20 3.53
21 3.51
22 3.51
23 3.64
24 3.64
25 3.62
26 3.62
27 3.51
28 3.51
29 3.58
30 3.58
31 3.52
32 3.52
33 3.47
34 3.47
35 3.58
36 3.58
37 3.56
38 3.56
39 3.42
40 3.42
41 3.69
42 3.69
43 3.58
44 3.58
45 3.38
46 3.38
47 3.52
48 3.52
49 3.58
50 3.58
51 3.48
52 3.48
53 3.53
54 3.53
55 3.61
56 3.61
57 3.50
58 3.50
59 3.57
60 3.57
61 3.61
62 3.61
63 3.56
64 3.56
65 3.62
66 3.62
67 3.54
68 3.54
69 3.48
70 3.48
71 3.58
72 3.58
73 3.56
74 3.56
75 3.57
76 3.57
77 3.53
78 3.53
79 3.49
80 3.49
81 3.55
82 3.55
83 3.46
84 3.46
85 3.43
86 3.43
87 3.43
88 3.43
89 3.47
90 3.47
91 3.54
92 3.54
93 3.55
94 3.55
95 3.49
96 3.49
97 3.52
98 3.52
99 3.48
100 3.48
101 3.54
102 3.54
