1 -0.49
2 -0.49
3 -0.51
4 -0.51
5 -0.48
6 -0.48
7 -0.47
8 -0.47
9 -0.55
10 -0.55
11 -0.50
12 -0.50
13 -0.52
14 -0.52
15 -0.50
16 -0.50
17 -0.49
18 -0.49
19 -0.50
20 -0.50
21 -0.47
22 -0.47
23 -0.47
24 -0.47
25 -0.46
26 -0.46
27 -0.50
28 -0.50
29 -0.43
30 -0.43
31 -0.49
32 -0.49
33 -0.51
34 -0.51
35 -0.47
36 -0.47
37 -0.51
38 -0.51
39 -0.49
40 -0.49
41 -0.48
42 -0.48
43 -0.50
44 -0.50
45 -0.51
46 -0.51
47 -0.50
48 -0.50
49 -0.48
50 -0.48
51 -0.52
52 -0.52
53 -0.52
54 -0.52
55 -0.54
56 -0.54
57 -0.51
58 -0.51
59 -0.53
60 -0.53
61 -0.49
62 -0.49
63 -0.59
64 -0.59
65 -0.44
66 -0.44
67 -0.53
68 -0.53
69 -0.55
70 -0.55
71 -0.49
72 -0.49
73 -0.49
74 -0.49
75 -0.50
76 -0.50
77 -0.49
78 -0.49
79 -0.44
80 -0.44
81 -0.46
82 -0.46
83 -0.48
84 -0.48
85 -0.51
86 -0.51
87 -0.48
88 -0.48
89 -0.48
90 -0.48
91 -0.46
92 -0.46
93 -0.57
94 -0.57
95 -0.53
96 -0.53
97 -0.50
98 -0.50
99 -0.56
100 -0.56
101 -0.49
102 -0.49
