1 3.06
2 3.06
3 2.18
4 2.18
5 3.43
6 3.43
7 3.81
8 3.81
9 3.44
10 3.44
11 2.97
12 2.97
13 3.67
14 3.67
15 2.78
16 2.78
17 3.41
18 3.41
19 3.26
20 3.26
21 2.89
22 2.89
23 4.09
24 4.09
25 3.01
26 3.01
27 4.02
28 4.02
29 2.82
30 2.82
31 4.24
32 4.24
33 2.86
34 2.86
35 3.64
36 3.64
37 2.93
38 2.93
39 3.45
40 3.45
41 3.09
42 3.09
43 3.61
44 3.61
45 2.86
46 2.86
47 3.12
48 3.12
49 3.11
50 3.11
51 2.26
52 2.26
53 3.36
54 3.36
55 2.69
56 2.69
57 3.50
58 3.50
59 3.50
60 3.50
61 3.84
62 3.84
63 2.29
64 2.29
65 1.37
66 1.37
67 3.27
68 3.27
69 3.40
70 3.40
71 3.04
72 3.04
73 3.65
74 3.65
75 3.90
76 3.90
77 3.10
78 3.10
79 3.04
80 3.04
81 3.60
82 3.60
83 3.85
84 3.85
85 2.95
86 2.95
87 2.57
88 2.57
89 3.44
90 3.44
91 3.08
92 3.08
93 3.69
94 3.69
95 2.11
96 2.11
97 2.23
98 2.23
99 2.92
100 2.92
101 3.11
102 3.11
103 3.42
104 3.42
105 1.39
106 1.39
107 1.13
108 1.13
109 2.85
110 2.85
111 3.12
112 3.12
113 3.29
114 3.29
115 4.12
116 4.12
117 2.70
118 2.70
119 2.65
120 2.65
121 3.52
122 3.52
123 1.22
124 1.22
125 3.58
126 3.58
127 2.99
128 2.99
129 3.98
130 3.98
131 2.37
132 2.37
133 3.66
134 3.66
135 3.58
136 3.58
137 3.26
138 3.26
139 2.16
140 2.16
141 2.14
142 2.14
143 3.90
144 3.90
145 2.23
146 2.23
147 2.54
148 2.54
149 2.83
150 2.83
151 3.73
152 3.73
153 4.16
154 4.16
155 3.09
156 3.09
157 3.81
158 3.81
159 2.21
160 2.21
161 3.17
162 3.17
163 3.64
164 3.64
165 2.62
166 2.62
167 3.59
168 3.59
169 3.51
170 3.51
171 2.69
172 2.69
173 3.97
174 3.97
175 4.01
176 4.01
177 3.50
178 3.50
179 2.84
180 2.84
181 3.78
182 3.78
183 3.14
184 3.14
185 2.65
186 2.65
187 2.26
188 2.26
189 2.28
190 2.28
191 3.12
192 3.12
193 3.70
194 3.70
195 3.17
196 3.17
197 3.24
198 3.24
199 3.14
200 3.14
201 3.13
202 3.13
