1	57.64
2	56.08
3	39.55
4	59.87
5	55.15
6	49.51
7	54.54
8	47.96
9	58.07
10	58.44
11	58.82
12	56.67
13	57.96
14	44.62
15	59.43
16	53.81
17	58.05
18	57.97
19	54.99
20	58.99
21	49.22
22	51.91
23	64.64
24	64.55
25	60.57
26	52.57
27	64.49
28	59.17
29	53.24
30	51.81
31	55.66
32	67.81
33	55.92
34	49.01
35	55.54
36	45.84
37	54.64
38	61.22
39	51.68
40	58.41
41	56.93
42	65.79
43	55.75
44	52.05
45	56.08
46	55.14
47	55.11
48	55.99
49	61.87
50	61.88
51	50.07
52	61.45
53	57.65
54	65.71
55	58.59
56	65.26
57	50.24
58	53.73
59	65.79
60	58.00
61	56.80
62	56.92
63	54.58
64	55.71
65	61.23
66	70.82
67	53.54
68	53.69
69	56.70
70	61.33
71	53.84
72	63.27
73	54.14
74	70.28
75	60.50
76	59.84
77	64.49
78	49.83
79	55.60
80	51.93
81	53.18
82	60.57
83	60.12
84	57.65
85	54.21
86	56.30
87	54.30
88	53.23
89	50.84
90	56.32
91	50.05
92	52.26
93	51.70
94	56.01
95	65.97
96	48.51
97	53.66
98	61.73
99	53.94
100	53.38
101	55.32
