1	-1.08
2	-3.63
3	-6.58
4	-5.17
5	-0.33
6	6.15
7	-9.03
8	-0.50
9	-6.90
10	0.42
11	0.54
12	-9.85
13	-9.60
14	-5.67
15	-5.12
16	-19.65
17	3.99
18	-4.71
19	-9.25
20	5.58
21	-5.11
22	-1.86
23	-7.03
24	-3.84
25	-5.94
26	-0.65
27	3.06
28	-0.69
29	-0.38
30	-2.09
31	-8.95
32	-4.43
33	-5.71
34	4.73
35	0.59
36	-6.24
37	-0.78
38	4.05
39	-1.04
40	-2.15
41	2.36
42	-5.97
43	0.06
44	-0.92
45	-8.39
46	-5.28
47	-3.39
48	-9.40
49	-8.76
50	-6.49
51	-12.61
52	0.85
53	-20.57
54	-4.28
55	-5.65
56	-4.49
57	-9.10
58	1.61
59	-8.31
60	-2.09
61	0.46
62	8.07
63	1.21
64	-5.57
65	-5.60
66	1.52
67	-0.87
68	-10.91
69	-7.81
70	2.71
71	9.09
72	-0.03
73	-2.67
74	-4.74
75	-5.12
76	0.39
77	-4.97
78	-2.69
79	1.12
80	-4.72
81	-1.45
82	1.38
83	-9.62
84	-4.62
85	3.45
86	-3.06
87	3.50
88	4.88
89	-5.60
90	-1.42
91	9.75
92	-1.75
93	-3.85
94	-7.46
95	-3.53
96	-4.81
97	-1.70
98	3.84
99	-8.47
100	1.56
101	-5.99
