1	-10.02
2	-7.68
3	-14.45
4	-8.70
5	-12.52
6	-8.43
7	-10.99
8	-3.50
9	-13.67
10	-13.00
11	-14.50
12	-12.32
13	-16.55
14	-9.97
15	-16.06
16	-12.27
17	-7.96
18	-9.95
19	-13.99
20	-11.71
21	-13.00
22	-14.26
23	-10.89
24	-14.03
25	-14.30
26	-5.69
27	-5.48
28	-15.34
29	-10.48
30	-13.85
31	-14.10
32	-15.48
33	-6.01
34	-8.51
35	-11.84
36	-21.20
37	-13.01
38	-13.15
39	-15.85
40	-9.08
41	-5.61
42	-13.88
43	-16.88
44	-11.29
45	-13.32
46	-6.09
47	-15.68
48	-13.74
49	-7.38
50	-10.74
51	-4.44
52	-3.23
53	-11.45
54	-6.89
55	-4.70
56	-18.96
57	-14.86
58	-11.81
59	-9.28
60	-9.28
61	-11.18
62	-8.32
63	-14.99
64	-15.14
65	-19.50
66	-15.85
67	-15.71
68	-8.85
69	-14.63
70	-7.50
71	-14.51
72	-19.41
73	-7.89
74	-12.82
75	-14.86
76	-13.17
77	-7.88
78	-18.85
79	-12.38
80	-3.55
81	-28.09
82	-7.85
83	-5.76
84	-8.53
85	-11.06
86	-8.50
87	-13.96
88	-21.50
89	-11.95
90	-0.80
91	-13.32
92	-8.70
93	-9.10
94	-7.65
95	-7.79
96	-6.98
97	-18.31
98	-11.61
99	-9.37
100	-18.12
101	-23.26
