1	0.01
2	-0.02
3	-0.04
4	-0.01
5	-0.01
6	-0.07
7	0.11
8	0.24
9	0.01
10	-0.07
11	0.01
12	0.08
13	-0.01
14	0.04
15	-0.01
16	0.10
17	0.07
18	-0.02
19	0.02
20	0.04
21	0.01
22	0.01
23	-0.01
24	-0.04
25	-0.03
26	0.06
27	0.06
28	-0.01
29	0.03
30	0.04
31	-0.02
32	0.07
33	-0.01
34	0.00
35	0.00
36	-0.01
37	-0.06
38	-0.10
39	-0.03
40	-0.06
41	0.04
42	0.12
43	-0.03
44	-0.04
45	0.11
46	0.16
47	-0.05
48	-0.04
49	-0.05
50	0.06
51	-0.01
52	0.03
53	0.14
54	0.19
55	0.19
56	-0.03
57	0.00
58	-0.03
59	0.00
60	0.06
61	-0.06
62	0.08
63	-0.06
64	0.13
65	-0.09
66	-0.04
67	0.07
68	0.01
69	0.07
70	0.12
71	-0.05
72	-0.02
73	0.02
74	-0.07
75	-0.04
76	-0.01
77	-0.06
78	0.03
79	-0.06
80	-0.01
81	0.05
82	0.00
83	0.12
84	0.08
85	-0.07
86	0.01
87	-0.07
88	0.07
89	-0.04
90	0.25
91	0.00
92	-0.02
93	0.01
94	0.11
95	-0.07
96	0.20
97	-0.01
98	-0.04
99	-0.01
100	0.03
101	0.03
