1 3.62
2 3.62
3 3.68
4 3.68
5 3.51
6 3.51
7 2.90
8 2.90
9 2.83
10 2.83
11 3.49
12 3.49
13 3.74
14 3.74
15 3.25
16 3.25
17 3.42
18 3.42
19 3.71
20 3.71
21 3.79
22 3.79
23 3.68
24 3.68
25 3.71
26 3.71
27 3.22
28 3.22
29 3.40
30 3.40
31 2.87
32 2.87
33 3.25
34 3.25
35 3.53
36 3.53
37 3.84
38 3.84
39 3.55
40 3.55
41 3.56
42 3.56
43 3.43
44 3.43
45 3.07
46 3.07
47 3.44
48 3.44
49 2.73
50 2.73
51 4.23
52 4.23
53 3.36
54 3.36
55 4.16
56 4.16
57 3.38
58 3.38
59 3.74
60 3.74
61 3.81
62 3.81
63 3.90
64 3.90
65 3.47
66 3.47
67 3.67
68 3.67
69 3.72
70 3.72
71 3.42
72 3.42
73 3.43
74 3.43
75 3.24
76 3.24
77 3.91
78 3.91
79 4.11
80 4.11
81 3.51
82 3.51
83 3.07
84 3.07
85 3.45
86 3.45
87 2.90
88 2.90
89 3.61
90 3.61
91 2.66
92 2.66
93 3.28
94 3.28
95 3.68
96 3.68
97 3.23
98 3.23
99 3.41
100 3.41
101 2.81
102 2.81
