1	164.22
2	154.56
3	159.87
4	158.80
5	158.92
6	158.17
7	158.99
8	162.11
9	159.26
10	162.08
11	158.99
12	147.16
13	159.91
14	155.01
15	163.28
16	151.79
17	160.74
18	161.24
19	147.80
20	166.79
21	152.43
22	163.27
23	161.90
24	150.54
25	161.62
26	158.00
27	156.08
28	159.37
29	155.19
30	157.12
31	160.16
32	151.38
33	157.58
34	164.06
35	152.99
36	159.93
37	155.97
38	155.17
39	161.35
40	161.17
41	165.42
42	165.04
43	162.10
44	162.53
45	166.88
46	162.08
47	167.65
48	145.82
49	142.21
50	164.03
51	151.42
