1	0.29
2	0.16
3	0.37
4	0.38
5	-0.08
6	0.61
7	0.12
8	0.39
9	0.51
10	0.23
11	0.81
12	-0.23
13	0.27
14	0.56
15	0.05
16	-0.04
17	0.38
18	0.39
19	0.06
20	0.53
21	0.85
22	0.38
23	0.30
24	0.12
25	-0.10
26	0.57
27	0.07
28	0.29
29	0.56
30	0.44
31	0.21
32	0.50
33	0.38
34	0.53
35	0.62
36	0.27
37	0.05
38	0.33
39	0.36
40	0.10
41	0.32
42	0.12
43	0.51
44	0.38
45	0.44
46	0.05
47	-0.11
48	0.17
49	-0.09
50	0.46
51	0.03
52	0.52
53	-0.32
54	0.41
55	0.45
56	0.40
57	0.45
58	0.66
59	0.19
60	0.46
61	0.53
62	1.15
63	0.59
64	0.60
65	0.59
66	0.15
67	0.44
68	0.23
69	0.54
70	0.59
71	0.83
72	0.10
73	0.38
74	0.47
75	0.24
76	0.15
77	0.33
78	0.19
79	0.33
80	0.50
81	0.09
82	0.16
83	-0.18
84	0.03
85	0.26
86	0.27
87	0.34
88	0.26
89	0.59
90	0.73
91	0.60
92	0.13
93	0.26
94	-0.03
95	-0.12
96	0.19
97	-0.23
98	-0.05
99	-0.12
100	0.34
101	-0.20
