1	-0.84
2	0.17
3	0.16
4	-3.36
5	-0.39
6	-2.08
7	-3.16
8	3.01
9	-2.74
10	-0.66
11	-5.20
12	-2.53
13	-5.06
14	-2.04
15	-3.60
16	-4.87
17	2.71
18	-2.53
19	-3.16
20	-0.21
21	-1.14
22	-1.83
23	-0.30
24	-1.54
25	-2.23
26	-1.21
27	0.66
28	-1.79
29	0.36
30	-2.70
31	-2.74
32	-2.31
33	1.97
34	1.09
35	-1.59
36	-4.33
37	-2.16
38	-1.79
39	-1.16
40	1.50
41	-1.07
42	0.68
43	-2.21
44	-1.24
45	-3.11
46	0.30
47	-3.09
48	-4.21
49	0.95
50	-2.70
51	1.23
52	1.87
53	-0.84
54	-0.81
55	-4.43
56	-5.08
57	-1.71
58	-1.25
59	-0.93
60	-2.26
61	-1.42
62	0.73
63	-3.17
64	-1.73
65	-2.47
66	-2.05
67	-1.55
68	-0.79
69	-3.81
70	0.44
71	-1.64
72	-2.00
73	-1.97
74	-2.64
75	-0.86
76	-3.22
77	-1.30
78	-2.60
79	-2.91
80	0.34
81	-2.68
82	-1.44
83	-1.02
84	-0.98
85	-1.94
86	-2.01
87	0.80
88	-2.24
89	0.71
90	-4.17
91	-2.42
92	-0.74
93	0.90
94	2.00
95	-0.06
96	0.24
97	-0.85
98	1.52
99	-1.43
100	-1.02
101	0.63
