1	267.09
2	289.36
3	284.27
4	269.98
5	276.05
6	270.28
7	252.26
8	265.99
9	268.69
10	289.82
11	249.65
12	269.52
13	269.3
14	236.75
15	257.62
16	267.41
17	293.63
18	260.63
19	267.5
20	259.9
21	244.18
22	263.85
23	257.96
24	268.3
25	245.45
26	254.61
27	264.2
28	265.43
29	257.36
30	250.9
31	264.7
32	249.67
33	269.74
34	261.98
35	248.1
36	287.72
37	282.53
38	252.57
39	262.27
40	266.44
41	255.25
42	256.77
43	277.39
44	272.36
45	280.6
46	227.64
47	268.46
48	274.97
49	259.39
50	290.58
51	290.34
52	242.62
53	287.75
54	260.94
55	266.8
56	277.52
57	264.45
58	272.02
59	285.19
60	287.55
61	271.29
62	288.56
63	287.29
64	249.78
65	287.71
66	268.88
67	265.84
68	253.89
69	260.02
70	283.17
71	276.74
72	295.1
73	262.79
74	258.84
75	272.47
76	277
77	263.39
78	260.41
79	295.63
80	269.97
81	285.93
82	288.36
83	262.47
84	290.47
85	272.65
86	265.76
87	251.61
88	232.63
89	258.26
90	275.94
91	275.08
92	251.3
93	292.75
94	255.54
95	284.99
96	280.04
97	259.29
98	284.22
99	271.46
100	256.67
101	272.59
