1	165.46
2	151.83
3	149.17
4	160.41
5	168.60
6	172.28
7	178.46
8	178.83
9	167.55
10	170.02
11	154.19
12	163.70
13	163.46
14	163.96
15	178.69
16	179.86
17	165.47
18	175.69
19	164.55
20	154.49
21	171.83
22	170.24
23	160.89
24	168.81
25	175.65
26	175.42
27	158.62
28	176.57
29	174.37
30	167.71
31	185.74
32	179.98
33	180.67
34	168.41
35	182.47
36	154.77
37	152.19
38	155.52
39	174.37
40	167.36
41	153.44
42	169.45
43	167.79
44	173.83
45	165.31
46	173.05
47	171.39
48	149.82
49	176.17
50	148.93
51	174.12
52	178.50
53	161.31
54	170.29
55	185.27
56	158.38
57	173.95
58	158.22
59	164.27
60	168.15
61	177.97
62	170.67
63	167.78
64	181.13
65	150.92
66	172.38
67	167.27
68	172.74
69	162.98
70	162.29
71	170.42
72	161.56
73	167.14
74	180.95
75	174.16
76	186.68
77	171.46
78	161.56
79	158.04
80	172.67
81	157.58
82	163.02
83	167.65
84	165.12
85	162.16
86	175.19
87	152.38
88	176.79
89	140.71
90	167.34
91	167.61
92	185.63
93	156.92
94	177.42
95	161.59
96	166.74
97	182.44
98	151.42
99	165.37
100	171.79
101	168.72
