1	152.99
2	163.73
3	165.27
4	169.23
5	153.84
6	167.38
7	157.43
8	161.17
9	167.47
10	146.59
11	160.99
12	128.35
13	162.92
14	159.08
15	126.97
16	153.13
17	135.03
18	161.48
19	142.55
20	153.30
21	159.40
22	151.59
23	150.64
24	155.74
25	160.33
26	165.92
27	162.91
28	168.64
29	144.81
30	154.33
31	156.21
32	146.77
33	170.53
34	168.39
35	153.26
36	168.33
37	158.49
38	167.16
39	163.58
40	157.22
41	166.80
42	165.65
43	168.08
44	155.03
45	139.53
46	137.91
47	165.53
48	154.36
49	145.52
50	161.78
51	180.4
52	154.89
53	154.36
54	164.53
55	168.68
56	116.30
57	143.30
58	181.56
59	166.90
60	173.79
61	160.54
62	165.03
63	169.18
64	171.63
65	159.88
66	167.56
67	153.60
68	168.63
69	161.44
70	136.31
71	170.36
72	137.78
73	161.91
74	128.28
75	169.95
76	147.34
77	164.41
78	142.58
79	132.90
80	164.90
81	170.01
82	172.86
83	131.02
84	146.90
85	161.70
86	162.65
87	173.74
88	154.27
89	166.49
90	171.92
91	158.84
92	175.91
93	147.10
94	144.95
95	155.81
96	176.80
97	139.96
98	137.67
99	155.95
100	160.41
101	151.99
