1	174.92
2	182.53
3	181.64
4	179.49
5	180.08
6	181.95
7	175.80
8	173.86
9	175.17
10	176.21
11	175.20
12	178.06
13	181.92
14	175.87
15	181.33
16	175.16
17	182.19
18	178.30
19	178.25
20	176.12
21	177.23
22	184.43
23	177.20
24	175.80
25	174.46
26	176.76
27	177.55
28	168.76
29	176.58
30	181.64
31	180.08
32	181.84
33	169.55
34	175.47
35	175.90
36	175.40
37	173.83
38	177.56
39	174.04
40	174.84
41	178.13
42	180.49
43	172.30
44	177.92
45	176.33
46	178.57
47	177.77
48	177.59
49	173.89
50	178.69
51	173.56
