1	-27.87
2	-62.12
3	-25.44
4	-27.18
5	-36.86
6	-40.04
7	-0.25
8	-25.38
9	-47.41
10	-53.72
11	-54.36
12	-68.04
13	-18.86
14	-18
15	-48.89
16	-29
17	-56.15
18	-65.24
19	-30.2
20	-65.19
21	-62.25
22	-80.66
23	-23.15
24	-68.92
25	12.34
26	-79.74
27	-37.56
28	-46.78
29	-30.8
30	-55.66
31	15.77
32	-61.67
33	-34.47
34	-55.24
35	-46.33
36	-44.88
37	-79.87
38	-14.4
39	-72.16
40	-63.38
41	-11.88
42	-29.81
43	-35.26
44	-27.96
45	-66.21
46	-63.33
47	-37.47
48	-6.35000000000002
49	-37.31
50	-59.26
51	-49.78
