   0.17  -0.33   3.18  -1.40   1.38  32.78
   0.17  -0.33   3.18  -1.40   1.38  32.78
   0.30  -1.03   3.34  -3.82 -10.93  32.15
   0.30  -1.03   3.34  -3.82 -10.93  32.15
   0.80  -0.13   4.34  -1.25 -21.02  34.49
   0.80  -0.13   4.34  -1.25 -21.02  34.49
   0.77  -0.63   2.63  -1.84  13.31  24.12
   0.77  -0.63   2.63  -1.84  13.31  24.12
   0.61  -0.66   2.96  -3.71  13.46  17.71
   0.61  -0.66   2.96  -3.71  13.46  17.71
   0.21  -0.27   3.92  -2.63 -23.58  32.24
   0.21  -0.27   3.92  -2.63 -23.58  32.24
  -0.02  -1.03   4.16  -3.60 -13.19  32.69
  -0.02  -1.03   4.16  -3.60 -13.19  32.69
   0.43  -1.16   2.64  -0.42  12.33  27.21
   0.43  -1.16   2.64  -0.42  12.33  27.21
   0.59  -0.50   3.75  -0.31  -5.25  28.70
   0.59  -0.50   3.75  -0.31  -5.25  28.70
   0.55   0.03   3.58  -3.31  -0.19  30.37
   0.55   0.03   3.58  -3.31  -0.19  30.37
   0.22  -0.53   3.26  -5.68 -17.83  36.14
   0.22  -0.53   3.26  -5.68 -17.83  36.14
   0.32  -0.44   4.23  -0.92 -16.30  27.60
   0.32  -0.44   4.23  -0.92 -16.30  27.60
   0.70  -0.42   3.61   0.80   3.26  29.90
   0.70  -0.42   3.61   0.80   3.26  29.90
   0.81  -0.45   2.78  -7.17  -3.54  32.43
   0.81  -0.45   2.78  -7.17  -3.54  32.43
   0.99  -1.06   4.26  -0.26  -3.57  30.01
   0.99  -1.06   4.26  -0.26  -3.57  30.01
   0.56  -0.75   3.61  -0.66  -9.45  27.56
   0.56  -0.75   3.61  -0.66  -9.45  27.56
   1.01  -0.89   2.72  -1.13   5.22  23.59
   1.01  -0.89   2.72  -1.13   5.22  23.59
   0.68  -0.94   3.78 -10.06  -2.83  35.53
   0.68  -0.94   3.78 -10.06  -2.83  35.53
   1.19  -0.78   3.03  -1.52   5.20  27.68
   1.19  -0.78   3.03  -1.52   5.20  27.68
   0.72  -0.90   3.25  -1.68  -4.63  30.21
   0.72  -0.90   3.25  -1.68  -4.63  30.21
   0.90  -0.75   3.50  -9.62  -2.48  36.73
   0.90  -0.75   3.50  -9.62  -2.48  36.73
   0.30  -0.76   3.64  -1.16  -3.49  28.26
   0.30  -0.76   3.64  -1.16  -3.49  28.26
   0.83  -1.13   3.53  -5.61  -0.63  30.42
   0.83  -1.13   3.53  -5.61  -0.63  30.42
   0.69  -0.28   2.46  -4.62  31.51   6.88
   0.69  -0.28   2.46  -4.62  31.51   6.88
   0.58  -1.08   2.94  -5.75  -2.28  31.94
   0.58  -1.08   2.94  -5.75  -2.28  31.94
  -1.09  -0.87   3.37   0.31  -1.40  34.13
  -1.09  -0.87   3.37   0.31  -1.40  34.13
   0.64  -0.55   3.65  -4.22 -10.94  34.76
   0.64  -0.55   3.65  -4.22 -10.94  34.76
   0.28  -0.64   4.35  -3.81 -26.99  38.84
   0.28  -0.64   4.35  -3.81 -26.99  38.84
   0.42  -0.52   4.12  -4.47 -23.28  34.37
   0.42  -0.52   4.12  -4.47 -23.28  34.37
   0.81  -0.61   3.10  -0.24   5.16  26.38
   0.81  -0.61   3.10  -0.24   5.16  26.38
   0.35  -0.40   4.12  -7.01 -19.71  38.03
   0.35  -0.40   4.12  -7.01 -19.71  38.03
   0.79  -0.89   2.96   0.02   4.14  30.00
   0.79  -0.89   2.96   0.02   4.14  30.00
   0.34  -0.94   3.57  -0.17 -14.97  24.29
   0.34  -0.94   3.57  -0.17 -14.97  24.29
   0.45  -1.14   2.78   0.64  27.63  17.42
   0.45  -1.14   2.78   0.64  27.63  17.42
   1.06  -0.22   2.65   0.17   7.82  20.78
   1.06  -0.22   2.65   0.17   7.82  20.78
   0.58  -0.79   3.07  -0.43 -16.55  32.88
   0.58  -0.79   3.07  -0.43 -16.55  32.88
   0.66  -1.07   3.06  -3.51   8.89  29.08
   0.66  -1.07   3.06  -3.51   8.89  29.08
   0.29  -0.39   4.18   0.32 -17.77  33.91
   0.29  -0.39   4.18   0.32 -17.77  33.91
   0.75  -0.73   2.64  -2.16  18.61  24.59
   0.75  -0.73   2.64  -2.16  18.61  24.59
   0.75  -1.03   2.59  -0.49  20.90  30.73
   0.75  -1.03   2.59  -0.49  20.90  30.73
   0.19  -0.82   3.53  -8.52 -13.52  23.66
   0.19  -0.82   3.53  -8.52 -13.52  23.66
   1.17   0.16   3.56  -0.53 -15.94  25.70
   1.17   0.16   3.56  -0.53 -15.94  25.70
   0.39  -0.81   3.34  -2.71 -10.60  30.44
   0.39  -0.81   3.34  -2.71 -10.60  30.44
   0.17  -0.85   3.47  -1.78   8.47  30.02
   0.17  -0.85   3.47  -1.78   8.47  30.02
   0.40  -0.78   2.86  -3.09   7.52  33.78
   0.40  -0.78   2.86  -3.09   7.52  33.78
   0.05  -0.56   3.48  -4.20   8.24  24.71
   0.05  -0.56   3.48  -4.20   8.24  24.71
   0.88  -0.75   3.70  -4.21  -7.21  30.67
   0.88  -0.75   3.70  -4.21  -7.21  30.67
   0.71  -0.46   3.30  -3.03  12.93  26.86
   0.71  -0.46   3.30  -3.03  12.93  26.86
   0.26  -0.78   3.00  -0.88   8.81  33.63
   0.26  -0.78   3.00  -0.88   8.81  33.63
   0.66  -0.97   2.52   1.25  23.15  22.57
   0.66  -0.97   2.52   1.25  23.15  22.57
   0.59  -0.39   3.60  -1.99 -16.78  31.97
   0.59  -0.39   3.60  -1.99 -16.78  31.97
   0.73  -1.22   3.93  -5.66 -16.84  32.18
   0.73  -1.22   3.93  -5.66 -16.84  32.18
   0.57  -1.41   3.19  -3.13   2.75  27.63
   0.57  -1.41   3.19  -3.13   2.75  27.63
   0.32  -1.33   3.46  -3.12  -2.02  33.95
   0.32  -1.33   3.46  -3.12  -2.02  33.95
  -0.45  -0.80   3.33  -2.68  -1.35  32.38
  -0.45  -0.80   3.33  -2.68  -1.35  32.38
   0.20  -0.97   3.56  -4.39 -10.07  32.61
   0.20  -0.97   3.56  -4.39 -10.07  32.61
   0.28  -0.97   3.55   0.86  -4.50  25.89
   0.28  -0.97   3.55   0.86  -4.50  25.89
   0.35  -0.37   3.75  -0.52 -12.49  30.16
   0.35  -0.37   3.75  -0.52 -12.49  30.16
   0.30  -0.62   3.42   1.36 -10.75  29.48
   0.30  -0.62   3.42   1.36 -10.75  29.48
   0.08  -0.93   4.29  -3.56 -20.69  31.57
   0.08  -0.93   4.29  -3.56 -20.69  31.57
   0.34  -1.54   2.36  -2.81  28.37  13.67
   0.34  -1.54   2.36  -2.81  28.37  13.67
   0.19  -1.09   2.98  -2.92  14.53  25.13
   0.19  -1.09   2.98  -2.92  14.53  25.13
   0.48  -0.64   3.51  -0.02 -18.21  33.11
   0.48  -0.64   3.51  -0.02 -18.21  33.11
   0.10  -0.50   3.90  -1.88 -18.59  34.72
   0.10  -0.50   3.90  -1.88 -18.59  34.72
   1.17  -0.91   3.93  -6.03 -16.77  38.36
   1.17  -0.91   3.93  -6.03 -16.77  38.36
   0.95  -0.06   4.04  -1.21 -13.45  29.61
   0.95  -0.06   4.04  -1.21 -13.45  29.61
  -0.23  -1.07   3.94  -0.63 -21.59  33.50
  -0.23  -1.07   3.94  -0.63 -21.59  33.50
   0.17  -0.83   3.64  -5.77 -16.32  32.44
   0.17  -0.83   3.64  -5.77 -16.32  32.44
   0.49  -0.39   3.70  -6.36  -4.15  30.44
   0.49  -0.39   3.70  -6.36  -4.15  30.44
  -0.15  -0.60   4.73  -0.63 -23.05  32.49
  -0.15  -0.60   4.73  -0.63 -23.05  32.49
   0.56  -0.76   3.03  -5.74  17.14  34.59
   0.56  -0.76   3.03  -5.74  17.14  34.59
   0.57  -0.77   3.93  -3.86 -12.53  35.08
   0.57  -0.77   3.93  -3.86 -12.53  35.08
   0.81  -0.44   3.42  -1.37   2.23  28.30
   0.81  -0.44   3.42  -1.37   2.23  28.30
   0.05  -0.80   3.83  -6.88   3.87  37.21
   0.05  -0.80   3.83  -6.88   3.87  37.21
   0.01  -0.89   3.95  -2.25 -20.91  33.46
   0.01  -0.89   3.95  -2.25 -20.91  33.46
   0.73  -0.91   2.86   0.91   2.72  28.56
   0.73  -0.91   2.86   0.91   2.72  28.56
  -0.52  -1.08   3.15  -2.22  13.37  24.52
  -0.52  -1.08   3.15  -2.22  13.37  24.52
   0.57  -0.67   3.68  -1.37 -13.37  35.59
   0.57  -0.67   3.68  -1.37 -13.37  35.59
   0.97  -1.04   2.80  -1.86   9.21  27.64
   0.97  -1.04   2.80  -1.86   9.21  27.64
   0.97  -0.59   3.95  -2.83 -21.77  35.54
   0.97  -0.59   3.95  -2.83 -21.77  35.54
   0.07  -0.39   4.12  -5.36 -10.62  33.17
   0.07  -0.39   4.12  -5.36 -10.62  33.17
   0.65  -0.77   3.95  -2.82 -17.52  35.30
   0.65  -0.77   3.95  -2.82 -17.52  35.30
   1.45  -0.55   2.97  -3.00   9.37  23.32
   1.45  -0.55   2.97  -3.00   9.37  23.32
   0.87  -0.82   2.61  -2.69  26.64  23.60
   0.87  -0.82   2.61  -2.69  26.64  23.60
   0.67  -1.05   3.84  -4.44 -23.91  36.22
   0.67  -1.05   3.84  -4.44 -23.91  36.22
   0.71  -0.93   3.46  -3.14   4.00  32.84
   0.71  -0.93   3.46  -3.14   4.00  32.84
   0.30  -0.75   4.06  -1.69  -1.93  31.93
   0.30  -0.75   4.06  -1.69  -1.93  31.93
   0.62  -0.58   3.38  -6.29  -4.04  33.80
   0.62  -0.58   3.38  -6.29  -4.04  33.80
   0.90  -0.65   4.02  -4.35 -27.13  36.15
   0.90  -0.65   4.02  -4.35 -27.13  36.15
  -0.05  -0.77   3.75  -6.02 -14.61  33.28
  -0.05  -0.77   3.75  -6.02 -14.61  33.28
   0.25  -0.62   2.77  -0.55  20.79  26.83
   0.25  -0.62   2.77  -0.55  20.79  26.83
   0.37  -0.26   2.75  -4.67  22.54  23.31
   0.37  -0.26   2.75  -4.67  22.54  23.31
   0.90  -1.16   3.18  -1.74   7.82  31.94
   0.90  -1.16   3.18  -1.74   7.82  31.94
   0.87  -0.61   4.25  -2.79 -27.94  34.11
   0.87  -0.61   4.25  -2.79 -27.94  34.11
  -0.27  -0.91   3.15  -2.58   9.80  33.14
  -0.27  -0.91   3.15  -2.58   9.80  33.14
   0.58  -0.89   3.43  -2.53  -1.88  36.05
   0.58  -0.89   3.43  -2.53  -1.88  36.05
   0.11  -0.28   3.38  -4.03  11.30  25.90
   0.11  -0.28   3.38  -4.03  11.30  25.90
   0.12  -0.33   3.05  -2.85  15.58  24.89
   0.12  -0.33   3.05  -2.85  15.58  24.89
   0.22  -0.43   3.52  -1.95  -1.50  38.34
   0.22  -0.43   3.52  -1.95  -1.50  38.34
   0.69  -0.35   4.71  -0.21 -26.47  32.06
   0.69  -0.35   4.71  -0.21 -26.47  32.06
   0.79  -0.51   3.71  -5.49  -2.04  35.47
   0.79  -0.51   3.71  -5.49  -2.04  35.47
