  -0.02   0.15   3.30  -2.44  -2.42  34.03
  -0.02   0.15   3.30  -2.44  -2.42  34.03
   1.18  -0.14   3.78   9.33 -10.98  34.81
   1.18  -0.14   3.78   9.33 -10.98  34.81
   1.08  -0.29   4.21  -0.16 -11.11  27.67
   1.08  -0.29   4.21  -0.16 -11.11  27.67
   1.94  -0.05   3.99   3.63  -6.84  28.48
   1.94  -0.05   3.99   3.63  -6.84  28.48
   0.72  -0.50   3.99   8.00 -10.65  35.36
   0.72  -0.50   3.99   8.00 -10.65  35.36
   0.66   0.00   3.85  -0.43  -4.92  36.22
   0.66   0.00   3.85  -0.43  -4.92  36.22
   1.20  -0.45   3.98   9.15 -12.34  34.87
   1.20  -0.45   3.98   9.15 -12.34  34.87
   0.79  -0.57   4.23   0.95 -11.26  35.64
   0.79  -0.57   4.23   0.95 -11.26  35.64
   1.09  -0.15   3.84   6.37  -1.58  28.53
   1.09  -0.15   3.84   6.37  -1.58  28.53
   0.76  -0.49   3.96  -2.38   7.53  23.82
   0.76  -0.49   3.96  -2.38   7.53  23.82
   1.68  -0.30   3.72   6.96   0.74  27.52
   1.68  -0.30   3.72   6.96   0.74  27.52
   1.78  -0.68   3.42   4.76   2.87  24.88
   1.78  -0.68   3.42   4.76   2.87  24.88
  -0.05  -0.73   4.01  -6.59  -6.73  39.36
  -0.05  -0.73   4.01  -6.59  -6.73  39.36
   0.95  -0.42   3.26   9.14   5.86  29.63
   0.95  -0.42   3.26   9.14   5.86  29.63
   1.06  -0.78   3.39   4.83  10.38  26.43
   1.06  -0.78   3.39   4.83  10.38  26.43
   1.30  -1.05   4.20   1.11   2.13  20.48
   1.30  -1.05   4.20   1.11   2.13  20.48
   0.12  -0.29   4.48   4.83 -14.51  34.03
   0.12  -0.29   4.48   4.83 -14.51  34.03
   1.49  -0.30   3.70   1.99  -0.03  29.83
   1.49  -0.30   3.70   1.99  -0.03  29.83
   1.55  -0.41   3.37   8.26   5.12  27.80
   1.55  -0.41   3.37   8.26   5.12  27.80
   1.79  -0.95   2.91   4.62  15.32  26.72
   1.79  -0.95   2.91   4.62  15.32  26.72
   0.73  -0.60   2.87   5.47   2.37  26.28
   0.73  -0.60   2.87   5.47   2.37  26.28
   1.14  -0.69   3.88   4.07  -7.80  34.84
   1.14  -0.69   3.88   4.07  -7.80  34.84
   1.01  -1.08   2.94  -0.87   5.03  24.06
   1.01  -1.08   2.94  -0.87   5.03  24.06
   1.10  -0.52   3.68   7.69   4.12  28.44
   1.10  -0.52   3.68   7.69   4.12  28.44
   1.66  -0.26   4.16   7.12  -6.29  27.77
   1.66  -0.26   4.16   7.12  -6.29  27.77
   1.12  -0.23   2.82   7.42  10.04  29.81
   1.12  -0.23   2.82   7.42  10.04  29.81
   1.89  -0.38   3.99   1.37   0.03  27.26
   1.89  -0.38   3.99   1.37   0.03  27.26
   1.06  -0.63   3.45   5.76   0.01  29.30
   1.06  -0.63   3.45   5.76   0.01  29.30
   1.48  -0.72   3.46  -1.22  -0.93  20.72
   1.48  -0.72   3.46  -1.22  -0.93  20.72
   1.12  -0.06   4.22   3.62   2.18  27.48
   1.12  -0.06   4.22   3.62   2.18  27.48
  -0.03  -0.71   3.75   5.04 -11.49  32.24
  -0.03  -0.71   3.75   5.04 -11.49  32.24
  -0.03  -0.59   3.37  -9.99  -7.35  34.91
  -0.03  -0.59   3.37  -9.99  -7.35  34.91
   1.82  -0.53   3.73  11.33  -6.87  34.29
   1.82  -0.53   3.73  11.33  -6.87  34.29
   0.79  -0.82   3.26  13.16   1.10  27.81
   0.79  -0.82   3.26  13.16   1.10  27.81
   1.09  -0.64   4.01   5.04  -6.49  31.42
   1.09  -0.64   4.01   5.04  -6.49  31.42
   1.42  -0.67   3.60   9.05   5.32  23.55
   1.42  -0.67   3.60   9.05   5.32  23.55
   1.25  -0.33   3.01   5.44   8.59  36.74
   1.25  -0.33   3.01   5.44   8.59  36.74
   2.45  -0.31   3.98   6.34 -13.71  32.52
   2.45  -0.31   3.98   6.34 -13.71  32.52
   1.48  -0.37   3.59   5.31  -4.06  27.33
   1.48  -0.37   3.59   5.31  -4.06  27.33
   1.26  -0.64   3.05   4.68  -4.33  30.24
   1.26  -0.64   3.05   4.68  -4.33  30.24
   1.21  -1.47   3.36   0.65   6.26  25.41
   1.21  -1.47   3.36   0.65   6.26  25.41
   1.33  -0.57   3.31   2.08   0.46  27.82
   1.33  -0.57   3.31   2.08   0.46  27.82
   1.61  -0.04   4.29   7.74  -4.93  34.33
   1.61  -0.04   4.29   7.74  -4.93  34.33
   1.57  -1.22   3.47  -0.21  -4.49  27.48
   1.57  -1.22   3.47  -0.21  -4.49  27.48
   1.50  -0.34   3.88  -3.35 -13.70  29.93
   1.50  -0.34   3.88  -3.35 -13.70  29.93
   2.18   0.50   4.42   5.44 -10.46  30.34
   2.18   0.50   4.42   5.44 -10.46  30.34
   1.36   0.15   4.19   1.12 -10.09  29.20
   1.36   0.15   4.19   1.12 -10.09  29.20
   1.08  -0.43   4.15   3.06  -9.38  36.82
   1.08  -0.43   4.15   3.06  -9.38  36.82
   0.96  -0.06   3.08   3.59  -5.97  36.55
   0.96  -0.06   3.08   3.59  -5.97  36.55
   1.63   0.48   4.12   4.94  -3.87  30.98
   1.63   0.48   4.12   4.94  -3.87  30.98
  -0.18  -0.65   3.21  -1.12   2.67  30.28
  -0.18  -0.65   3.21  -1.12   2.67  30.28
   0.88  -0.53   3.97   6.22  -7.74  27.09
   0.88  -0.53   3.97   6.22  -7.74  27.09
   0.98  -0.58   3.89  10.94  -2.77  32.10
   0.98  -0.58   3.89  10.94  -2.77  32.10
   1.31  -0.34   3.68   5.38   0.08  34.01
   1.31  -0.34   3.68   5.38   0.08  34.01
   0.85   0.30   3.68   2.47   4.50  27.18
   0.85   0.30   3.68   2.47   4.50  27.18
   0.77  -0.83   2.41   8.50  18.52  28.75
   0.77  -0.83   2.41   8.50  18.52  28.75
   1.76  -0.30   3.15   6.30  -1.55  34.62
   1.76  -0.30   3.15   6.30  -1.55  34.62
   0.88  -0.32   3.82  -2.65   9.81  30.88
   0.88  -0.32   3.82  -2.65   9.81  30.88
   0.67  -0.44   2.91   6.72   6.67  34.41
   0.67  -0.44   2.91   6.72   6.67  34.41
   0.85  -0.50   3.34   1.40   7.01  30.02
   0.85  -0.50   3.34   1.40   7.01  30.02
   1.46  -0.54   2.74  10.89  14.58  29.87
   1.46  -0.54   2.74  10.89  14.58  29.87
   1.43  -1.21   2.41   0.15  29.69  28.87
   1.43  -1.21   2.41   0.15  29.69  28.87
   1.22  -0.18   3.86   7.88   5.35  26.19
   1.22  -0.18   3.86   7.88   5.35  26.19
   1.50  -0.95   2.66  -0.13  13.73  17.18
   1.50  -0.95   2.66  -0.13  13.73  17.18
   1.30  -0.83   3.64   4.11   7.88  27.38
   1.30  -0.83   3.64   4.11   7.88  27.38
   1.82  -0.84   4.17  -8.33  -8.42  21.12
   1.82  -0.84   4.17  -8.33  -8.42  21.12
   1.37  -0.55   3.63   2.88  -3.26  27.11
   1.37  -0.55   3.63   2.88  -3.26  27.11
   0.06  -1.06   3.76   2.88 -11.17  35.77
   0.06  -1.06   3.76   2.88 -11.17  35.77
   1.62  -0.37   3.80  -1.26  -8.98  31.38
   1.62  -0.37   3.80  -1.26  -8.98  31.38
   0.34  -0.29   3.70  -3.52  -9.06  28.60
   0.34  -0.29   3.70  -3.52  -9.06  28.60
   1.31  -1.26   2.41   4.26   7.69  26.44
   1.31  -1.26   2.41   4.26   7.69  26.44
   0.96  -0.74   3.99  -0.03   1.21  27.91
   0.96  -0.74   3.99  -0.03   1.21  27.91
   2.35  -0.78   2.81  13.56   2.65  17.75
   2.35  -0.78   2.81  13.56   2.65  17.75
   1.03  -0.05   4.25   8.41  -3.22  35.65
   1.03  -0.05   4.25   8.41  -3.22  35.65
   0.88  -0.81   2.92   3.55   9.26  30.09
   0.88  -0.81   2.92   3.55   9.26  30.09
   0.38  -0.59   3.53   9.70  -1.59  26.20
   0.38  -0.59   3.53   9.70  -1.59  26.20
   1.08  -0.88   2.27  11.27  17.40  25.61
   1.08  -0.88   2.27  11.27  17.40  25.61
   0.87  -0.20   4.03   1.37  11.98  22.23
   0.87  -0.20   4.03   1.37  11.98  22.23
   1.41  -0.46   3.10   1.51  -2.18  29.94
   1.41  -0.46   3.10   1.51  -2.18  29.94
   1.12  -0.47   3.06   3.76   1.65  25.70
   1.12  -0.47   3.06   3.76   1.65  25.70
   0.40  -0.26   3.60   4.49 -11.51  37.11
   0.40  -0.26   3.60   4.49 -11.51  37.11
   1.16  -0.16   4.14   0.32  -6.93  26.44
   1.16  -0.16   4.14   0.32  -6.93  26.44
   1.83  -0.56   4.22   8.56  -3.05  29.53
   1.83  -0.56   4.22   8.56  -3.05  29.53
   1.12  -0.55   3.14   9.34   1.03  22.91
   1.12  -0.55   3.14   9.34   1.03  22.91
   0.90  -0.17   3.62   4.49  -3.72  36.83
   0.90  -0.17   3.62   4.49  -3.72  36.83
   1.03  -0.69   3.12   8.96  -1.00  28.31
   1.03  -0.69   3.12   8.96  -1.00  28.31
   1.72  -0.08   3.64   1.08   4.40  27.17
   1.72  -0.08   3.64   1.08   4.40  27.17
   0.71  -0.39   4.21   1.01  -1.07  33.05
   0.71  -0.39   4.21   1.01  -1.07  33.05
   2.21  -0.68   3.39   2.00   1.76  31.11
   2.21  -0.68   3.39   2.00   1.76  31.11
   0.77  -0.09   4.66   7.11 -17.58  34.48
   0.77  -0.09   4.66   7.11 -17.58  34.48
   0.50  -0.18   3.65   0.17  -5.86  38.76
   0.50  -0.18   3.65   0.17  -5.86  38.76
   0.84  -0.81   3.46   5.02  -2.88  27.23
   0.84  -0.81   3.46   5.02  -2.88  27.23
   0.90  -0.27   3.46   4.06  -0.44  28.56
   0.90  -0.27   3.46   4.06  -0.44  28.56
   1.59  -0.53   2.95   3.19  28.05  19.62
   1.59  -0.53   2.95   3.19  28.05  19.62
   1.54  -0.82   2.30  11.67  17.82  28.39
   1.54  -0.82   2.30  11.67  17.82  28.39
   1.54  -0.74   2.63   3.03  13.90  25.17
   1.54  -0.74   2.63   3.03  13.90  25.17
   1.91  -0.42   3.64   3.72  -6.88  29.77
   1.91  -0.42   3.64   3.72  -6.88  29.77
   0.77   0.23   3.20   2.09   1.34  31.14
   0.77   0.23   3.20   2.09   1.34  31.14
   0.04  -0.90   3.16  -5.31   3.86  34.30
   0.04  -0.90   3.16  -5.31   3.86  34.30
   0.65   0.38   4.36  -0.50  -6.78  29.85
   0.65   0.38   4.36  -0.50  -6.78  29.85
  -0.12  -0.22   3.27  -3.58  12.62  20.78
  -0.12  -0.22   3.27  -3.58  12.62  20.78
