   0.01  -0.55   3.59   0.20  -4.39  32.46
   0.01  -0.55   3.59   0.20  -4.39  32.46
   0.09  -1.32   3.90   0.54 -18.46  34.99
   0.09  -1.32   3.90   0.54 -18.46  34.99
  -0.32  -0.62   3.19  -1.24  12.44  26.01
  -0.32  -0.62   3.19  -1.24  12.44  26.01
   0.31  -1.25   3.07  -1.15  13.41  28.17
   0.31  -1.25   3.07  -1.15  13.41  28.17
   0.32  -0.76   3.17  -0.30  13.27  25.00
   0.32  -0.76   3.17  -0.30  13.27  25.00
   0.18  -1.31   3.37  -0.18  -1.49  32.52
   0.18  -1.31   3.37  -0.18  -1.49  32.52
   0.03  -1.14   4.31   0.99 -16.91  38.18
   0.03  -1.14   4.31   0.99 -16.91  38.18
   0.36  -0.49   3.87   2.74  -1.42  24.50
   0.36  -0.49   3.87   2.74  -1.42  24.50
  -0.13  -0.64   3.42  -0.04  11.18  23.14
  -0.13  -0.64   3.42  -0.04  11.18  23.14
   0.35  -1.13   3.11  -2.29  14.24  29.18
   0.35  -1.13   3.11  -2.29  14.24  29.18
  -0.03  -0.78   3.68   1.87 -17.17  31.66
  -0.03  -0.78   3.68   1.87 -17.17  31.66
   1.08  -1.25   3.02  -2.49  -7.95  33.53
   1.08  -1.25   3.02  -2.49  -7.95  33.53
   0.39  -1.02   3.43   1.25  17.50  26.80
   0.39  -1.02   3.43   1.25  17.50  26.80
   0.28  -1.54   3.60  -0.34  -5.44  31.68
   0.28  -1.54   3.60  -0.34  -5.44  31.68
   0.07  -0.88   3.70  -0.57  32.48  18.46
   0.07  -0.88   3.70  -0.57  32.48  18.46
   0.39  -1.31   3.95  -0.49  -8.06  33.13
   0.39  -1.31   3.95  -0.49  -8.06  33.13
  -0.90  -0.94   3.51   2.33   3.28  26.27
  -0.90  -0.94   3.51   2.33   3.28  26.27
   0.05  -1.48   3.52   0.72   2.99  28.90
   0.05  -1.48   3.52   0.72   2.99  28.90
   0.07  -0.54   3.39  -1.11   9.47  20.09
   0.07  -0.54   3.39  -1.11   9.47  20.09
   0.37  -1.15   4.32   1.18 -23.01  35.57
   0.37  -1.15   4.32   1.18 -23.01  35.57
   0.37  -0.97   3.71  -0.67  11.90  25.89
   0.37  -0.97   3.71  -0.67  11.90  25.89
  -0.17  -1.57   3.95   0.52 -21.34  31.04
  -0.17  -1.57   3.95   0.52 -21.34  31.04
   0.39  -1.16   2.73  -0.85  11.67  23.54
   0.39  -1.16   2.73  -0.85  11.67  23.54
  -0.32  -1.38   3.30  -1.93   2.82  27.90
  -0.32  -1.38   3.30  -1.93   2.82  27.90
   0.35  -1.17   3.91   0.64  -0.02  31.69
   0.35  -1.17   3.91   0.64  -0.02  31.69
   0.24  -1.16   4.09   1.28  -0.28  23.61
   0.24  -1.16   4.09   1.28  -0.28  23.61
   0.06  -1.14   3.52   1.35  -3.72  35.02
   0.06  -1.14   3.52   1.35  -3.72  35.02
   0.67  -1.10   3.50   0.21 -10.21  31.37
   0.67  -1.10   3.50   0.21 -10.21  31.37
   0.13  -1.02   4.09  -1.23  -0.46  29.76
   0.13  -1.02   4.09  -1.23  -0.46  29.76
   0.55  -1.20   3.50   1.34   4.71  30.66
   0.55  -1.20   3.50   1.34   4.71  30.66
   0.66  -0.90   3.71   1.66 -12.93  34.33
   0.66  -0.90   3.71   1.66 -12.93  34.33
   0.16  -1.08   2.74   0.23  29.74  14.73
   0.16  -1.08   2.74   0.23  29.74  14.73
  -0.22  -1.67   4.29   2.75 -16.07  32.34
  -0.22  -1.67   4.29   2.75 -16.07  32.34
   0.44  -0.93   2.86  -4.90  33.87  13.95
   0.44  -0.93   2.86  -4.90  33.87  13.95
   0.50  -1.06   3.38  -2.49  14.55  24.30
   0.50  -1.06   3.38  -2.49  14.55  24.30
   0.43  -0.38   3.97  -2.55  16.30  21.79
   0.43  -0.38   3.97  -2.55  16.30  21.79
   0.22  -0.96   4.35  -0.94  -2.75  37.02
   0.22  -0.96   4.35  -0.94  -2.75  37.02
   0.09  -1.05   3.97   0.93  -0.54  30.32
   0.09  -1.05   3.97   0.93  -0.54  30.32
   0.27  -1.11   2.86  -0.88  21.93  22.62
   0.27  -1.11   2.86  -0.88  21.93  22.62
   0.23  -0.99   3.78   2.65  -1.35  28.51
   0.23  -0.99   3.78   2.65  -1.35  28.51
  -0.10  -1.17   3.78   0.19  -9.39  35.00
  -0.10  -1.17   3.78   0.19  -9.39  35.00
  -0.42  -0.94   3.70   0.22   2.52  27.16
  -0.42  -0.94   3.70   0.22   2.52  27.16
  -0.63  -1.26   4.11   1.12 -33.10  37.14
  -0.63  -1.26   4.11   1.12 -33.10  37.14
  -0.25  -1.03   4.34   2.51 -36.37  36.36
  -0.25  -1.03   4.34   2.51 -36.37  36.36
   0.11  -0.73   3.60  -0.24  10.91  21.41
   0.11  -0.73   3.60  -0.24  10.91  21.41
   0.38  -1.21   3.63  -0.81   7.77  28.57
   0.38  -1.21   3.63  -0.81   7.77  28.57
  -0.07  -1.22   3.88   2.02 -19.93  36.12
  -0.07  -1.22   3.88   2.02 -19.93  36.12
  -0.39  -1.47   3.56   1.69  -6.49  29.86
  -0.39  -1.47   3.56   1.69  -6.49  29.86
  -0.24  -1.11   3.49   0.36  17.70  24.03
  -0.24  -1.11   3.49   0.36  17.70  24.03
  -0.21  -1.00   3.49   0.36   8.81  27.76
  -0.21  -1.00   3.49   0.36   8.81  27.76
   0.18  -1.04   4.55   1.85 -22.09  35.36
   0.18  -1.04   4.55   1.85 -22.09  35.36
  -0.69  -0.93   4.72   2.94 -25.23  38.13
  -0.69  -0.93   4.72   2.94 -25.23  38.13
   0.59  -1.28   4.54   0.07  -9.21  37.72
   0.59  -1.28   4.54   0.07  -9.21  37.72
   0.75  -0.63   4.67  -0.66 -15.93  38.76
   0.75  -0.63   4.67  -0.66 -15.93  38.76
   1.14  -0.95   4.79  -3.74 -23.94  27.19
   1.14  -0.95   4.79  -3.74 -23.94  27.19
   1.10  -1.12   4.10  -0.52 -26.57  33.19
   1.10  -1.12   4.10  -0.52 -26.57  33.19
  -0.61  -1.39   4.29   2.65 -15.17  32.33
  -0.61  -1.39   4.29   2.65 -15.17  32.33
  -0.05  -1.48   4.12  -0.34 -15.29  34.72
  -0.05  -1.48   4.12  -0.34 -15.29  34.72
   0.67  -1.66   4.32   0.10 -16.88  26.75
   0.67  -1.66   4.32   0.10 -16.88  26.75
   0.90  -1.15   5.13  -1.33  -1.20  26.98
   0.90  -1.15   5.13  -1.33  -1.20  26.98
   0.36  -0.97   4.35  -3.46   1.25  30.55
   0.36  -0.97   4.35  -3.46   1.25  30.55
   0.39  -0.59   4.37   3.38 -15.39  34.95
   0.39  -0.59   4.37   3.38 -15.39  34.95
  -0.11  -0.97   4.10  -0.15   1.86  27.07
  -0.11  -0.97   4.10  -0.15   1.86  27.07
  -0.03  -0.99   4.06   4.23 -22.28  37.59
  -0.03  -0.99   4.06   4.23 -22.28  37.59
   0.01  -0.75   3.55  -2.07  -5.64  27.49
   0.01  -0.75   3.55  -2.07  -5.64  27.49
  -0.22  -1.49   3.32  -0.08  -5.73  29.14
  -0.22  -1.49   3.32  -0.08  -5.73  29.14
   0.65  -0.94   4.21  -0.43 -13.54  32.13
   0.65  -0.94   4.21  -0.43 -13.54  32.13
   0.88  -1.14   3.92  -2.47   4.98  26.67
   0.88  -1.14   3.92  -2.47   4.98  26.67
   0.63  -1.26   3.37  -0.86  -4.42  33.47
   0.63  -1.26   3.37  -0.86  -4.42  33.47
   0.55  -1.02   3.70  -2.35   2.89  28.47
   0.55  -1.02   3.70  -2.35   2.89  28.47
   0.12  -1.12   3.33   1.59  -9.65  31.45
   0.12  -1.12   3.33   1.59  -9.65  31.45
  -0.06  -1.10   3.94   0.36  -0.01  32.96
  -0.06  -1.10   3.94   0.36  -0.01  32.96
   0.05  -0.57   3.15   0.48  15.93  27.44
   0.05  -0.57   3.15   0.48  15.93  27.44
  -0.05  -0.94   3.56   0.26 -16.33  36.60
  -0.05  -0.94   3.56   0.26 -16.33  36.60
   0.11  -1.18   3.77  -0.34  -9.73  36.61
   0.11  -1.18   3.77  -0.34  -9.73  36.61
   0.29  -0.97   3.79   2.71  -0.01  31.07
   0.29  -0.97   3.79   2.71  -0.01  31.07
   0.05  -1.22   3.34  -0.69  11.97  26.69
   0.05  -1.22   3.34  -0.69  11.97  26.69
  -0.20  -0.97   3.65   3.15  -6.06  28.30
  -0.20  -0.97   3.65   3.15  -6.06  28.30
   0.33  -1.11   3.18   1.17  20.95  26.30
   0.33  -1.11   3.18   1.17  20.95  26.30
  -0.29  -1.17   3.51   1.06  -1.23  33.74
  -0.29  -1.17   3.51   1.06  -1.23  33.74
   0.04  -1.14   3.15   0.21  -7.97  36.66
   0.04  -1.14   3.15   0.21  -7.97  36.66
   0.54  -0.53   3.39  -0.82  15.47  17.67
   0.54  -0.53   3.39  -0.82  15.47  17.67
   0.60  -0.80   3.13   0.22   7.34  25.86
   0.60  -0.80   3.13   0.22   7.34  25.86
  -0.20  -1.56   3.11   1.55  15.10  26.42
  -0.20  -1.56   3.11   1.55  15.10  26.42
   0.29  -1.27   4.47  -0.26  -2.23  30.95
   0.29  -1.27   4.47  -0.26  -2.23  30.95
   0.51  -1.21   3.56   1.28  -4.02  31.90
   0.51  -1.21   3.56   1.28  -4.02  31.90
   0.86  -1.18   3.56  -2.60   2.64  31.45
   0.86  -1.18   3.56  -2.60   2.64  31.45
   0.30  -0.90   3.31   1.34  -1.66  32.04
   0.30  -0.90   3.31   1.34  -1.66  32.04
  -0.28  -1.42   3.77  -0.66  -5.30  29.95
  -0.28  -1.42   3.77  -0.66  -5.30  29.95
   0.79  -0.46   3.99   1.48 -23.04  42.23
   0.79  -0.46   3.99   1.48 -23.04  42.23
  -0.30  -1.25   3.02   0.57   9.78  27.21
  -0.30  -1.25   3.02   0.57   9.78  27.21
   1.20  -1.10   2.92   0.35  10.75  27.13
   1.20  -1.10   2.92   0.35  10.75  27.13
   0.53  -1.08   3.22   2.87   7.00  27.70
   0.53  -1.08   3.22   2.87   7.00  27.70
   0.28  -1.22   3.63  -0.38 -11.08  34.09
   0.28  -1.22   3.63  -0.38 -11.08  34.09
   0.72  -1.29   3.83   1.62  -7.72  26.14
   0.72  -1.29   3.83   1.62  -7.72  26.14
  -0.08  -1.29   4.14  -0.27 -25.27  32.89
  -0.08  -1.29   4.14  -0.27 -25.27  32.89
  -0.21  -1.35   3.14   0.50  15.87  28.44
  -0.21  -1.35   3.14   0.50  15.87  28.44
   0.14  -1.29   3.06  -0.96   6.10  30.46
   0.14  -1.29   3.06  -0.96   6.10  30.46
   0.40  -0.71   3.49   0.25  15.92  20.27
   0.40  -0.71   3.49   0.25  15.92  20.27
  -0.27  -1.01   3.38  -0.94   6.20  27.49
  -0.27  -1.01   3.38  -0.94   6.20  27.49
   0.11  -1.29   3.27   0.88  -0.81  32.15
   0.11  -1.29   3.27   0.88  -0.81  32.15
