  -0.02  -0.54   3.65   0.27  -4.93  33.02
  -0.02  -0.54   3.65   0.27  -4.93  33.02
  -0.13  -1.23   3.69  -0.70 -12.94  32.54
  -0.13  -1.23   3.69  -0.70 -12.94  32.54
  -0.21  -1.20   4.47  -0.19 -20.16  35.53
  -0.21  -1.20   4.47  -0.19 -20.16  35.53
  -0.15  -1.06   3.83  -1.28 -15.66  37.94
  -0.15  -1.06   3.83  -1.28 -15.66  37.94
   0.15  -1.15   3.31  -1.24  -4.20  33.06
   0.15  -1.15   3.31  -1.24  -4.20  33.06
  -0.11  -1.08   2.38   0.82  22.94  25.25
  -0.11  -1.08   2.38   0.82  22.94  25.25
  -0.04  -1.37   3.08  -1.93  -0.14  31.43
  -0.04  -1.37   3.08  -1.93  -0.14  31.43
  -0.03  -1.66   3.14   0.40 -10.38  31.50
  -0.03  -1.66   3.14   0.40 -10.38  31.50
  -0.17  -0.99   3.78  -2.19 -11.92  36.42
  -0.17  -0.99   3.78  -2.19 -11.92  36.42
   0.11  -1.10   4.05  -0.05 -21.22  38.54
   0.11  -1.10   4.05  -0.05 -21.22  38.54
  -0.11  -1.29   3.05   0.99   3.89  30.25
  -0.11  -1.29   3.05   0.99   3.89  30.25
   0.02  -1.30   3.68  -0.42  -3.40  32.07
   0.02  -1.30   3.68  -0.42  -3.40  32.07
  -0.27  -0.66   4.21  -0.09 -26.04  40.06
  -0.27  -0.66   4.21  -0.09 -26.04  40.06
  -0.49  -1.35   3.14   3.23   2.20  35.96
  -0.49  -1.35   3.14   3.23   2.20  35.96
  -0.18  -0.84   3.11  -2.65   8.97  30.51
  -0.18  -0.84   3.11  -2.65   8.97  30.51
  -0.59  -1.00   3.39  -2.77  -3.70  32.51
  -0.59  -1.00   3.39  -2.77  -3.70  32.51
  -0.11  -1.21   3.52  -0.38   1.31  36.91
  -0.11  -1.21   3.52  -0.38   1.31  36.91
   0.12  -1.32   3.08   0.07  -1.22  34.25
   0.12  -1.32   3.08   0.07  -1.22  34.25
   0.11  -0.85   3.86  -4.29 -15.62  41.30
   0.11  -0.85   3.86  -4.29 -15.62  41.30
   0.44  -1.42   3.74  -0.30 -19.62  35.61
   0.44  -1.42   3.74  -0.30 -19.62  35.61
   0.47  -1.05   3.55  -3.77  -4.00  32.80
   0.47  -1.05   3.55  -3.77  -4.00  32.80
  -0.13  -1.38   3.97   1.34 -13.84  32.56
  -0.13  -1.38   3.97   1.34 -13.84  32.56
   0.16  -1.54   3.36   0.46   9.57  28.94
   0.16  -1.54   3.36   0.46   9.57  28.94
   0.14  -0.47   2.81  -2.84  13.49  27.92
   0.14  -0.47   2.81  -2.84  13.49  27.92
  -0.19  -0.96   2.95  -1.08  11.97  28.04
  -0.19  -0.96   2.95  -1.08  11.97  28.04
   0.48  -0.86   3.85  -2.42 -23.51  38.16
   0.48  -0.86   3.85  -2.42 -23.51  38.16
   0.06  -1.45   3.66  -0.50  -3.81  34.23
   0.06  -1.45   3.66  -0.50  -3.81  34.23
  -0.08  -0.91   3.30  -1.70  -2.65  33.38
  -0.08  -0.91   3.30  -1.70  -2.65  33.38
   0.53  -1.22   2.85  -1.62  10.97  30.24
   0.53  -1.22   2.85  -1.62  10.97  30.24
  -0.04  -0.91   2.81  -1.05  -2.31  31.49
  -0.04  -0.91   2.81  -1.05  -2.31  31.49
   0.96  -1.32   3.14  -2.84  -2.15  31.62
   0.96  -1.32   3.14  -2.84  -2.15  31.62
  -0.70  -1.34   3.81  -0.68  -8.40  32.69
  -0.70  -1.34   3.81  -0.68  -8.40  32.69
  -0.28  -0.93   3.44   0.67  19.12  25.48
  -0.28  -0.93   3.44   0.67  19.12  25.48
   0.15  -1.28   4.21  -3.90 -16.97  34.31
   0.15  -1.28   4.21  -3.90 -16.97  34.31
  -0.45  -1.11   3.99  -2.43 -22.27  38.90
  -0.45  -1.11   3.99  -2.43 -22.27  38.90
  -0.23  -1.04   3.03   0.40  18.19  26.35
  -0.23  -1.04   3.03   0.40  18.19  26.35
   0.09  -0.82   3.33  -0.93   8.85  34.13
   0.09  -0.82   3.33  -0.93   8.85  34.13
  -0.24  -0.90   3.47  -2.29   4.83  34.46
  -0.24  -0.90   3.47  -2.29   4.83  34.46
  -0.11  -1.22   3.57   0.21  -4.73  33.05
  -0.11  -1.22   3.57   0.21  -4.73  33.05
  -0.07  -1.21   3.60  -1.53  -5.55  36.59
  -0.07  -1.21   3.60  -1.53  -5.55  36.59
  -0.40  -1.00   3.85  -0.80 -15.64  36.81
  -0.40  -1.00   3.85  -0.80 -15.64  36.81
  -0.33  -1.07   3.51  -0.18  -2.79  34.63
  -0.33  -1.07   3.51  -0.18  -2.79  34.63
  -0.01  -0.97   4.42  -1.90 -27.36  38.34
  -0.01  -0.97   4.42  -1.90 -27.36  38.34
   0.18  -0.89   3.72  -3.99  -6.06  31.01
   0.18  -0.89   3.72  -3.99  -6.06  31.01
   0.11  -1.20   3.07  -0.66   8.58  27.92
   0.11  -1.20   3.07  -0.66   8.58  27.92
  -0.21  -0.97   3.41  -3.24   1.43  30.22
  -0.21  -0.97   3.41  -3.24   1.43  30.22
   0.17  -0.88   3.33  -2.30  12.03  27.30
   0.17  -0.88   3.33  -2.30  12.03  27.30
  -0.37  -0.96   2.84   0.45   9.87  26.83
  -0.37  -0.96   2.84   0.45   9.87  26.83
   0.08  -1.69   3.62  -1.68   2.16  32.20
   0.08  -1.69   3.62  -1.68   2.16  32.20
   0.32  -1.21   3.33  -2.74   2.89  32.58
   0.32  -1.21   3.33  -2.74   2.89  32.58
  -0.86  -1.34   4.39  -2.19 -16.49  38.76
  -0.86  -1.34   4.39  -2.19 -16.49  38.76
   0.11  -0.96   3.65  -2.83  -3.59  36.05
   0.11  -0.96   3.65  -2.83  -3.59  36.05
  -0.10  -1.15   3.56  -4.36 -15.83  37.43
  -0.10  -1.15   3.56  -4.36 -15.83  37.43
  -0.27  -1.21   3.98  -3.01   0.54  29.20
  -0.27  -1.21   3.98  -3.01   0.54  29.20
   0.28  -1.38   3.91  -2.06  -8.32  32.31
   0.28  -1.38   3.91  -2.06  -8.32  32.31
   0.22  -0.92   3.95  -1.80 -30.86  38.72
   0.22  -0.92   3.95  -1.80 -30.86  38.72
   0.43  -1.34   3.31  -3.39  -7.06  35.47
   0.43  -1.34   3.31  -3.39  -7.06  35.47
   0.09  -1.00   2.68  -1.27  -1.43  34.32
   0.09  -1.00   2.68  -1.27  -1.43  34.32
   0.09  -1.33   3.65  -1.17  -7.01  35.32
   0.09  -1.33   3.65  -1.17  -7.01  35.32
  -0.50  -1.17   3.07  -3.82   7.97  28.53
  -0.50  -1.17   3.07  -3.82   7.97  28.53
   0.56  -1.43   3.86  -1.40 -18.88  36.51
   0.56  -1.43   3.86  -1.40 -18.88  36.51
   0.24  -1.32   3.37  -1.32   0.23  35.81
   0.24  -1.32   3.37  -1.32   0.23  35.81
   0.32  -0.83   3.92  -2.14 -14.91  36.93
   0.32  -0.83   3.92  -2.14 -14.91  36.93
  -0.10  -1.20   3.66  -0.75 -22.56  36.39
  -0.10  -1.20   3.66  -0.75 -22.56  36.39
  -0.39  -1.02   3.03   0.72   2.91  32.93
  -0.39  -1.02   3.03   0.72   2.91  32.93
  -0.36  -0.71   3.55  -2.70 -18.94  39.85
  -0.36  -0.71   3.55  -2.70 -18.94  39.85
   0.36  -0.84   3.46  -0.07   0.97  32.25
   0.36  -0.84   3.46  -0.07   0.97  32.25
   0.48  -1.01   3.22  -2.52  -8.06  38.20
   0.48  -1.01   3.22  -2.52  -8.06  38.20
  -0.15  -0.81   3.37  -1.07   3.74  33.96
  -0.15  -0.81   3.37  -1.07   3.74  33.96
   0.37  -0.90   3.09  -1.53  10.24  29.52
   0.37  -0.90   3.09  -1.53  10.24  29.52
  -0.09  -1.54   3.58   0.59   5.71  28.66
  -0.09  -1.54   3.58   0.59   5.71  28.66
   0.62  -0.70   4.59  -1.76 -32.75  39.50
   0.62  -0.70   4.59  -1.76 -32.75  39.50
   0.11  -0.93   3.52   1.38  -9.79  37.48
   0.11  -0.93   3.52   1.38  -9.79  37.48
  -0.33  -0.75   3.59  -0.71   2.36  34.01
  -0.33  -0.75   3.59  -0.71   2.36  34.01
  -0.02  -0.94   3.77   0.48 -16.98  34.34
  -0.02  -0.94   3.77   0.48 -16.98  34.34
  -0.27  -1.09   2.89   0.41   3.79  36.47
  -0.27  -1.09   2.89   0.41   3.79  36.47
  -0.31  -1.45   3.11   0.82  -3.03  33.56
  -0.31  -1.45   3.11   0.82  -3.03  33.56
   0.20  -1.13   4.10  -0.76   1.91  31.18
   0.20  -1.13   4.10  -0.76   1.91  31.18
   0.33  -0.86   2.88  -1.71  11.67  30.48
   0.33  -0.86   2.88  -1.71  11.67  30.48
   0.09  -1.44   3.22   0.08  12.07  28.07
   0.09  -1.44   3.22   0.08  12.07  28.07
   0.24  -1.03   4.07   0.76 -22.43  36.68
   0.24  -1.03   4.07   0.76 -22.43  36.68
   0.06  -1.20   2.86  -1.59  -0.96  30.70
   0.06  -1.20   2.86  -1.59  -0.96  30.70
   0.15  -1.03   2.52   0.16  24.66  23.64
   0.15  -1.03   2.52   0.16  24.66  23.64
   0.24  -1.14   3.12  -1.94  12.66  29.32
   0.24  -1.14   3.12  -1.94  12.66  29.32
  -0.21  -1.01   3.50   1.75  -4.01  31.44
  -0.21  -1.01   3.50   1.75  -4.01  31.44
   0.24  -0.89   3.29  -1.65  -1.13  34.40
   0.24  -0.89   3.29  -1.65  -1.13  34.40
   0.32  -0.87   3.63  -0.91  -3.15  30.83
   0.32  -0.87   3.63  -0.91  -3.15  30.83
   0.53  -1.03   3.63   0.34  -5.84  32.92
   0.53  -1.03   3.63   0.34  -5.84  32.92
   0.09  -1.10   3.47  -0.06  -6.65  35.75
   0.09  -1.10   3.47  -0.06  -6.65  35.75
  -0.03  -1.24   2.62  -0.76  14.80  26.94
  -0.03  -1.24   2.62  -0.76  14.80  26.94
   0.08  -1.10   3.42  -0.90 -15.86  34.43
   0.08  -1.10   3.42  -0.90 -15.86  34.43
   0.24  -0.88   3.00   0.84   9.25  30.51
   0.24  -0.88   3.00   0.84   9.25  30.51
  -0.10  -1.40   3.01  -1.36  17.43  23.99
  -0.10  -1.40   3.01  -1.36  17.43  23.99
  -0.09  -1.08   3.66   0.82  -6.78  35.99
  -0.09  -1.08   3.66   0.82  -6.78  35.99
  -0.37  -0.85   3.48   2.17 -13.59  32.79
  -0.37  -0.85   3.48   2.17 -13.59  32.79
   0.24  -1.04   3.72   1.25   6.83  33.99
   0.24  -1.04   3.72   1.25   6.83  33.99
   0.07  -0.77   3.36   0.91 -18.04  33.22
   0.07  -0.77   3.36   0.91 -18.04  33.22
   0.64  -1.45   2.27  -0.84   7.12  32.79
   0.64  -1.45   2.27  -0.84   7.12  32.79
  -0.21  -0.47   3.17  -0.68   6.32  29.85
  -0.21  -0.47   3.17  -0.68   6.32  29.85
   0.11  -1.19   3.68  -3.16  -7.20  32.46
   0.11  -1.19   3.68  -3.16  -7.20  32.46
  -0.20  -1.16   3.05  -0.67  16.61  24.46
  -0.20  -1.16   3.05  -0.67  16.61  24.46
