  -0.57   0.26   3.52  -1.20  -3.17  38.29
  -0.57   0.26   3.52  -1.20  -3.17  38.29
  -1.52   0.31   3.35  -2.83   6.91  33.11
  -1.52   0.31   3.35  -2.83   6.91  33.11
  -1.20   0.18   3.82  -2.60  -8.63  38.38
  -1.20   0.18   3.82  -2.60  -8.63  38.38
  -0.75   0.75   3.24  -1.05   5.22  35.10
  -0.75   0.75   3.24  -1.05   5.22  35.10
  -1.24   0.25   3.81  -0.64  -4.78  38.44
  -1.24   0.25   3.81  -0.64  -4.78  38.44
  -1.03  -0.03   3.16  -1.40   7.35  35.88
  -1.03  -0.03   3.16  -1.40   7.35  35.88
  -1.28   0.25   3.08  -0.74  11.67  34.64
  -1.28   0.25   3.08  -0.74  11.67  34.64
  -1.14  -0.05   3.91   0.38 -11.94  38.80
  -1.14  -0.05   3.91   0.38 -11.94  38.80
  -1.39   0.46   4.12  -0.51  -5.86  40.18
  -1.39   0.46   4.12  -0.51  -5.86  40.18
  -1.19   0.13   3.14  -0.34  -1.69  37.43
  -1.19   0.13   3.14  -0.34  -1.69  37.43
  -0.95   0.70   3.29  -1.77   0.95  37.67
  -0.95   0.70   3.29  -1.77   0.95  37.67
  -0.65   0.09   3.39  -4.81   8.10  36.75
  -0.65   0.09   3.39  -4.81   8.10  36.75
  -0.98  -0.01   3.73  -1.32   7.71  34.88
  -0.98  -0.01   3.73  -1.32   7.71  34.88
  -1.00   0.02   3.18  -4.93   9.33  38.91
  -1.00   0.02   3.18  -4.93   9.33  38.91
  -0.52   0.55   3.87   1.24 -14.62  42.38
  -0.52   0.55   3.87   1.24 -14.62  42.38
  -0.81   0.43   2.38  -4.97  15.44  29.06
  -0.81   0.43   2.38  -4.97  15.44  29.06
  -1.26  -0.22   3.84   0.04  -7.36  34.92
  -1.26  -0.22   3.84   0.04  -7.36  34.92
  -0.90  -0.01   3.34  -3.33   6.35  39.62
  -0.90  -0.01   3.34  -3.33   6.35  39.62
  -0.63   0.17   3.35  -2.05   4.34  37.59
  -0.63   0.17   3.35  -2.05   4.34  37.59
  -1.33   0.32   3.73  -0.01  -9.85  37.47
  -1.33   0.32   3.73  -0.01  -9.85  37.47
  -0.82  -0.05   3.12  -4.44  12.10  37.28
  -0.82  -0.05   3.12  -4.44  12.10  37.28
  -0.90   0.14   2.78  -1.00  24.05  28.30
  -0.90   0.14   2.78  -1.00  24.05  28.30
  -1.26   0.08   4.11  -3.68  -6.83  44.98
  -1.26   0.08   4.11  -3.68  -6.83  44.98
  -0.81   0.11   3.29  -3.86   8.22  37.62
  -0.81   0.11   3.29  -3.86   8.22  37.62
  -1.45   0.12   2.98  -1.51  18.15  28.93
  -1.45   0.12   2.98  -1.51  18.15  28.93
  -0.61   0.13   3.18  -1.32  13.67  40.48
  -0.61   0.13   3.18  -1.32  13.67  40.48
  -0.97   0.47   2.83  -1.50   8.16  37.58
  -0.97   0.47   2.83  -1.50   8.16  37.58
  -1.05   0.06   3.31  -2.46   0.06  39.31
  -1.05   0.06   3.31  -2.46   0.06  39.31
  -0.46   0.24   4.07   0.78 -12.81  47.06
  -0.46   0.24   4.07   0.78 -12.81  47.06
  -1.19   0.58   3.35  -3.08   6.05  40.37
  -1.19   0.58   3.35  -3.08   6.05  40.37
  -0.97   0.07   4.07   0.26 -18.00  42.21
  -0.97   0.07   4.07   0.26 -18.00  42.21
  -1.06  -0.42   3.18  -1.94  12.59  36.62
  -1.06  -0.42   3.18  -1.94  12.59  36.62
  -0.93  -0.01   3.24  -1.27  14.53  38.15
  -0.93  -0.01   3.24  -1.27  14.53  38.15
  -0.51   0.55   3.34  -2.60   6.58  43.23
  -0.51   0.55   3.34  -2.60   6.58  43.23
  -0.62   0.14   3.17  -3.93   7.17  39.30
  -0.62   0.14   3.17  -3.93   7.17  39.30
  -1.32   0.60   3.12  -3.13  15.74  34.48
  -1.32   0.60   3.12  -3.13  15.74  34.48
  -1.16   0.05   2.29  -0.53  23.10  26.27
  -1.16   0.05   2.29  -0.53  23.10  26.27
  -0.81   0.11   3.19  -4.48  14.34  38.58
  -0.81   0.11   3.19  -4.48  14.34  38.58
  -0.57   0.28   3.93   3.29 -19.85  42.57
  -0.57   0.28   3.93   3.29 -19.85  42.57
  -0.64  -0.13   3.54  -4.01   4.99  41.98
  -0.64  -0.13   3.54  -4.01   4.99  41.98
  -1.30   0.72   3.21  -2.19  -1.47  37.25
  -1.30   0.72   3.21  -2.19  -1.47  37.25
  -0.41   0.57   4.32   0.99 -13.12  49.46
  -0.41   0.57   4.32   0.99 -13.12  49.46
  -1.29   0.59   2.99  -0.62   5.58  35.67
  -1.29   0.59   2.99  -0.62   5.58  35.67
  -1.07   0.12   3.32   0.90   0.55  38.78
  -1.07   0.12   3.32   0.90   0.55  38.78
  -0.54   0.16   3.12  -3.68   7.83  38.57
  -0.54   0.16   3.12  -3.68   7.83  38.57
  -1.07   0.05   3.48   0.78   9.34  36.43
  -1.07   0.05   3.48   0.78   9.34  36.43
  -1.10   0.19   3.65  -4.99   6.12  39.97
  -1.10   0.19   3.65  -4.99   6.12  39.97
  -0.86   0.64   3.64  -2.17  -4.84  40.01
  -0.86   0.64   3.64  -2.17  -4.84  40.01
  -0.70  -0.29   3.62  -1.39   5.02  41.57
  -0.70  -0.29   3.62  -1.39   5.02  41.57
  -1.00   0.42   3.17  -2.10  -1.88  35.08
  -1.00   0.42   3.17  -2.10  -1.88  35.08
  -1.04  -0.17   3.44   0.60   6.52  36.01
  -1.04  -0.17   3.44   0.60   6.52  36.01
  -0.85   0.06   3.51  -0.53   8.58  36.05
  -0.85   0.06   3.51  -0.53   8.58  36.05
  -1.26   0.13   3.20  -2.80  11.21  31.80
  -1.26   0.13   3.20  -2.80  11.21  31.80
  -0.99   0.10   3.30  -2.36   7.84  37.99
  -0.99   0.10   3.30  -2.36   7.84  37.99
  -0.71   0.08   2.89   0.64  10.18  38.38
  -0.71   0.08   2.89   0.64  10.18  38.38
  -0.96   0.03   3.52  -3.09  -7.96  39.48
  -0.96   0.03   3.52  -3.09  -7.96  39.48
  -0.70  -0.27   3.53  -4.02  13.14  38.05
  -0.70  -0.27   3.53  -4.02  13.14  38.05
  -1.47   0.48   3.32  -2.45   2.86  35.50
  -1.47   0.48   3.32  -2.45   2.86  35.50
  -0.97  -0.23   3.37  -2.35   8.16  36.04
  -0.97  -0.23   3.37  -2.35   8.16  36.04
  -1.28   0.26   3.29  -1.91   6.52  37.37
  -1.28   0.26   3.29  -1.91   6.52  37.37
  -0.81   0.28   3.58  -1.91   0.60  40.94
  -0.81   0.28   3.58  -1.91   0.60  40.94
  -0.65   0.37   3.80   3.24 -16.02  45.15
  -0.65   0.37   3.80   3.24 -16.02  45.15
  -1.87  -0.07   3.13  -0.19   1.68  27.34
  -1.87  -0.07   3.13  -0.19   1.68  27.34
  -0.78   0.12   3.76   0.17  -1.17  42.08
  -0.78   0.12   3.76   0.17  -1.17  42.08
  -1.14   0.18   3.46  -2.40   0.43  37.33
  -1.14   0.18   3.46  -2.40   0.43  37.33
  -1.13   0.74   3.49  -3.86  13.84  39.38
  -1.13   0.74   3.49  -3.86  13.84  39.38
  -0.87   0.07   3.47  -3.75   2.10  40.00
  -0.87   0.07   3.47  -3.75   2.10  40.00
  -0.93   0.32   3.17   1.42  13.74  33.62
  -0.93   0.32   3.17   1.42  13.74  33.62
  -0.59   0.17   3.99   1.49 -19.01  44.73
  -0.59   0.17   3.99   1.49 -19.01  44.73
  -0.67   0.00   3.57  -1.19 -11.27  37.98
  -0.67   0.00   3.57  -1.19 -11.27  37.98
  -0.59  -0.07   4.03  -1.86 -12.22  42.34
  -0.59  -0.07   4.03  -1.86 -12.22  42.34
  -0.73   0.50   4.00  -0.91 -32.73  40.35
  -0.73   0.50   4.00  -0.91 -32.73  40.35
  -0.56   0.40   2.55  -2.79  18.19  32.83
  -0.56   0.40   2.55  -2.79  18.19  32.83
  -0.73  -0.26   3.49  -0.75  -1.92  35.92
  -0.73  -0.26   3.49  -0.75  -1.92  35.92
  -0.66   0.10   3.50  -2.15  -1.19  42.42
  -0.66   0.10   3.50  -2.15  -1.19  42.42
  -1.35  -0.15   3.71  -1.78   0.11  36.23
  -1.35  -0.15   3.71  -1.78   0.11  36.23
  -1.32   0.58   3.80   4.96 -26.75  38.75
  -1.32   0.58   3.80   4.96 -26.75  38.75
  -0.78   0.48   3.87  -0.15  -3.92  41.70
  -0.78   0.48   3.87  -0.15  -3.92  41.70
  -1.27  -0.24   3.39  -1.77  -0.49  33.93
  -1.27  -0.24   3.39  -1.77  -0.49  33.93
  -0.56   0.26   3.72   3.32 -10.49  44.09
  -0.56   0.26   3.72   3.32 -10.49  44.09
  -1.41   0.15   3.41  -4.13  10.99  37.93
  -1.41   0.15   3.41  -4.13  10.99  37.93
  -1.53   0.35   3.13   0.74  -4.95  33.69
  -1.53   0.35   3.13   0.74  -4.95  33.69
  -1.01   0.51   3.03  -2.14   6.43  32.48
  -1.01   0.51   3.03  -2.14   6.43  32.48
  -0.93   0.05   3.40  -3.51   4.74  37.02
  -0.93   0.05   3.40  -3.51   4.74  37.02
  -1.25   0.34   4.25   1.76 -18.74  40.94
  -1.25   0.34   4.25   1.76 -18.74  40.94
  -0.84  -0.06   3.47  -2.70  12.82  38.10
  -0.84  -0.06   3.47  -2.70  12.82  38.10
  -1.05   0.82   3.41  -1.97   9.53  40.86
  -1.05   0.82   3.41  -1.97   9.53  40.86
  -0.62   0.28   3.12  -3.01  21.11  35.06
  -0.62   0.28   3.12  -3.01  21.11  35.06
  -1.31   0.83   3.20   3.77   6.19  33.85
  -1.31   0.83   3.20   3.77   6.19  33.85
  -1.10   0.37   3.27  -2.42  12.51  37.77
  -1.10   0.37   3.27  -2.42  12.51  37.77
  -1.10   0.08   2.76   2.17  12.37  27.84
  -1.10   0.08   2.76   2.17  12.37  27.84
  -0.64   0.15   3.35   1.07   2.93  44.68
  -0.64   0.15   3.35   1.07   2.93  44.68
  -0.74   0.52   4.09   2.20 -14.17  42.16
  -0.74   0.52   4.09   2.20 -14.17  42.16
  -1.37   0.22   3.69  -0.25  -7.65  41.05
  -1.37   0.22   3.69  -0.25  -7.65  41.05
  -1.79  -0.16   3.88  -1.72   0.25  35.34
  -1.79  -0.16   3.88  -1.72   0.25  35.34
  -0.99   0.56   3.37  -1.28   3.82  42.24
  -0.99   0.56   3.37  -1.28   3.82  42.24
  -1.23   0.01   3.89   0.06  -2.72  39.65
  -1.23   0.01   3.89   0.06  -2.72  39.65
  -1.41   0.03   3.25  -3.81   7.32  35.20
  -1.41   0.03   3.25  -3.81   7.32  35.20
  -0.98  -0.07   3.31   0.04  10.07  39.41
  -0.98  -0.07   3.31   0.04  10.07  39.41
  -0.91  -0.15   3.42  -4.03  14.55  40.69
  -0.91  -0.15   3.42  -4.03  14.55  40.69
  -1.38  -0.24   3.94   1.16 -13.16  41.76
  -1.38  -0.24   3.94   1.16 -13.16  41.76
