  -0.61   0.29   3.58  -1.61  -4.41  38.72
  -0.61   0.29   3.58  -1.61  -4.41  38.72
  -0.99   0.31   3.74  -0.56  16.69  39.69
  -0.99   0.31   3.74  -0.56  16.69  39.69
  -1.45   0.00   3.46  -2.20 -10.03  35.64
  -1.45   0.00   3.46  -2.20 -10.03  35.64
  -0.75  -0.15   3.43  -8.21   6.86  37.80
  -0.75  -0.15   3.43  -8.21   6.86  37.80
  -1.13  -0.04   3.89  -1.48  -1.59  34.26
  -1.13  -0.04   3.89  -1.48  -1.59  34.26
  -0.96  -0.26   3.74  -6.62   2.69  37.53
  -0.96  -0.26   3.74  -6.62   2.69  37.53
  -1.13   0.43   4.33  -5.20 -14.40  45.61
  -1.13   0.43   4.33  -5.20 -14.40  45.61
  -0.79   0.02   2.36   0.02  34.13  32.99
  -0.79   0.02   2.36   0.02  34.13  32.99
  -1.22   0.29   3.95  -0.46 -17.06  38.65
  -1.22   0.29   3.95  -0.46 -17.06  38.65
  -0.90  -0.05   4.22  -4.38 -13.73  43.12
  -0.90  -0.05   4.22  -4.38 -13.73  43.12
  -0.79   0.29   4.67  -2.74 -28.28  41.78
  -0.79   0.29   4.67  -2.74 -28.28  41.78
  -1.68  -0.14   3.58  -4.61   5.82  35.11
  -1.68  -0.14   3.58  -4.61   5.82  35.11
  -1.32   0.36   3.89  -4.16 -12.56  35.75
  -1.32   0.36   3.89  -4.16 -12.56  35.75
  -1.07   0.56   3.83  -4.64 -17.09  34.67
  -1.07   0.56   3.83  -4.64 -17.09  34.67
  -1.09   0.19   3.80  -6.17  -4.66  37.01
  -1.09   0.19   3.80  -6.17  -4.66  37.01
  -1.17   0.71   3.51  -2.05  -0.75  33.31
  -1.17   0.71   3.51  -2.05  -0.75  33.31
  -0.84   0.33   3.69  -3.25  -2.12  40.14
  -0.84   0.33   3.69  -3.25  -2.12  40.14
  -1.19  -0.06   3.83  -4.85  -0.36  41.40
  -1.19  -0.06   3.83  -4.85  -0.36  41.40
  -1.44   0.01   3.73  -4.97  -3.53  38.36
  -1.44   0.01   3.73  -4.97  -3.53  38.36
  -0.75   0.11   3.24   3.06   7.25  32.87
  -0.75   0.11   3.24   3.06   7.25  32.87
  -1.81   0.02   3.52  -2.14  -7.09  28.44
  -1.81   0.02   3.52  -2.14  -7.09  28.44
  -1.29   0.28   3.14  -2.64   9.97  33.19
  -1.29   0.28   3.14  -2.64   9.97  33.19
  -1.51  -0.03   3.95  -4.46 -15.23  37.57
  -1.51  -0.03   3.95  -4.46 -15.23  37.57
  -1.33   0.06   4.22  -3.76 -10.09  43.63
  -1.33   0.06   4.22  -3.76 -10.09  43.63
  -1.48   0.32   3.98  -3.72  -3.29  39.17
  -1.48   0.32   3.98  -3.72  -3.29  39.17
  -1.38   0.39   2.84  -0.20  11.77  34.19
  -1.38   0.39   2.84  -0.20  11.77  34.19
  -0.41  -0.10   3.81  -3.31  -2.88  40.92
  -0.41  -0.10   3.81  -3.31  -2.88  40.92
  -0.93   0.33   3.98  -1.50  -4.87  40.28
  -0.93   0.33   3.98  -1.50  -4.87  40.28
  -0.64   0.04   4.49  -2.79 -29.73  43.92
  -0.64   0.04   4.49  -2.79 -29.73  43.92
  -0.93   0.54   3.46  -2.96  -6.20  42.31
  -0.93   0.54   3.46  -2.96  -6.20  42.31
  -1.12   0.11   3.45  -3.46   9.17  34.47
  -1.12   0.11   3.45  -3.46   9.17  34.47
  -1.52   0.09   3.81  -2.06  -1.05  30.84
  -1.52   0.09   3.81  -2.06  -1.05  30.84
  -0.45  -0.02   4.71  -3.30 -14.88  45.28
  -0.45  -0.02   4.71  -3.30 -14.88  45.28
  -0.69   0.37   4.62  -2.44 -27.91  46.56
  -0.69   0.37   4.62  -2.44 -27.91  46.56
  -0.63   0.41   4.58  -2.35 -18.84  43.30
  -0.63   0.41   4.58  -2.35 -18.84  43.30
  -1.58   0.32   3.40  -4.24   4.65  36.34
  -1.58   0.32   3.40  -4.24   4.65  36.34
  -1.08   0.18   4.16  -4.15  -5.12  41.78
  -1.08   0.18   4.16  -4.15  -5.12  41.78
  -0.97  -0.32   4.00  -3.42 -12.69  40.94
  -0.97  -0.32   4.00  -3.42 -12.69  40.94
  -0.20   0.11   4.20  -3.14 -19.27  41.50
  -0.20   0.11   4.20  -3.14 -19.27  41.50
  -0.61  -0.15   3.93  -5.24  -5.69  39.77
  -0.61  -0.15   3.93  -5.24  -5.69  39.77
  -1.31  -0.09   4.13  -2.30 -11.76  43.80
  -1.31  -0.09   4.13  -2.30 -11.76  43.80
  -0.43  -0.33   4.44   1.52 -27.26  40.94
  -0.43  -0.33   4.44   1.52 -27.26  40.94
  -1.25   0.63   3.00   3.16  22.42  24.71
  -1.25   0.63   3.00   3.16  22.42  24.71
  -1.16   0.24   3.86  -6.22  -7.11  38.59
  -1.16   0.24   3.86  -6.22  -7.11  38.59
  -1.30  -0.21   3.84  -5.97  -9.10  36.47
  -1.30  -0.21   3.84  -5.97  -9.10  36.47
  -0.58  -0.14   4.46  -0.04 -13.46  42.55
  -0.58  -0.14   4.46  -0.04 -13.46  42.55
  -0.93  -0.11   4.11  -8.06  -9.43  39.59
  -0.93  -0.11   4.11  -8.06  -9.43  39.59
  -1.19   0.40   3.61  -2.41   2.13  34.41
  -1.19   0.40   3.61  -2.41   2.13  34.41
  -1.36   0.50   3.60  -5.27 -21.28  39.09
  -1.36   0.50   3.60  -5.27 -21.28  39.09
  -1.24   0.04   3.36  -1.66   2.35  32.23
  -1.24   0.04   3.36  -1.66   2.35  32.23
  -0.96  -0.15   4.47  -2.37 -20.86  37.99
  -0.96  -0.15   4.47  -2.37 -20.86  37.99
  -1.33   0.06   3.52  -6.68 -14.23  38.91
  -1.33   0.06   3.52  -6.68 -14.23  38.91
  -1.27   0.04   3.33  -0.25  -4.01  23.88
  -1.27   0.04   3.33  -0.25  -4.01  23.88
  -1.32   0.38   4.00  -3.46  -6.14  35.91
  -1.32   0.38   4.00  -3.46  -6.14  35.91
  -0.99  -0.25   3.83  -2.63 -12.39  39.73
  -0.99  -0.25   3.83  -2.63 -12.39  39.73
  -1.06   0.16   3.50  -4.61  -1.87  32.68
  -1.06   0.16   3.50  -4.61  -1.87  32.68
  -1.32   0.41   3.92  -5.37 -12.85  34.31
  -1.32   0.41   3.92  -5.37 -12.85  34.31
  -0.96   0.13   4.14  -3.29 -14.46  42.42
  -0.96   0.13   4.14  -3.29 -14.46  42.42
  -1.56   0.07   3.67  -2.56 -12.48  30.27
  -1.56   0.07   3.67  -2.56 -12.48  30.27
  -0.66   0.00   3.86  -4.62   1.60  39.46
  -0.66   0.00   3.86  -4.62   1.60  39.46
  -1.10   0.12   3.52  -5.86  -2.00  37.81
  -1.10   0.12   3.52  -5.86  -2.00  37.81
  -1.03  -0.16   3.91  -3.22 -16.60  44.60
  -1.03  -0.16   3.91  -3.22 -16.60  44.60
  -0.60  -0.36   3.64  -5.56  -1.19  35.13
  -0.60  -0.36   3.64  -5.56  -1.19  35.13
  -1.17   0.50   3.55  -5.07  -2.13  38.56
  -1.17   0.50   3.55  -5.07  -2.13  38.56
  -1.11   0.84   4.03  -2.09  -6.47  35.98
  -1.11   0.84   4.03  -2.09  -6.47  35.98
  -0.93   0.39   3.69  -4.32  -9.92  40.90
  -0.93   0.39   3.69  -4.32  -9.92  40.90
  -1.59  -0.01   3.43  -0.98  -7.28  35.04
  -1.59  -0.01   3.43  -0.98  -7.28  35.04
  -1.20   0.02   3.64  -3.61   2.49  36.54
  -1.20   0.02   3.64  -3.61   2.49  36.54
  -1.57   0.48   3.39  -2.82  -2.28  37.46
  -1.57   0.48   3.39  -2.82  -2.28  37.46
  -0.47  -0.17   4.45   1.27 -20.67  40.16
  -0.47  -0.17   4.45   1.27 -20.67  40.16
  -1.07   0.26   3.73  -4.89   5.04  40.79
  -1.07   0.26   3.73  -4.89   5.04  40.79
  -0.86  -0.34   4.05  -2.60 -13.61  33.38
  -0.86  -0.34   4.05  -2.60 -13.61  33.38
  -1.30   0.58   3.53  -4.55  -4.88  33.26
  -1.30   0.58   3.53  -4.55  -4.88  33.26
  -1.24  -0.11   4.10  -3.02 -21.50  36.51
  -1.24  -0.11   4.10  -3.02 -21.50  36.51
  -1.07   0.06   3.51  -2.67  -2.48  31.47
  -1.07   0.06   3.51  -2.67  -2.48  31.47
  -1.14   0.35   4.04  -2.60   5.04  40.62
  -1.14   0.35   4.04  -2.60   5.04  40.62
  -0.98   0.40   3.99  -4.01  -9.92  39.80
  -0.98   0.40   3.99  -4.01  -9.92  39.80
  -0.61   0.20   4.98  -1.52 -20.64  44.26
  -0.61   0.20   4.98  -1.52 -20.64  44.26
  -1.14  -0.27   3.49  -1.31   4.73  35.71
  -1.14  -0.27   3.49  -1.31   4.73  35.71
  -0.67  -0.10   3.84  -4.44 -20.39  39.36
  -0.67  -0.10   3.84  -4.44 -20.39  39.36
  -0.24   0.11   5.24  -0.90 -42.75  41.65
  -0.24   0.11   5.24  -0.90 -42.75  41.65
  -0.58  -0.25   4.69  -1.05 -25.73  41.08
  -0.58  -0.25   4.69  -1.05 -25.73  41.08
  -0.86   0.06   4.16  -1.80 -11.61  39.02
  -0.86   0.06   4.16  -1.80 -11.61  39.02
  -0.61   0.26   3.32  -3.29  12.72  31.50
  -0.61   0.26   3.32  -3.29  12.72  31.50
  -0.49  -0.44   3.76  -3.07   0.89  34.41
  -0.49  -0.44   3.76  -3.07   0.89  34.41
  -1.15  -0.09   3.38  -5.47  -4.18  40.31
  -1.15  -0.09   3.38  -5.47  -4.18  40.31
  -1.58   0.21   4.55  -2.74 -29.85  48.58
  -1.58   0.21   4.55  -2.74 -29.85  48.58
  -1.17  -0.29   4.30   0.24 -20.48  35.95
  -1.17  -0.29   4.30   0.24 -20.48  35.95
  -1.67   0.48   4.08   0.56 -15.74  40.93
  -1.67   0.48   4.08   0.56 -15.74  40.93
  -1.01   0.26   3.74  -4.15  -6.25  37.79
  -1.01   0.26   3.74  -4.15  -6.25  37.79
  -0.92  -0.02   3.32  -1.54  14.75  36.29
  -0.92  -0.02   3.32  -1.54  14.75  36.29
  -0.80   0.10   3.55  -4.28   0.94  33.42
  -0.80   0.10   3.55  -4.28   0.94  33.42
  -0.35  -0.33   4.34  -0.75  -8.88  38.76
  -0.35  -0.33   4.34  -0.75  -8.88  38.76
  -0.65  -0.26   3.87  -6.27  -3.22  39.59
  -0.65  -0.26   3.87  -6.27  -3.22  39.59
  -1.78   0.24   3.70  -2.57  -3.26  34.78
  -1.78   0.24   3.70  -2.57  -3.26  34.78
  -1.28  -0.20   3.71  -2.79  -6.65  39.64
  -1.28  -0.20   3.71  -2.79  -6.65  39.64
  -0.91   0.11   3.94  -1.02 -18.11  42.31
  -0.91   0.11   3.94  -1.02 -18.11  42.31
  -0.82  -0.24   4.61  -2.73 -21.94  43.88
  -0.82  -0.24   4.61  -2.73 -21.94  43.88
  -1.03   0.08   3.85  -5.97  -7.02  40.90
  -1.03   0.08   3.85  -5.97  -7.02  40.90
  -1.00  -0.08   4.37   0.15  -9.83  44.13
  -1.00  -0.08   4.37   0.15  -9.83  44.13
  -0.76   0.00   4.22  -2.88 -19.09  31.38
  -0.76   0.00   4.22  -2.88 -19.09  31.38
