1 3.50
2 3.50
3 3.58
4 3.58
5 3.61
6 3.61
7 3.58
8 3.58
9 3.56
10 3.56
11 3.46
12 3.46
13 3.58
14 3.58
15 3.55
16 3.55
17 3.63
18 3.63
19 3.57
20 3.57
21 3.64
22 3.64
23 3.60
24 3.60
25 3.59
26 3.59
27 3.61
28 3.61
29 3.60
30 3.60
31 3.57
32 3.57
33 3.45
34 3.45
35 3.56
36 3.56
37 3.59
38 3.59
39 3.55
40 3.55
41 3.58
42 3.58
43 3.57
44 3.57
45 3.59
46 3.59
47 3.58
48 3.58
49 3.63
50 3.63
51 3.49
52 3.49
53 3.52
54 3.52
55 3.59
56 3.59
57 3.62
58 3.62
59 3.55
60 3.55
61 3.60
62 3.60
63 3.55
64 3.55
65 3.60
66 3.60
67 3.61
68 3.61
69 3.53
70 3.53
71 3.50
72 3.50
73 3.54
74 3.54
75 3.55
76 3.55
77 3.71
78 3.71
79 3.63
80 3.63
81 3.49
82 3.49
83 3.55
84 3.55
85 3.60
86 3.60
87 3.57
88 3.57
89 3.48
90 3.48
91 3.54
92 3.54
93 3.55
94 3.55
95 3.54
96 3.54
97 3.58
98 3.58
99 3.65
100 3.65
101 3.49
102 3.49
