1 79.461
2 39.368
3 25.722
4 25.563
5 -55.392
6 -38.265
7 1.321
8 -25.924
9 16.288
10 8.865
11 -3.904
12 -35.658
13 -2.085
14 -15.402
15 13.080
16 33.033
17 18.690
18 48.015
19 32.382
20 19.625
21 -17.097
22 -13.195
23 56.386
24 5.887
25 -7.561
26 19.551
27 66.798
28 20.435
29 -13.414
30 36.199
31 30.294
32 -26.319
33 -35.493
34 -24.628
35 19.011
36 -19.915
37 9.524
38 50.473
39 80.741
40 7.325
41 -26.501
42 -20.245
43 -7.905
44 10.657
45 5.969
46 -13.708
47 6.263
48 47.761
49 -12.311
50 -4.239
51 -37.812
52 -8.999
53 -24.028
54 -29.395
55 -23.470
56 -23.325
57 -20.427
58 26.658
59 -0.005
60 -28.666
61 21.492
62 -33.994
63 7.002
64 19.755
65 34.009
66 2.928
67 -19.793
68 46.211
69 59.644
70 -9.909
71 -26.156
72 -30.753
73 9.895
74 24.044
75 -3.079
76 -17.768
77 -12.687
78 -32.374
79 17.344
80 -11.134
81 -64.608
82 -49.195
83 -49.546
84 -60.043
85 -22.095
86 31.687
87 58.129
88 -6.403
89 43.933
90 14.395
91 -33.804
92 -30.842
93 -53.381
94 -10.180
95 -29.856
96 -21.151
97 8.752
98 -27.059
99 27.893
100 21.502
101 -7.591
