1	243.32
2	242.26
3	241.46
4	242.68
5	245.53
6	242.62
7	243.99
8	242.91
9	244.26
10	242.01
11	242.97
12	243.36
13	243.83
14	241.35
15	243.76
16	242.48
17	242.77
18	242.41
19	242.48
20	243.55
21	243.33
22	243.88
23	242.21
24	243.35
25	241.6
26	243.05
27	244.78
28	243.37
29	241.77
30	243.17
31	242.88
32	244.43
33	242.33
34	242.77
35	241.16
36	243.39
37	244.21
38	244.47
39	243.16
40	243.17
41	242.61
42	243.48
43	243.81
44	245.76
45	241.75
46	243.89
47	242.86
48	241.91
49	243.71
50	243.56
51	244.27
