1 -0.35
2 -0.35
3 1.10
4 1.10
5 7.93
6 7.93
7 16.63
8 16.63
9 -18.94
10 -18.94
11 -7.34
12 -7.34
13 0.51
14 0.51
15 -6.93
16 -6.93
17 -2.26
18 -2.26
19 -0.75
20 -0.75
21 0.39
22 0.39
23 0.68
24 0.68
25 8.58
26 8.58
27 5.78
28 5.78
29 20.10
30 20.10
31 14.36
32 14.36
33 -7.21
34 -7.21
35 -15.38
36 -15.38
37 6.55
38 6.55
39 6.92
40 6.92
41 8.44
42 8.44
43 12.22
44 12.22
45 -6.82
46 -6.82
47 3.98
48 3.98
49 1.99
50 1.99
51 -10.66
52 -10.66
53 3.16
54 3.16
55 33.38
56 33.38
57 -3.45
58 -3.45
59 -22.76
60 -22.76
61 -27.69
62 -27.69
63 -12.92
64 -12.92
65 -26.54
66 -26.54
67 -10.75
68 -10.75
69 -12.99
70 -12.99
71 -28.19
72 -28.19
73 8.96
74 8.96
75 3.45
76 3.45
77 15.26
78 15.26
79 6.23
80 6.23
81 -5.17
82 -5.17
83 27.53
84 27.53
85 -3.41
86 -3.41
87 -20.46
88 -20.46
89 1.55
90 1.55
91 -13.72
92 -13.72
93 5.79
94 5.79
95 2.18
96 2.18
97 -0.94
98 -0.94
99 -2.96
100 -2.96
101 19.03
102 19.03
