1	-11.13
2	-17.20
3	0.10
4	-12.97
5	-10.47
6	-8.09
7	-14.21
8	-19.17
9	-11.31
10	-13.27
11	-14.46
12	-19.13
13	-10.03
14	-17.75
15	-11.60
16	-1.58
17	-8.81
18	-6.29
19	-15.86
20	-8.27
21	-16.25
22	-16.45
23	-9.16
24	-11.17
25	-20.02
26	-3.82
27	-8.70
28	-7.12
29	-20.09
30	-16.41
31	-11.86
32	-17.22
33	-11.36
34	-10.57
35	-19.68
36	-16.96
37	-13.42
38	-10.39
39	-10.50
40	-15.91
41	-12.64
42	-12.10
43	-7.42
44	-1.46
45	-11.60
46	-13.81
47	-3.89
48	-13.84
49	-10.84
50	-13.17
51	-22.61
52	-17.86
53	-10.06
54	-14.22
55	-13.49
56	-18.92
57	-14.41
58	-6.52
59	-16.16
60	-7.83
61	-13.68
62	-17.81
63	-14.23
64	-15.72
65	-10.75
66	-19.63
67	-10.57
68	-3.57
69	-9.45
70	-13.88
71	-8.59
72	-5.38
73	-16.13
74	-20.17
75	-10.23
76	-14.33
77	-16.33
78	-0.03
79	-8.64
80	-14.25
81	-8.52
82	-11.79
83	-9.89
84	-16.43
85	-15.45
86	-11.35
87	-5.39
88	-13.23
89	-14.20
90	-13.96
91	-14.12
92	-12.39
93	-3.47
94	-18.14
95	-16.03
96	-9.11
97	-14.42
98	-7.30
99	-12.37
100	-12.90
101	-1.10
