1	0.01
2	-0.03
3	0.09
4	-0.02
5	0.06
6	0.02
7	0.03
8	0.05
9	0.01
10	0.03
11	0.02
12	0.02
13	0.06
14	0.05
15	-0.02
16	-0.05
17	0.05
18	-0.05
19	-0.03
20	0.02
21	0.01
22	-0.07
23	0.00
24	0.03
25	-0.07
26	0.14
27	-0.06
28	0.01
29	0.04
30	0.11
31	0.00
32	0.07
33	0.04
34	-0.05
35	0.00
36	-0.06
37	0.10
38	0.04
39	-0.06
40	0.10
41	-0.02
42	0.06
43	0.01
44	-0.02
45	-0.05
46	0.10
47	-0.02
48	-0.02
49	0.01
50	0.02
51	-0.02
52	-0.04
53	0.06
54	-0.06
55	-0.04
56	-0.04
57	0.05
58	0.08
59	0.08
60	0.18
61	0.04
62	-0.04
63	-0.03
64	0.07
65	-0.02
66	-0.06
67	0.09
68	0.02
69	0.02
70	0.11
71	0.10
72	0.06
73	0.08
74	0.07
75	0.05
76	-0.03
77	-0.01
78	0.05
79	0.00
80	0.05
81	0.06
82	-0.02
83	-0.08
84	-0.04
85	0.05
86	0.02
87	-0.02
88	0.07
89	0.09
90	-0.06
91	-0.04
92	0.04
93	0.03
94	0.05
95	0.06
96	0.02
97	0.02
98	0.04
99	-0.05
100	0.00
101	0.12
