1	0.01
2	0.03
3	-0.01
4	0.04
5	0.03
6	0.01
7	0.08
8	-0.05
9	0.00
10	0.04
11	0.07
12	-0.06
13	0.02
14	-0.01
15	-0.02
16	-0.05
17	0.08
18	0.05
19	-0.01
20	-0.01
21	0.18
22	-0.03
23	0.02
24	0.09
25	0.05
26	0.10
27	0.00
28	-0.01
29	0.06
30	-0.06
31	0.03
32	0.00
33	-0.03
34	0.05
35	0.03
36	0.11
37	-0.02
38	-0.02
39	-0.05
40	0.02
41	0.02
42	0.10
43	0.03
44	0.11
45	0.02
46	0.06
47	0.06
48	-0.03
49	-0.03
50	0.00
51	0.08
52	-0.01
53	0.09
54	0.09
55	0.04
56	0.03
57	0.07
58	0.07
59	-0.01
60	0.12
61	0.03
62	-0.05
63	0.00
64	-0.02
65	-0.01
66	0.05
67	0.00
68	0.03
69	0.02
70	-0.04
71	-0.02
72	-0.05
73	0.00
74	-0.05
75	0.03
76	-0.02
77	-0.01
78	0.01
79	0.01
80	0.02
81	0.03
82	-0.03
83	-0.01
84	0.04
85	0.14
86	0.00
87	-0.01
88	0.06
89	0.02
90	-0.01
91	-0.04
92	0.06
93	-0.03
94	-0.03
95	0.06
96	0.00
97	-0.05
98	-0.06
99	0.16
100	-0.02
101	0.00
