1	1.56
2	12.81
3	-2.18
4	3.17
5	-12.35
6	2.91
7	-1.83
8	23.71
9	-4.62
10	-1.99
11	-0.43
12	3.70
13	1.06
14	-1.20
15	-15.23
16	1.63
17	-0.69
18	-0.37
19	-1.53
20	-4.58
21	4.47
22	1.26
23	-4.63
24	5.95
25	-11.26
26	9.63
27	2.15
28	2.75
29	-17.39
30	-3.51
31	10.64
32	-0.72
33	5.94
34	-12.66
35	-8.44
36	0.38
37	-0.10
38	-6.28
39	-5.71
40	-2.92
41	-7.04
42	2.07
43	11.38
44	-0.41
45	-5.25
46	12.18
47	-16.13
48	0.78
49	-5.69
50	-3.59
51	-5.76
52	-3.76
53	0.04
54	-2.48
55	-4.53
56	-21.36
57	-3.00
58	8.66
59	5.06
60	-5.22
61	-4.64
62	-7.92
63	8.46
64	6.16
65	-6.08
66	-15.64
67	7.18
68	-0.88
69	4.80
70	-12.13
71	4.64
72	0.77
73	1.59
74	-9.10
75	-3.81
76	3.70
77	-5.82
78	4.48
79	4.82
80	-12.34
81	-26.26
82	-18.07
83	-14.60
84	8.37
85	-1.65
86	-7.45
87	-18.51
88	-19.29
89	-10.99
90	4.98
91	-9.31
92	-2.64
93	-18.59
94	-2.14
95	3.73
96	6.65
97	-15.15
98	-4.90
99	-20.12
100	4.84
101	-22.34
