1	-4.92
2	3.58
3	9.15
4	-0.73
5	24.48
6	-16.61
7	-24.28
8	16.07
9	12.82
10	25.35
11	-24.88
12	10.09
13	5.05
14	-32.00
15	36.66
16	10.95
17	39.33
18	-45.11
19	16.61
20	4.63
21	-20.39
22	-22.48
23	9.23
24	15.31
25	-51.71
26	-6.41
27	-14.03
28	-10.94
29	2.80
30	-24.87
31	4.57
32	-13.49
33	-11.58
34	-6.03
35	-12.34
36	1.18
37	5.20
38	-22.46
39	13.91
40	-0.21
41	-1.71
42	-3.09
43	6.63
44	16.62
45	7.84
46	-34.25
47	-9.18
48	14.75
49	13.85
50	5.97
51	2.91
52	-19.06
53	18.26
54	-14.85
55	9.36
56	13.64
57	6.19
58	-14.97
59	-11.84
60	-4.35
61	8.53
62	26.42
63	-8.58
64	-19.77
65	8.74
66	17.11
67	1.82
68	-14.71
69	-7.13
70	29.96
71	9.19
72	51.68
73	-18.92
74	12.04
75	-0.64
76	20.12
77	-15.91
78	15.59
79	20.23
80	0.92
81	-3.23
82	5.08
83	23.32
84	23.71
85	7.91
86	3.81
87	-10.18
88	-41.59
89	-19.95
90	-8.07
91	8.99
92	-14.99
93	10.22
94	-12.71
95	17.10
96	-5.68
97	20.67
98	8.11
99	7.09
100	-2.99
101	20.25
