1 3.56
2 3.56
3 2.99
4 2.99
5 4.26
6 4.26
7 2.84
8 2.84
9 4.48
10 4.48
11 4.07
12 4.07
13 3.08
14 3.08
15 4.37
16 4.37
17 4.74
18 4.74
19 3.80
20 3.80
21 3.61
22 3.61
23 3.76
24 3.76
25 3.04
26 3.04
27 3.57
28 3.57
29 3.67
30 3.67
31 3.67
32 3.67
33 3.82
34 3.82
35 3.53
36 3.53
37 3.35
38 3.35
39 4.68
40 4.68
41 2.77
42 2.77
43 2.85
44 2.85
45 3.74
46 3.74
47 3.60
48 3.60
49 4.53
50 4.53
51 3.89
52 3.89
53 3.75
54 3.75
55 3.43
56 3.43
57 3.55
58 3.55
59 3.78
60 3.78
61 3.43
62 3.43
63 2.78
64 2.78
65 3.20
66 3.20
67 4.60
68 4.60
69 3.54
70 3.54
71 3.24
72 3.24
73 3.38
74 3.38
75 3.69
76 3.69
77 2.63
78 2.63
79 4.28
80 4.28
81 4.23
82 4.23
83 3.70
84 3.70
85 4.36
86 4.36
87 4.69
88 4.69
89 3.45
90 3.45
91 3.91
92 3.91
93 3.35
94 3.35
95 3.59
96 3.59
97 2.90
98 2.90
99 3.44
100 3.44
101 3.86
102 3.86
