1 -4.46
2 -4.46
3 16.70
4 16.70
5 -10.08
6 -10.08
7 6.96
8 6.96
9 -1.65
10 -1.65
11 2.71
12 2.71
13 -14.29
14 -14.29
15 33.74
16 33.74
17 -9.20
18 -9.20
19 -0.35
20 -0.35
21 -1.59
22 -1.59
23 1.97
24 1.97
25 -13.31
26 -13.31
27 -13.25
28 -13.25
29 -23.55
30 -23.55
31 -5.81
32 -5.81
33 -1.63
34 -1.63
35 -1.30
36 -1.30
37 -5.39
38 -5.39
39 -13.34
40 -13.34
41 -11.23
42 -11.23
43 -0.90
44 -0.90
45 -14.92
46 -14.92
47 6.71
48 6.71
49 -13.81
50 -13.81
51 6.80
52 6.80
53 5.76
54 5.76
55 1.21
56 1.21
57 -32.71
58 -32.71
59 -3.10
60 -3.10
61 13.35
62 13.35
63 -6.35
64 -6.35
65 3.10
66 3.10
67 -31.05
68 -31.05
69 -17.08
70 -17.08
71 -14.09
72 -14.09
73 0.86
74 0.86
75 -12.03
76 -12.03
77 -17.06
78 -17.06
79 -5.11
80 -5.11
81 -17.49
82 -17.49
83 12.97
84 12.97
85 7.47
86 7.47
87 -7.26
88 -7.26
89 -8.10
90 -8.10
91 13.12
92 13.12
93 -23.57
94 -23.57
95 3.33
96 3.33
97 -22.83
98 -22.83
99 -2.29
100 -2.29
101 -11.59
102 -11.59
103 -13.31
104 -13.31
105 -13.72
106 -13.72
107 -7.80
108 -7.80
109 -16.77
110 -16.77
111 -44.43
112 -44.43
113 -12.23
114 -12.23
115 -1.71
116 -1.71
117 -2.02
118 -2.02
119 -0.58
120 -0.58
121 -1.50
122 -1.50
123 -21.07
124 -21.07
125 5.41
126 5.41
127 2.86
128 2.86
129 -23.89
130 -23.89
131 -27.06
132 -27.06
133 0.94
134 0.94
135 -0.24
136 -0.24
137 -4.26
138 -4.26
139 -14.37
140 -14.37
141 6.93
142 6.93
143 1.20
144 1.20
145 -3.69
146 -3.69
147 -17.71
148 -17.71
149 0.84
150 0.84
151 9.36
152 9.36
153 -9.79
154 -9.79
155 3.89
156 3.89
157 -14.94
158 -14.94
159 -22.79
160 -22.79
161 -15.26
162 -15.26
163 -22.77
164 -22.77
165 -23.08
166 -23.08
167 18.15
168 18.15
169 -4.97
170 -4.97
171 -7.61
172 -7.61
173 -32.39
174 -32.39
175 -19.12
176 -19.12
177 -19.21
178 -19.21
179 -1.05
180 -1.05
181 -15.64
182 -15.64
183 -1.21
184 -1.21
185 -13.74
186 -13.74
187 -8.23
188 -8.23
189 9.16
190 9.16
191 17.01
192 17.01
193 -20.11
194 -20.11
195 -7.69
196 -7.69
197 -34.20
198 -34.20
199 8.69
200 8.69
201 -40.64
202 -40.64
