1 -0.61
2 -0.61
3 -0.99
4 -0.99
5 -1.45
6 -1.45
7 -0.74
8 -0.74
9 -1.13
10 -1.13
11 -0.96
12 -0.96
13 -1.14
14 -1.14
15 -0.80
16 -0.80
17 -1.37
18 -1.37
19 -0.95
20 -0.95
21 -1.08
22 -1.08
23 -1.68
24 -1.68
25 -1.41
26 -1.41
27 -0.95
28 -0.95
29 -0.41
30 -0.41
31 -1.30
32 -1.30
33 -0.89
34 -0.89
35 -1.47
36 -1.47
37 -1.39
38 -1.39
39 -1.49
40 -1.49
41 -1.78
42 -1.78
43 -1.33
44 -1.33
45 -1.44
46 -1.44
47 -1.36
48 -1.36
49 -1.20
50 -1.20
51 -1.30
52 -1.30
53 -0.46
54 -0.46
55 -1.09
56 -1.09
57 -0.81
58 -0.81
59 -0.92
60 -0.92
61 -1.15
62 -1.15
63 -1.52
64 -1.52
65 -0.42
66 -0.42
67 -0.50
68 -0.50
69 -0.83
70 -0.83
71 -1.63
72 -1.63
73 -1.12
74 -1.12
75 -0.70
76 -0.70
77 -0.27
78 -0.27
79 -0.54
80 -0.54
81 -1.50
82 -1.50
83 -1.00
84 -1.00
85 -1.55
86 -1.55
87 -1.39
88 -1.39
89 -1.16
90 -1.16
91 -0.90
92 -0.90
93 -0.80
94 -0.80
95 -1.20
96 -1.20
97 -1.35
98 -1.35
99 -0.85
100 -0.85
101 -1.18
102 -1.18
103 -1.28
104 -1.28
105 -1.14
106 -1.14
107 -1.36
108 -1.36
109 -0.95
110 -0.95
111 -0.63
112 -0.63
113 -1.39
114 -1.39
115 -1.21
116 -1.21
117 -1.35
118 -1.35
119 -0.46
120 -0.46
121 -1.11
122 -1.11
123 -0.94
124 -0.94
125 -0.51
126 -0.51
127 -0.88
128 -0.88
129 -0.56
130 -0.56
131 -1.04
132 -1.04
133 -1.51
134 -1.51
135 -1.04
136 -1.04
137 -1.61
138 -1.61
139 -0.51
140 -0.51
141 -1.21
142 -1.21
143 -0.98
144 -0.98
145 -0.95
146 -0.95
147 -1.39
148 -1.39
149 -1.15
150 -1.15
151 -1.06
152 -1.06
153 -0.91
154 -0.91
155 -1.12
156 -1.12
157 -1.13
158 -1.13
159 -0.80
160 -0.80
161 -0.27
162 -0.27
163 -0.46
164 -0.46
165 -0.46
166 -0.46
167 -0.47
168 -0.47
169 -0.59
170 -0.59
171 -1.05
172 -1.05
173 -1.56
174 -1.56
175 -1.14
176 -1.14
177 -1.73
178 -1.73
179 -1.17
180 -1.17
181 -1.28
182 -1.28
183 -0.86
184 -0.86
185 -0.29
186 -0.29
187 -0.50
188 -0.50
189 -1.74
190 -1.74
191 -1.08
192 -1.08
193 -0.78
194 -0.78
195 -0.81
196 -0.81
197 -0.65
198 -0.65
199 -1.09
200 -1.09
201 -0.31
202 -0.31
