1 0.29
2 0.29
3 0.31
4 0.31
5 0.00
6 0.00
7 -0.15
8 -0.15
9 -0.04
10 -0.04
11 -0.26
12 -0.26
13 0.44
14 0.44
15 0.02
16 0.02
17 0.25
18 0.25
19 0.04
20 0.04
21 0.08
22 0.08
23 -0.09
24 -0.09
25 0.41
26 0.41
27 0.05
28 0.05
29 -0.27
30 -0.27
31 0.57
32 0.57
33 0.54
34 0.54
35 -0.13
36 -0.13
37 0.21
38 0.21
39 0.40
40 0.40
41 0.17
42 0.17
43 0.39
44 0.39
45 0.04
46 0.04
47 -0.03
48 -0.03
49 0.37
50 0.37
51 0.35
52 0.35
53 -0.02
54 -0.02
55 0.23
56 0.23
57 0.10
58 0.10
59 0.16
60 0.16
61 0.22
62 0.22
63 0.10
64 0.10
65 -0.01
66 -0.01
67 0.58
68 0.58
69 0.34
70 0.34
71 0.08
72 0.08
73 0.37
74 0.37
75 -0.47
76 -0.47
77 0.15
78 0.15
79 -0.18
80 -0.18
81 -0.10
82 -0.10
83 -0.10
84 -0.10
85 0.53
86 0.53
87 0.23
88 0.23
89 -0.21
90 -0.21
91 -0.14
92 -0.14
93 -0.21
94 -0.21
95 0.38
96 0.38
97 0.50
98 0.50
99 0.22
100 0.22
101 -0.39
102 -0.39
103 0.01
104 0.01
105 0.04
106 0.04
107 0.47
108 0.47
109 -0.29
110 -0.29
111 0.65
112 0.65
113 0.42
114 0.42
115 0.29
116 0.29
117 0.17
118 0.17
119 -0.12
120 -0.12
121 -0.03
122 -0.03
123 -0.13
124 -0.13
125 -0.51
126 -0.51
127 0.46
128 0.46
129 0.92
130 0.92
131 0.37
132 0.37
133 -0.02
134 -0.02
135 -0.20
136 -0.20
137 0.56
138 0.56
139 -0.46
140 -0.46
141 0.43
142 0.43
143 -0.08
144 -0.08
145 0.26
146 0.26
147 -0.08
148 -0.08
149 0.02
150 0.02
151 0.23
152 0.23
153 0.62
154 0.62
155 0.23
156 0.23
157 -0.09
158 -0.09
159 -0.13
160 -0.13
161 -0.43
162 -0.43
163 -0.30
164 -0.30
165 0.44
166 0.44
167 -0.79
168 -0.79
169 -0.32
170 -0.32
171 0.03
172 0.03
173 0.31
174 0.31
175 -0.33
176 -0.33
177 0.47
178 0.47
179 0.27
180 0.27
181 0.12
182 0.12
183 0.23
184 0.23
185 -0.31
186 -0.31
187 -0.41
188 -0.41
189 0.33
190 0.33
191 0.04
192 0.04
193 0.26
194 0.26
195 -0.35
196 -0.35
197 0.09
198 0.09
199 0.16
200 0.16
201 -0.09
202 -0.09
