1 3.20
2 3.20
3 3.10
4 3.10
5 2.98
6 2.98
7 3.17
8 3.17
9 2.87
10 2.87
11 3.05
12 3.05
13 2.96
14 2.96
15 3.00
16 3.00
17 2.75
18 2.75
19 3.04
20 3.04
21 2.52
22 2.52
23 3.08
24 3.08
25 3.09
26 3.09
27 3.09
28 3.09
29 3.31
30 3.31
31 3.42
32 3.42
33 3.27
34 3.27
35 2.96
36 2.96
37 2.88
38 2.88
39 3.07
40 3.07
41 3.17
42 3.17
43 3.64
44 3.64
45 4.00
46 4.00
47 3.96
48 3.96
49 2.72
50 2.72
51 4.21
52 4.21
53 2.35
54 2.35
55 2.79
56 2.79
57 2.74
58 2.74
59 2.84
60 2.84
61 2.73
62 2.73
63 2.83
64 2.83
65 3.94
66 3.94
67 3.87
68 3.87
69 3.71
70 3.71
71 3.44
72 3.44
73 3.93
74 3.93
75 2.87
76 2.87
77 2.87
78 2.87
79 2.93
80 2.93
81 3.00
82 3.00
83 2.80
84 2.80
85 2.94
86 2.94
87 3.18
88 3.18
89 2.56
90 2.56
91 3.08
92 3.08
93 4.09
94 4.09
95 3.88
96 3.88
97 2.55
98 2.55
99 2.71
100 2.71
101 2.85
102 2.85
