1	173.22
2	170.68
3	169.96
4	164.73
5	168.21
6	165.47
7	163.78
8	164.08
9	161.48
10	167.53
11	175.70
12	165.38
13	164.10
14	170.51
15	165.69
16	164.41
17	164.23
18	167.61
19	168.68
20	171.05
21	165.65
22	170.62
23	164.37
24	172.28
25	168.80
26	169.02
27	171.33
28	170.88
29	168.19
30	166.77
31	173.12
32	168.10
33	174.87
34	173.70
35	172.43
36	173.97
37	161.86
38	169.35
39	162.65
40	167.58
41	164.13
42	166.31
43	179.26
44	162.75
45	167.21
46	166.08
47	170.92
48	169.43
49	166.74
50	170.79
51	163.68
