1	-81.24
2	-90.46
3	-86.95
4	-130.83
5	-101.53
6	-127.79
7	-131.04
8	-88.71
9	-104.61
10	-107.89
11	-125.07
12	-99.44
13	-88.65
14	-153.32
15	-159.87
16	-81.99
17	-122.02
18	-117.07
19	-96.64
20	-66.55
21	-93.88
22	-89.03
23	-109.17
24	-86.68
25	-98.13
26	-141.57
27	-78.61
28	-85.51
29	-135.91
30	-115.25
31	-115.87
32	-111.09
33	-157.34
34	-71.29
35	-67.21
36	-147.43
37	-97.73
38	-113.43
39	-105.89
40	-92.4
41	-120.87
42	-77.71
43	-79
44	-98.7
45	-114.38
46	-103.23
47	-81.35
48	-89.54
49	-83.58
50	-70
51	-81.93
