1	171.50
2	167.90
3	171.57
4	170.55
5	173.28
6	170.58
7	170.80
8	171.92
9	173.30
10	172.40
11	169.91
12	170.53
13	170.50
14	170.39
15	172.00
16	172.55
17	173.44
18	171.71
19	172.11
20	172.23
21	172.00
22	171.44
23	171.21
24	172.03
25	167.97
26	173.65
27	171.21
28	171.15
29	174.41
30	175.18
31	173.42
32	172.19
33	175.66
34	171.61
35	171.29
36	173.79
37	173.22
38	174.72
39	172.15
40	173.53
41	170.56
42	170.61
43	172.45
44	176.22
45	170.76
46	169.87
47	172.33
48	171.97
49	170.40
50	171.09
51	170.05
