1 0.02
2 0.02
3 -0.31
4 -0.31
5 -1.00
6 -1.00
7 -1.10
8 -1.10
9 -0.90
10 -0.90
11 -0.43
12 -0.43
13 -0.57
14 -0.57
15 -0.37
16 -0.37
17 -0.83
18 -0.83
19 -0.33
20 -0.33
21 -0.58
22 -0.58
23 -0.56
24 -0.56
25 -0.53
26 -0.53
27 0.05
28 0.05
29 -0.27
30 -0.27
31 -0.68
32 -0.68
33 -0.76
34 -0.76
35 -0.63
36 -0.63
37 -0.41
38 -0.41
39 -0.33
40 -0.33
41 -1.15
42 -1.15
43 -0.74
44 -0.74
45 -0.86
46 -0.86
47 -0.36
48 -0.36
49 -0.83
50 -0.83
51 -0.72
52 -0.72
53 -0.65
54 -0.65
55 -1.16
56 -1.16
57 -1.00
58 -1.00
59 -0.77
60 -0.77
61 -1.31
62 -1.31
63 -1.40
64 -1.40
65 -0.55
66 -0.55
67 -0.87
68 -0.87
69 -0.89
70 -0.89
71 -0.60
72 -0.60
73 -0.67
74 -0.67
75 -0.66
76 -0.66
77 -0.43
78 -0.43
79 -1.04
80 -1.04
81 -0.93
82 -0.93
83 -0.79
84 -0.79
85 -0.30
86 -0.30
87 -1.37
88 -1.37
89 -1.15
90 -1.15
91 -0.94
92 -0.94
93 -1.16
94 -1.16
95 -0.71
96 -0.71
97 -0.74
98 -0.74
99 -0.61
100 -0.61
101 -1.28
102 -1.28
103 -0.87
104 -0.87
105 -0.58
106 -0.58
107 -0.80
108 -0.80
109 -1.09
110 -1.09
111 -0.40
112 -0.40
113 -0.57
114 -0.57
115 -0.63
116 -0.63
117 0.05
118 0.05
119 -0.59
120 -0.59
121 0.15
122 0.15
123 -0.51
124 -0.51
125 -0.22
126 -0.22
127 -0.32
128 -0.32
129 -0.08
130 -0.08
131 -1.37
132 -1.37
133 -0.97
134 -0.97
135 -0.60
136 -0.60
137 -0.40
138 -0.40
139 -1.43
140 -1.43
141 -1.06
142 -1.06
143 -0.67
144 -0.67
145 0.13
146 0.13
147 -0.94
148 -0.94
149 -0.79
150 -0.79
151 -0.77
152 -0.77
153 -0.68
154 -0.68
155 -0.90
156 -0.90
157 -0.98
158 -0.98
159 -0.56
160 -0.56
161 -1.33
162 -1.33
163 -1.01
164 -1.01
165 -0.75
166 -0.75
167 -0.13
168 -0.13
169 -0.96
170 -0.96
171 -0.68
172 -0.68
173 -0.79
174 -0.79
175 -0.85
176 -0.85
177 -0.58
178 -0.58
179 -0.88
180 -0.88
181 -0.03
182 -0.03
183 -1.18
184 -1.18
185 -0.38
186 -0.38
187 -0.81
188 -0.81
189 0.02
190 0.02
191 -1.12
192 -1.12
193 -0.20
194 -0.20
195 -1.49
196 -1.49
197 -0.32
198 -0.32
199 -0.57
200 -0.57
201 -0.83
202 -0.83
