1	4.44
2	6.12
3	8.57
4	8.27
5	9.04
6	8.64
7	9.30
8	6.34
9	8.63
10	7.94
11	7.89
12	7.47
13	7.11
14	7.98
15	7.51
16	7.19
17	7.00
18	6.94
19	7.95
20	8.53
21	7.75
22	5.74
23	8.64
24	6.72
25	8.03
26	5.78
27	9.09
28	8.98
29	7.79
30	6.63
31	8.07
32	6.73
33	5.78
34	5.41
35	6.51
36	6.97
37	7.03
38	7.54
39	7.09
40	7.32
41	6.87
42	9.24
43	7.45
44	7.98
45	6.66
46	6.41
47	8.83
48	7.37
49	7.48
50	8.22
51	7.77
52	9.01
53	7.76
54	7.59
55	6.91
56	7.58
57	9.23
58	7.79
59	6.95
60	9.25
61	6.53
62	7.89
63	7.58
64	7.83
65	6.92
66	7.59
67	7.54
68	5.89
69	7.03
70	7.80
71	8.08
72	6.75
73	8.42
74	6.73
75	7.71
76	6.92
77	6.39
78	8.59
79	6.99
80	9.23
81	9.64
82	7.27
83	9.04
84	7.86
85	8.18
86	7.69
87	6.73
88	9.01
89	7.25
90	9.03
91	6.69
92	8.49
93	7.58
94	8.24
95	8.26
96	6.31
97	8.57
98	9.20
99	7.44
100	6.72
101	9.17
