1	3.29
2	3.08
3	2.93
4	4.00
5	3.31
6	3.71
7	2.58
8	2.78
9	2.88
10	2.16
11	3.62
12	3.23
13	3.72
14	4.19
15	4.00
16	3.48
17	2.88
18	3.60
19	4.05
20	3.76
21	3.85
22	3.52
23	2.38
24	3.38
25	4.02
26	3.85
27	3.79
28	2.83
29	2.53
30	3.13
31	3.51
32	3.38
33	4.37
34	3.58
35	2.73
36	3.85
37	2.38
38	2.82
39	3.17
40	3.47
41	3.30
42	3.78
43	3.55
44	3.45
45	3.40
46	2.25
47	2.96
48	3.23
49	3.02
50	3.91
51	3.12
52	1.99
53	2.94
54	3.73
55	3.46
56	3.81
57	3.62
58	1.91
59	3.31
60	2.32
61	2.65
62	2.46
63	3.35
64	2.35
65	2.62
66	2.97
67	2.61
68	3.63
69	3.63
70	3.75
71	3.68
72	2.64
73	2.84
74	3.47
75	2.81
76	3.44
77	3.42
78	3.84
79	3.48
80	3.21
81	3.39
82	3.08
83	2.98
84	2.56
85	3.91
86	3.88
87	4.10
88	3.42
89	3.99
90	2.86
91	2.88
92	3.49
93	3.14
94	3.53
95	2.98
96	4.31
97	3.06
98	3.83
99	3.94
100	3.69
101	4.57
