1	-69.35
2	-73.13
3	-93.61
4	-97.4
5	-135.47
6	-70.6
7	-116.03
8	-122.41
9	-113.58
10	-107.56
11	-42.86
12	-104.95
13	-106.58
14	-91.05
15	-54.64
16	-97.31
17	-153.82
18	-113.32
19	-98.01
20	-86.78
21	-110.57
22	-92.86
23	-73.72
24	-5.21000000000001
25	18.82
26	70.94
27	-69.49
28	-88.65
29	-93.43
30	-59.94
31	-91.03
32	-11.79
33	35.37
34	-77.18
35	-49.02
36	-130.42
37	-93.52
38	-105.07
39	-111.66
40	-48.48
41	-64.05
42	-105.94
43	-29.85
44	-78.57
45	-110.08
46	-71.92
47	-83.84
48	28.34
49	-26.8
50	-79.79
51	-142.2
52	-74.42
53	-43.74
54	-97.36
55	-79.42
56	23.11
57	-17.31
58	-138
59	-126.31
60	-144.28
61	-76.65
62	-41.8
63	-111.48
64	-49.56
65	-37.06
66	-103.1
67	-67.13
68	-119.94
69	-99.76
70	-45.59
71	-56
72	-80.83
73	60.11
74	-21.44
75	-77.62
76	-100.68
77	-146.7
78	-66.69
79	-94.84
80	-69.47
81	-109.88
82	-67.19
83	12.13
84	-92.81
85	-95.98
86	-131.74
87	-68.42
88	-83.84
89	-87.34
90	3.48000000000002
91	-20.38
92	-129.06
93	80.16
94	-12.81
95	-90.61
96	43.06
97	-93.22
98	-55.07
99	-79.34
100	-97.81
101	-82.84
