1	251.48
2	250.09
3	267.34
4	277.83
5	310.28
6	241.77
7	295.29
8	283.35
9	281.97
10	276.06
11	242.73
12	281.63
13	274.63
14	261.08
15	237.74
16	273.72
17	308.19
18	276.72
19	271.49
20	260.77
21	283.2
22	267.2
23	249.65
24	212.49
25	201.52
26	170.00
27	241.68
28	258.57
29	271.73
30	241.66
31	259.4
32	216.49
33	192.38
34	251.1
35	228.74
36	296.89
37	266.95
38	282.08
39	276.83
40	235.09
41	250.7
42	269.56
43	226.51
44	249.93
45	278.49
46	241.97
47	259.01
48	192.81
49	219.52
50	245.93
51	310.82
52	246.64
53	229.95
54	271.89
55	250.74
56	203.23
57	219.25
58	301.15
59	292.09
60	312.31
61	249.96
62	247.79
63	277.86
64	232.21
65	223.93
66	268.39
67	239.92
68	300.08
69	276.91
70	238.76
71	232.35
72	245.16
73	168.09
74	212.09
75	244.78
76	272.16
77	312.23
78	248.22
79	267.6
80	254.48
81	287.38
82	235.66
83	187.86
84	257.17
85	263.16
86	305.87
87	247.05
88	262.83
89	260.23
90	209.54
91	213.82
92	295.21
93	193.42
94	212.28
95	271.31
96	191.37
97	262.02
98	239.06
99	254.08
100	268.29
101	256.02
