1 0.26
2 0.26
3 0.44
4 0.44
5 0.35
6 0.35
7 0.19
8 0.19
9 0.15
10 0.15
11 0.20
12 0.20
13 0.30
14 0.30
15 0.30
16 0.30
17 0.52
18 0.52
19 0.45
20 0.45
21 0.32
22 0.32
23 0.33
24 0.33
25 0.28
26 0.28
27 0.24
28 0.24
29 0.18
30 0.18
31 0.18
32 0.18
33 0.25
34 0.25
35 0.32
36 0.32
37 0.30
38 0.30
39 0.27
40 0.27
41 0.34
42 0.34
43 0.49
44 0.49
45 0.31
46 0.31
47 0.32
48 0.32
49 0.31
50 0.31
51 0.24
52 0.24
53 0.26
54 0.26
55 0.35
56 0.35
57 0.20
58 0.20
59 0.33
60 0.33
61 0.25
62 0.25
63 0.10
64 0.10
65 0.30
66 0.30
67 0.21
68 0.21
69 0.31
70 0.31
71 0.27
72 0.27
73 0.32
74 0.32
75 0.23
76 0.23
77 0.32
78 0.32
79 0.43
80 0.43
81 0.32
82 0.32
83 0.28
84 0.28
85 0.49
86 0.49
87 0.36
88 0.36
89 0.26
90 0.26
91 0.28
92 0.28
93 0.21
94 0.21
95 0.38
96 0.38
97 0.32
98 0.32
99 0.27
100 0.27
101 0.15
102 0.15
