1 -2.02
2 -2.02
3 -0.46
4 -0.46
5 -0.09
6 -0.09
7 -1.87
8 -1.87
9 -1.66
10 -1.66
11 -1.20
12 -1.20
13 -1.35
14 -1.35
15 -1.20
16 -1.20
17 -0.99
18 -0.99
19 -0.62
20 -0.62
21 -1.32
22 -1.32
23 -1.47
24 -1.47
25 -2.32
26 -2.32
27 -1.85
28 -1.85
29 -0.54
30 -0.54
31 -1.29
32 -1.29
33 -1.48
34 -1.48
35 -2.38
36 -2.38
37 -2.60
38 -2.60
39 -1.14
40 -1.14
41 -1.94
42 -1.94
43 -2.13
44 -2.13
45 -0.63
46 -0.63
47 -1.56
48 -1.56
49 -0.36
50 -0.36
51 -1.97
52 -1.97
53 -1.46
54 -1.46
55 -1.97
56 -1.97
57 -2.88
58 -2.88
59 -1.90
60 -1.90
61 -1.52
62 -1.52
63 -1.44
64 -1.44
65 -2.18
66 -2.18
67 -2.17
68 -2.17
69 -2.65
70 -2.65
71 -2.73
72 -2.73
73 -1.01
74 -1.01
75 -1.95
76 -1.95
77 -1.34
78 -1.34
79 -2.22
80 -2.22
81 -0.14
82 -0.14
83 -0.23
84 -0.23
85 -2.03
86 -2.03
87 -1.15
88 -1.15
89 -1.03
90 -1.03
91 -0.60
92 -0.60
93 -2.03
94 -2.03
95 -1.92
96 -1.92
97 -0.53
98 -0.53
99 -2.26
100 -2.26
101 -1.12
102 -1.12
