1	4.49
2	8.06
3	4.95
4	6.39
5	6.99
6	4.26
7	7.25
8	5.88
9	5.49
10	6.56
11	6.03
12	5.98
13	6.20
14	5.08
15	6.41
16	8.37
17	6.95
18	5.86
19	6.74
20	5.95
21	5.19
22	6.06
23	6.18
24	6.21
25	7.17
26	5.96
27	6.35
28	6.10
29	6.68
30	4.51
31	7.05
32	5.62
33	7.24
34	4.76
35	6.65
36	4.53
37	6.51
38	5.62
39	5.00
40	6.20
41	4.09
42	8.29
43	6.38
44	6.33
45	5.19
46	6.37
47	5.15
48	6.43
49	4.61
50	5.21
51	8.09
52	6.42
53	7.05
54	7.64
55	4.28
56	5.67
57	8.10
58	4.27
59	6.88
60	6.86
61	7.03
62	4.17
63	6.65
64	6.54
65	5.17
66	4.09
67	5.58
68	5.45
69	4.99
70	7.47
71	5.46
72	6.14
73	6.29
74	6.24
75	7.56
76	7.27
77	7.48
78	6.43
79	4.13
80	5.91
81	7.81
82	6.49
83	7.77
84	7.37
85	6.99
86	4.48
87	5.66
88	7.79
89	6.77
90	6.86
91	4.83
92	7.31
93	7.32
94	6.94
95	6.67
96	7.94
97	5.70
98	5.87
99	5.95
100	4.82
101	8.22
