1	-0.99
2	5.59
3	1.78
4	2.55
5	-1.05
6	-0.57
7	-9.21
8	-2.60
9	-3.04
10	-4.35
11	0.37
12	-2.14
13	-4.46
14	-0.75
15	-2.12
16	-2.61
17	-0.77
18	-0.91
19	-2.32
20	-2.31
21	-14.06
22	-1.72
23	-5.62
24	-2.07
25	-4.37
26	-4.99
27	-2.21
28	0.89
29	-9.48
30	-4.52
31	-5.14
32	-9.10
33	-2.27
34	1.11
35	-1.72
36	-3.32
37	-1.24
38	-1.49
39	-0.91
40	-5.32
41	-2.17
42	-4.03
43	2.73
44	0.07
45	1.19
46	-10.94
47	-3.17
48	-0.49
49	-6.36
50	4.76
51	2.58
52	-3.47
53	1.75
54	-5.57
55	3.94
56	-3.43
57	-2.47
58	5.88
59	7.04
60	7.72
61	-3.08
62	-1.08
63	2.70
64	4.68
65	2.92
66	-1.81
67	-7.48
68	-4.22
69	-6.11
70	0.61
71	0.58
72	8.61
73	7.16
74	-4.89
75	0.10
76	-4.41
77	-4.25
78	-3.54
79	0.07
80	3.03
81	1.81
82	8.03
83	-0.03
84	2.07
85	-0.43
86	-4.78
87	-3.20
88	-9.25
89	5.52
90	0.75
91	-2.53
92	-5.89
93	0.96
94	-13.87
95	-3.59
96	-1.64
97	-4.15
98	1.93
99	-5.60
100	-6.89
101	-2.12
