1	-9.23
2	-5.36
3	-5.93
4	-4.51
5	-10.86
6	-17.98
7	0.00
8	-7.74
9	-9.75
10	-6.47
11	-5.87
12	7.07
13	-11.74
14	-6.67
15	-8.91
16	3.36
17	-6.41
18	-3.88
19	-5.67
20	-5.59
21	-16.05
22	-5.57
23	-2.96
24	0.52
25	-8.04
26	-3.77
27	-7.12
28	-3.56
29	-5.01
30	-1.43
31	-4.84
32	-6.75
33	-9.98
34	1.09
35	-8.59
36	-9.82
37	-1.55
38	1.00
39	-8.99
40	-5.42
41	2.57
42	-1.77
43	-5.62
44	-9.46
45	-4.92
46	-14.62
47	-6.09
48	-10.54
49	-13.08
50	-12.18
51	-10.53
52	-15.27
53	-10.30
54	-7.00
55	-8.93
56	-6.96
57	-10.05
58	-2.10
59	-11.62
60	-14.45
61	-4.86
62	-14.65
63	-10.61
64	-15.33
65	-5.41
66	-7.75
67	-6.32
68	-11.46
69	-11.39
70	-9.45
71	-7.93
72	-8.68
73	-5.51
74	-12.02
75	-20.75
76	-8.48
77	-1.37
78	-5.61
79	-4.14
80	-9.33
81	-3.70
82	-8.20
83	-2.25
84	-11.52
85	-12.48
86	-5.15
87	3.23
88	-0.87
89	-4.34
90	-18.55
91	-2.17
92	-21.02
93	-19.94
94	-10.33
95	-3.84
96	-16.90
97	-8.51
98	1.71
99	1.59
100	-4.04
101	-7.98
