1	0.20
2	0.36
3	0.10
4	0.01
5	0.18
6	0.11
7	0.32
8	0.25
9	0.11
10	0.19
11	0.21
12	-0.29
13	0.26
14	0.23
15	0.13
16	0.01
17	0.18
18	0.45
19	0.39
20	0.12
21	0.29
22	0.09
23	0.20
24	0.26
25	0.18
26	0.10
27	0.19
28	0.25
29	0.20
30	0.17
31	0.03
32	0.17
33	0.51
34	0.20
35	0.07
36	0.27
37	-0.04
38	-0.22
39	0.02
40	0.16
41	0.05
42	-0.04
43	0.05
44	0.25
45	0.34
46	0.19
47	0.19
48	0.31
49	0.25
50	0.24
51	0.26
52	0.12
53	0.17
54	0.31
55	0.33
56	0.00
57	0.03
58	0.01
59	0.13
60	0.07
61	0.10
62	0.22
63	-0.05
64	-0.08
65	0.25
66	0.44
67	0.04
68	0.11
69	0.29
70	0.26
71	0.24
72	-0.17
73	0.20
74	0.35
75	0.16
76	0.01
77	-0.10
78	0.14
79	0.12
80	0.26
81	0.34
82	0.33
83	0.35
84	0.18
85	-0.04
86	0.16
87	0.01
88	0.19
89	0.22
90	0.15
91	0.04
92	0.18
93	0.35
94	0.44
95	0.42
96	-0.14
97	-0.01
98	0.39
99	0.11
100	0.32
101	0.11
