  -0.59   0.12   4.48  -2.43 -21.11  30.51
  -0.59   0.12   4.48  -2.43 -21.11  30.51
  -0.89  -0.09   4.13  -2.01  -2.33  31.97
  -0.89  -0.09   4.13  -2.01  -2.33  31.97
   0.84  -0.65   4.27   5.51 -15.74  24.18
   0.84  -0.65   4.27   5.51 -15.74  24.18
   0.10  -0.98   3.66   2.88  -2.82  35.13
   0.10  -0.98   3.66   2.88  -2.82  35.13
  -0.34  -0.34   3.33 -10.40 -22.33  44.19
  -0.34  -0.34   3.33 -10.40 -22.33  44.19
  -0.26  -0.73   3.23  -3.97  -5.40  34.26
  -0.26  -0.73   3.23  -3.97  -5.40  34.26
  -0.88  -0.31   3.09 -12.18 -14.04  43.74
  -0.88  -0.31   3.09 -12.18 -14.04  43.74
  -0.04  -0.66   3.43   2.04   0.07  34.72
  -0.04  -0.66   3.43   2.04   0.07  34.72
   0.29  -0.11   3.91   5.00 -10.96  37.27
   0.29  -0.11   3.91   5.00 -10.96  37.27
  -1.65  -0.41   3.56  -8.28 -16.77  42.77
  -1.65  -0.41   3.56  -8.28 -16.77  42.77
  -0.91  -0.51   3.55  -9.53 -11.15  35.54
  -0.91  -0.51   3.55  -9.53 -11.15  35.54
