  -0.23   0.10   3.97   0.11   3.14  33.30
  -0.23   0.10   3.97   0.11   3.14  33.30
  -0.77   0.03   4.48  -0.52   8.64  29.12
  -0.77   0.03   4.48  -0.52   8.64  29.12
  -0.13  -0.20   3.65   1.24  24.06  26.30
  -0.13  -0.20   3.65   1.24  24.06  26.30
  -0.03   0.23   2.68   0.72  25.28  20.25
  -0.03   0.23   2.68   0.72  25.28  20.25
   0.24  -0.17   3.02   1.68  26.73  20.31
   0.24  -0.17   3.02   1.68  26.73  20.31
  -0.50   0.17   3.52   2.78  35.17  12.69
  -0.50   0.17   3.52   2.78  35.17  12.69
   0.08   0.49   3.78   3.41  17.31  19.66
   0.08   0.49   3.78   3.41  17.31  19.66
  -0.46  -0.02   3.78   1.52  12.21  23.32
  -0.46  -0.02   3.78   1.52  12.21  23.32
   0.24  -0.23   3.18   0.58  29.65  14.44
   0.24  -0.23   3.18   0.58  29.65  14.44
   0.36   0.01   3.28  -0.33  11.13  18.82
   0.36   0.01   3.28  -0.33  11.13  18.82
  -0.37   0.14   2.81   2.69  33.94  18.02
  -0.37   0.14   2.81   2.69  33.94  18.02
