  -0.38  -0.27   2.47  -2.11   7.22  27.48
  -0.38  -0.27   2.47  -2.11   7.22  27.48
  -0.40  -0.07   3.05   0.16  25.91  28.46
  -0.40  -0.07   3.05   0.16  25.91  28.46
   0.08   0.02   4.10   1.24 -30.70  34.84
   0.08   0.02   4.10   1.24 -30.70  34.84
   0.01  -0.22   3.72   1.44 -11.11  37.59
   0.01  -0.22   3.72   1.44 -11.11  37.59
  -0.81  -0.49   4.02  -2.64 -15.90  36.11
  -0.81  -0.49   4.02  -2.64 -15.90  36.11
  -0.71  -0.26   3.02  -1.46   4.35  25.62
  -0.71  -0.26   3.02  -1.46   4.35  25.62
  -0.09   0.06   2.22   0.68  34.58  25.76
  -0.09   0.06   2.22   0.68  34.58  25.76
  -0.45  -0.28   2.50  -1.17  -1.48  27.88
  -0.45  -0.28   2.50  -1.17  -1.48  27.88
  -0.40  -0.39   3.01  -4.01  -4.82  29.50
  -0.40  -0.39   3.01  -4.01  -4.82  29.50
  -0.30  -0.47   2.81   1.10  -2.95  38.78
  -0.30  -0.47   2.81   1.10  -2.95  38.78
  -0.57  -0.59   3.78  -3.15 -15.32  35.63
  -0.57  -0.59   3.78  -3.15 -15.32  35.63
