   0.11  -0.05   3.42  -0.69 -11.03  31.22
   0.11  -0.05   3.42  -0.69 -11.03  31.22
   0.23  -0.22   2.86   2.67  23.65  33.22
   0.23  -0.22   2.86   2.67  23.65  33.22
   0.76  -0.25   4.19   5.79 -14.82  38.66
   0.76  -0.25   4.19   5.79 -14.82  38.66
   0.67  -0.35   3.42   3.32   3.95  31.13
   0.67  -0.35   3.42   3.32   3.95  31.13
   0.57   0.23   4.88   4.75 -35.32  42.80
   0.57   0.23   4.88   4.75 -35.32  42.80
   0.45  -1.04   4.17   4.53 -11.11  40.85
   0.45  -1.04   4.17   4.53 -11.11  40.85
   0.40  -0.99   3.48   8.63  -0.22  35.60
   0.40  -0.99   3.48   8.63  -0.22  35.60
   0.11  -0.98   3.18   5.32  -5.70  34.20
   0.11  -0.98   3.18   5.32  -5.70  34.20
   0.12  -0.54   3.70   1.98  -8.99  38.58
   0.12  -0.54   3.70   1.98  -8.99  38.58
   0.34  -0.43   4.41   4.66 -20.88  38.93
   0.34  -0.43   4.41   4.66 -20.88  38.93
  -0.04  -0.61   3.78   7.50   4.51  36.79
  -0.04  -0.61   3.78   7.50   4.51  36.79
