  -0.41   0.12   3.26  -0.63  -3.01  31.49
  -0.41   0.12   3.26  -0.63  -3.01  31.49
  -0.13   0.47   3.57  -1.21   0.27  34.64
  -0.13   0.47   3.57  -1.21   0.27  34.64
  -0.72   0.83   3.22  -4.92  -6.16  30.43
  -0.72   0.83   3.22  -4.92  -6.16  30.43
  -0.97   0.29   3.51  -0.79  -0.19  28.42
  -0.97   0.29   3.51  -0.79  -0.19  28.42
  -0.47   0.36   3.89  -4.02  -7.61  33.65
  -0.47   0.36   3.89  -4.02  -7.61  33.65
  -0.05  -0.83   3.29   1.94  10.30  34.50
  -0.05  -0.83   3.29   1.94  10.30  34.50
  -0.24   0.30   3.81   3.42   4.38  25.19
  -0.24   0.30   3.81   3.42   4.38  25.19
   0.25   0.40   3.04  -0.98  26.79  18.00
   0.25   0.40   3.04  -0.98  26.79  18.00
  -0.31   0.80   3.62  -5.84 -12.35  26.94
  -0.31   0.80   3.62  -5.84 -12.35  26.94
  -0.17   0.22   3.26  -4.30  -0.02  27.56
  -0.17   0.22   3.26  -4.30  -0.02  27.56
  -0.67   0.56   4.91  -0.15 -31.19  40.43
  -0.67   0.56   4.91  -0.15 -31.19  40.43
