   0.49  -0.10   2.63  -1.49  11.96  30.16
   0.49  -0.10   2.63  -1.49  11.96  30.16
   0.85   0.43   2.31   0.55  29.65  32.89
   0.85   0.43   2.31   0.55  29.65  32.89
   0.22   0.14   2.49   0.07  27.73  26.27
   0.22   0.14   2.49   0.07  27.73  26.27
   0.16   0.48   2.03  -2.42  30.53  12.13
   0.16   0.48   2.03  -2.42  30.53  12.13
   0.53  -0.34   3.42  -0.40 -10.81  35.42
   0.53  -0.34   3.42  -0.40 -10.81  35.42
   0.70   0.37   2.96   9.16   1.57  31.95
   0.70   0.37   2.96   9.16   1.57  31.95
   0.34  -0.26   1.76   2.04  34.76  21.90
   0.34  -0.26   1.76   2.04  34.76  21.90
   0.81   0.21   2.27  -0.61  36.89  28.46
   0.81   0.21   2.27  -0.61  36.89  28.46
   0.77   0.20   0.86  -3.19  44.27  13.02
   0.77   0.20   0.86  -3.19  44.27  13.02
   0.32   0.18   2.38   5.43   8.75  38.94
   0.32   0.18   2.38   5.43   8.75  38.94
   0.74  -0.35   4.32   3.63 -21.15  28.71
   0.74  -0.35   4.32   3.63 -21.15  28.71
