  -0.05  -0.25   3.38   0.25  -0.44  31.05
  -0.05  -0.25   3.38   0.25  -0.44  31.05
   0.33  -1.03   3.80   0.44 -25.00  34.49
   0.33  -1.03   3.80   0.44 -25.00  34.49
  -0.64  -0.61   3.74   3.84 -29.27  39.88
  -0.64  -0.61   3.74   3.84 -29.27  39.88
   0.51  -0.02   4.58   5.72 -41.01  42.81
   0.51  -0.02   4.58   5.72 -41.01  42.81
   1.15  -0.01   4.20   4.67 -44.69  40.83
   1.15  -0.01   4.20   4.67 -44.69  40.83
  -0.38  -0.44   2.95   2.74   7.79  29.26
  -0.38  -0.44   2.95   2.74   7.79  29.26
   0.34  -0.51   3.38  -2.67  -6.91  33.01
   0.34  -0.51   3.38  -2.67  -6.91  33.01
  -0.15  -0.09   3.77   3.54 -12.43  33.28
  -0.15  -0.09   3.77   3.54 -12.43  33.28
   0.36  -0.16   3.98   4.22 -37.83  39.78
   0.36  -0.16   3.98   4.22 -37.83  39.78
   0.98  -0.06   4.39   4.11 -25.33  37.71
   0.98  -0.06   4.39   4.11 -25.33  37.71
   0.01  -0.34   3.35   2.12  20.58  24.45
   0.01  -0.34   3.35   2.12  20.58  24.45
