1	153.81
2	144.22
3	136.04
4	140.97
5	141.81
6	139.70
7	152.49
8	149.23
9	144.72
10	145.87
11	129.78
12	117.17
13	150.72
14	139.47
15	146.89
16	143.47
17	129.39
18	146.80
19	159.58
20	115.71
21	138.04
22	152.25
23	133.19
24	134.67
25	166.84
26	134.30
27	114.59
28	105.12
29	144.14
30	98.54
31	122.43
32	141.71
33	132.77
34	148.58
35	148.35
36	149.17
37	145.28
38	101.88
39	136.58
40	114.67
41	120.84
42	122.23
43	142.46
44	139.64
45	139.33
46	141.60
47	151.97
48	143.49
49	155.89
50	147.53
51	119.82
