1	5.68
2	4.91
3	4.13
4	6.09
5	5.87
6	6.42
7	4.76
8	4.56
9	5.03
10	5.11
11	5.71
12	5.22
13	5.73
14	4.56
15	5.35
16	2.65
17	4.47
18	5.62
19	5.35
20	4.25
21	5.32
22	4.21
23	5.36
24	4.66
25	6.21
26	5.79
27	5.65
28	5.45
29	3.83
30	6.45
31	5.60
32	5.87
33	4.00
34	5.92
35	5.44
36	5.17
37	5.06
38	5.66
39	6.35
40	5.53
41	5.06
42	6.21
43	4.91
44	5.71
45	5.79
46	5.73
47	6.63
48	6.34
49	6.51
50	6.00
51	6.19
52	5.79
53	6.34
54	6.04
55	6.17
56	5.34
57	4.91
58	5.37
59	5.99
60	5.80
61	4.36
62	5.09
63	3.66
64	4.78
65	5.24
66	5.68
67	5.23
68	4.91
69	5.99
70	6.06
71	4.72
72	4.96
73	4.93
74	5.57
75	4.54
76	5.22
77	3.46
78	3.58
79	5.10
80	4.92
81	5.86
82	5.83
83	5.24
84	5.01
85	5.48
86	5.33
87	5.66
88	4.29
89	4.62
90	5.27
91	4.05
92	5.02
93	6.44
94	5.39
95	4.75
96	5.21
97	5.74
98	6.58
99	5.23
100	5.97
101	4.79
