1 -1.91
2 -1.91
3 -1.22
4 -1.22
5 -1.82
6 -1.82
7 -2.31
8 -2.31
9 -2.93
10 -2.93
11 -2.22
12 -2.22
13 -2.12
14 -2.12
15 -2.68
16 -2.68
17 -1.33
18 -1.33
19 -1.51
20 -1.51
21 -1.91
22 -1.91
23 -2.19
24 -2.19
25 -2.06
26 -2.06
27 -1.05
28 -1.05
29 -2.38
30 -2.38
31 -1.97
32 -1.97
33 -1.42
34 -1.42
35 -0.44
36 -0.44
37 -1.49
38 -1.49
39 -0.73
40 -0.73
41 -0.85
42 -0.85
43 -0.95
44 -0.95
45 -1.86
46 -1.86
47 -1.39
48 -1.39
49 -0.58
50 -0.58
51 -2.18
52 -2.18
53 -1.84
54 -1.84
55 -0.82
56 -0.82
57 -1.13
58 -1.13
59 -0.91
60 -0.91
61 -0.95
62 -0.95
63 -2.21
64 -2.21
65 -2.63
66 -2.63
67 -1.22
68 -1.22
69 -0.94
70 -0.94
71 -1.26
72 -1.26
73 -1.60
74 -1.60
75 -2.43
76 -2.43
77 -1.89
78 -1.89
79 -1.19
80 -1.19
81 -1.73
82 -1.73
83 -1.87
84 -1.87
85 -0.30
86 -0.30
87 -0.63
88 -0.63
89 -1.93
90 -1.93
91 -1.63
92 -1.63
93 -1.00
94 -1.00
95 -2.67
96 -2.67
97 -1.64
98 -1.64
99 -1.13
100 -1.13
101 -1.94
102 -1.94
