1	163.80
2	176.21
3	172.55
4	179.30
5	176.84
6	146.91
7	168.08
8	149.23
9	136.96
10	172.01
11	165.39
12	145.15
13	170.80
14	159.79
15	134.86
16	196.37
17	178.47
18	165.72
19	150.22
20	170.37
21	134.85
22	139.29
23	168.92
24	173.84
25	139.99
26	168.39
27	142.35
28	151.02
29	156.08
30	167.74
31	151.63
32	149.26
33	158.57
34	189.06
35	173.13
36	163.83
37	157.78
38	151.25
39	150.51
40	160.75
41	162.63
42	175.34
43	153.83
44	164.02
45	170.67
46	180.97
47	167.60
48	170.95
49	149.59
50	174.84
51	160.07
