1	169.65
2	179.24
3	185.53
4	171.63
5	168.04
6	162.08
7	180.14
8	175.88
9	168.82
10	181.41
11	172.07
12	167.83
13	179.96
14	173.46
15	174.19
16	172.25
17	175.12
18	168.95
19	168.47
20	176.37
21	171.22
22	177.54
23	171.01
24	165.73
25	183.03
26	172.05
27	175.09
28	186.1
29	172.83
30	178.60
31	171.34
32	178.06
33	170.93
34	172.02
35	176.67
36	183.37
37	179.74
38	179.74
39	175.11
40	168.75
41	172.20
42	173.22
43	177.22
44	180.12
45	169.86
46	180.76
47	179.81
48	178.64
49	171.94
50	177.18
51	169.09
