1 0.29
2 0.29
3 0.16
4 0.16
5 0.37
6 0.37
7 0.38
8 0.38
9 -0.08
10 -0.08
11 0.61
12 0.61
13 0.12
14 0.12
15 0.39
16 0.39
17 0.51
18 0.51
19 0.23
20 0.23
21 0.81
22 0.81
23 -0.23
24 -0.23
25 0.27
26 0.27
27 0.56
28 0.56
29 0.05
30 0.05
31 -0.04
32 -0.04
33 0.38
34 0.38
35 0.39
36 0.39
37 0.06
38 0.06
39 0.53
40 0.53
41 0.85
42 0.85
43 0.38
44 0.38
45 0.30
46 0.30
47 0.12
48 0.12
49 -0.10
50 -0.10
51 0.57
52 0.57
53 0.07
54 0.07
55 0.29
56 0.29
57 0.56
58 0.56
59 0.44
60 0.44
61 0.21
62 0.21
63 0.50
64 0.50
65 0.38
66 0.38
67 0.53
68 0.53
69 0.62
70 0.62
71 0.27
72 0.27
73 0.05
74 0.05
75 0.33
76 0.33
77 0.36
78 0.36
79 0.10
80 0.10
81 0.32
82 0.32
83 0.12
84 0.12
85 0.51
86 0.51
87 0.38
88 0.38
89 0.44
90 0.44
91 0.05
92 0.05
93 -0.11
94 -0.11
95 0.17
96 0.17
97 -0.09
98 -0.09
99 0.46
100 0.46
101 0.03
102 0.03
103 0.52
104 0.52
105 -0.32
106 -0.32
107 0.41
108 0.41
109 0.45
110 0.45
111 0.40
112 0.40
113 0.45
114 0.45
115 0.66
116 0.66
117 0.19
118 0.19
119 0.46
120 0.46
121 0.53
122 0.53
123 1.15
124 1.15
125 0.59
126 0.59
127 0.60
128 0.60
129 0.59
130 0.59
131 0.15
132 0.15
133 0.44
134 0.44
135 0.23
136 0.23
137 0.54
138 0.54
139 0.59
140 0.59
141 0.83
142 0.83
143 0.10
144 0.10
145 0.38
146 0.38
147 0.47
148 0.47
149 0.24
150 0.24
151 0.15
152 0.15
153 0.33
154 0.33
155 0.19
156 0.19
157 0.33
158 0.33
159 0.50
160 0.50
161 0.09
162 0.09
163 0.16
164 0.16
165 -0.18
166 -0.18
167 0.03
168 0.03
169 0.26
170 0.26
171 0.27
172 0.27
173 0.34
174 0.34
175 0.26
176 0.26
177 0.59
178 0.59
179 0.73
180 0.73
181 0.60
182 0.60
183 0.13
184 0.13
185 0.26
186 0.26
187 -0.03
188 -0.03
189 -0.12
190 -0.12
191 0.19
192 0.19
193 -0.23
194 -0.23
195 -0.05
196 -0.05
197 -0.12
198 -0.12
199 0.34
200 0.34
201 -0.20
202 -0.20
