1	5.84
2	3.84
3	4.54
4	4.33
5	3.92
6	3.47
7	4.39
8	3.96
9	4.68
10	4.32
11	3.90
12	3.47
13	2.78
14	3.52
15	5.16
16	4.44
17	5.17
18	4.87
19	4.59
20	4.39
21	3.59
22	5.02
23	4.33
24	4.94
25	4.99
26	5.56
27	5.00
28	3.73
29	4.55
30	3.47
31	3.35
32	3.70
33	4.21
34	3.61
35	4.73
36	4.99
37	4.76
38	4.40
39	5.14
40	4.07
41	4.66
42	5.34
43	3.67
44	4.87
45	5.18
46	4.42
47	4.44
48	5.06
49	3.87
50	5.27
51	5.67
52	4.64
53	4.41
54	4.71
55	5.12
56	4.95
57	4.14
58	4.66
59	3.61
60	5.28
61	4.59
62	4.66
63	4.50
64	4.06
65	4.78
66	5.08
67	3.19
68	5.22
69	3.38
70	4.43
71	3.28
72	3.13
73	4.90
74	5.06
75	4.33
76	4.42
77	5.49
78	4.52
79	3.82
80	3.80
81	3.67
82	4.21
83	3.50
84	3.24
85	5.09
86	4.86
87	4.31
88	4.22
89	4.56
90	4.33
91	4.10
92	3.44
93	3.80
94	3.25
95	3.61
96	4.22
97	3.91
98	3.34
99	4.79
100	4.51
101	4.51
