2	AT  -1.04   0.60
3	TA  -0.93   0.60
4	TA  -0.30   0.50
5	AT  -1.37   0.50
6	CG  -0.41   0.50
7	AT  -1.18   0.50
8	TA  -1.29   0.50
9	AT  -1.25   0.50
10	CG  -0.28   0.50
11	AT  -1.58   0.60
12	TA  -1.39   0.50
13	AT  -1.06   0.60
14	CG  -0.25   0.50
15	AT  -1.10   0.40
16	GC  -0.73   0.40
17	AT  -1.13   0.50
18	TA  -0.93   0.50
19	TA  -0.38   0.50
20	AT  -1.26   0.50
21	CG  -0.08   0.50
22	AT  -1.12   0.60
23	TA  -1.35   0.50
24	AT  -1.40   0.50
25	CG  -0.55   0.50
26	AT  -1.58   0.60
27	TA  -1.58   0.60
28	AT  -1.45   0.60
29	CG  -0.58   0.80
